1.00000000e-06	0.00000000e+00	1.00000000e-04
1.00000100e+00	4.91332565e-06	1.00000000e-04
2.00000100e+00	5.30637912e-05	9.99994616e-05
3.00000100e+00	1.91618687e-04	9.99975667e-05
4.00000100e+00	4.67742613e-04	9.99941827e-05
5.00000100e+00	9.28594838e-04	9.99892608e-05
6.00000100e+00	1.62132660e-03	9.99827779e-05
7.00000100e+00	2.59307840e-03	9.99747214e-05
8.00000100e+00	3.89097730e-03	9.99650838e-05
9.00000100e+00	5.56213420e-03	9.99538603e-05
1.00000010e+01	7.65364111e-03	9.99410479e-05
1.10000010e+01	1.02125685e-02	9.99266446e-05
1.20000010e+01	1.32859624e-02	9.99106490e-05
1.30000010e+01	1.69208420e-02	9.98930604e-05
1.40000010e+01	2.11641967e-02	9.98738785e-05
1.50000010e+01	2.60629833e-02	9.98531032e-05
1.60000010e+01	3.16641236e-02	9.98307345e-05
1.70000010e+01	3.80145015e-02	9.98067730e-05
1.80000010e+01	4.51609604e-02	9.97812192e-05
1.90000010e+01	5.31503002e-02	9.97540738e-05
2.00000010e+01	6.20292750e-02	9.97253376e-05
2.10000010e+01	7.18445903e-02	9.96950116e-05
2.20000010e+01	8.26428999e-02	9.96630968e-05
2.30000010e+01	9.44708039e-02	9.96295946e-05
2.40000010e+01	1.07374845e-01	9.95945062e-05
2.50000010e+01	1.21401508e-01	9.95578329e-05
2.60000010e+01	1.36597214e-01	9.95195763e-05
2.70000010e+01	1.53008319e-01	9.94797380e-05
2.80000010e+01	1.70681114e-01	9.94383195e-05
2.90000010e+01	1.89661816e-01	9.93953228e-05
3.00000010e+01	2.09996574e-01	9.93507495e-05
3.10000010e+01	2.31731457e-01	9.93046017e-05
3.20000010e+01	2.54912458e-01	9.92568813e-05
3.30000010e+01	2.79585489e-01	9.92075903e-05
3.40000010e+01	3.05796379e-01	9.91567311e-05
3.50000010e+01	3.33590871e-01	9.91043057e-05
3.60000010e+01	3.63014618e-01	9.90503166e-05
3.70000010e+01	3.94113183e-01	9.89947660e-05
3.80000010e+01	4.26932034e-01	9.89376566e-05
3.90000010e+01	4.61516544e-01	9.88789907e-05
4.00000010e+01	4.97911984e-01	9.88187711e-05
4.10000010e+01	5.36163527e-01	9.87570004e-05
4.20000010e+01	5.76316239e-01	9.86936814e-05
4.30000010e+01	6.18415079e-01	9.86288169e-05
4.40000010e+01	6.62504899e-01	9.85624098e-05
4.50000010e+01	7.08630435e-01	9.84944631e-05
4.60000010e+01	7.56836311e-01	9.84249799e-05
4.70000010e+01	8.07167034e-01	9.83539633e-05
4.80000010e+01	8.59666989e-01	9.82814165e-05
4.90000010e+01	9.14380441e-01	9.82073427e-05
5.00000010e+01	9.71351529e-01	9.81317454e-05
5.10000010e+01	1.03062426e+00	9.80546278e-05
5.20000010e+01	1.09224253e+00	9.79759935e-05
5.30000010e+01	1.15625007e+00	9.78958461e-05
5.40000010e+01	1.22269051e+00	9.78141891e-05
5.50000010e+01	1.29160732e+00	9.77310262e-05
5.60000010e+01	1.36304383e+00	9.76463612e-05
5.70000010e+01	1.43704324e+00	9.75601979e-05
5.80000010e+01	1.51364861e+00	9.74725402e-05
5.90000010e+01	1.59290283e+00	9.73833921e-05
6.00000010e+01	1.67484866e+00	9.72927575e-05
6.10000010e+01	1.75952869e+00	9.72006406e-05
6.20000010e+01	1.84698538e+00	9.71070456e-05
6.30000010e+01	1.93726101e+00	9.70119765e-05
6.40000010e+01	2.03039771e+00	9.69154378e-05
6.50000010e+01	2.12643745e+00	9.68174338e-05
6.60000010e+01	2.22542203e+00	9.67179689e-05
6.70000010e+01	2.32739309e+00	9.66170476e-05
6.80000010e+01	2.43239209e+00	9.65146744e-05
6.90000010e+01	2.54046034e+00	9.64108540e-05
7.00000010e+01	2.65163896e+00	9.63055910e-05
7.10000010e+01	2.76596889e+00	9.61988902e-05
7.20000010e+01	2.88349090e+00	9.60907563e-05
7.30000010e+01	3.00424557e+00	9.59811942e-05
7.40000010e+01	3.12827333e+00	9.58702089e-05
7.50000010e+01	3.25561437e+00	9.57578053e-05
7.60000010e+01	3.38630875e+00	9.56439885e-05
7.70000010e+01	3.52039629e+00	9.55287636e-05
7.80000010e+01	3.65791665e+00	9.54121358e-05
7.90000010e+01	3.79890929e+00	9.52941102e-05
8.00000010e+01	3.94341346e+00	9.51746922e-05
8.10000010e+01	4.09146824e+00	9.50538872e-05
8.20000010e+01	4.24311247e+00	9.49317004e-05
8.30000010e+01	4.39838482e+00	9.48081375e-05
8.40000010e+01	4.55732374e+00	9.46832039e-05
8.50000010e+01	4.71996748e+00	9.45569052e-05
8.60000010e+01	4.88635407e+00	9.44292470e-05
8.70000010e+01	5.05652133e+00	9.43002351e-05
8.80000010e+01	5.23050688e+00	9.41698751e-05
8.90000010e+01	5.40834811e+00	9.40381729e-05
9.00000010e+01	5.59008221e+00	9.39051344e-05
9.10000010e+01	5.77574612e+00	9.37707655e-05
9.20000010e+01	5.96537658e+00	9.36350720e-05
9.30000010e+01	6.15901010e+00	9.34980602e-05
9.40000010e+01	6.35668298e+00	9.33597360e-05
9.50000010e+01	6.55843126e+00	9.32201056e-05
9.60000010e+01	6.76429078e+00	9.30791751e-05
9.70000010e+01	6.97429713e+00	9.29369509e-05
9.80000010e+01	7.18848567e+00	9.27934391e-05
9.90000010e+01	7.40689153e+00	9.26486461e-05
1.00000001e+02	7.62954959e+00	9.25025784e-05
1.01000001e+02	7.85649451e+00	9.23552424e-05
1.02000001e+02	8.08776068e+00	9.22066445e-05
1.03000001e+02	8.32338228e+00	9.20567913e-05
1.04000001e+02	8.56339322e+00	9.19056894e-05
1.05000001e+02	8.80782717e+00	9.17533454e-05
1.06000001e+02	9.05671756e+00	9.15997660e-05
1.07000001e+02	9.31009755e+00	9.14449580e-05
1.08000001e+02	9.56800005e+00	9.12889280e-05
1.09000001e+02	9.83045775e+00	9.11316831e-05
1.10000001e+02	1.00975030e+01	9.09732300e-05
1.11000001e+02	1.03691681e+01	9.08135756e-05
1.12000001e+02	1.06454847e+01	9.06527270e-05
1.13000001e+02	1.09264846e+01	9.04906910e-05
1.14000001e+02	1.12121992e+01	9.03274749e-05
1.15000001e+02	1.15026594e+01	9.01630856e-05
1.16000001e+02	1.17978962e+01	8.99975303e-05
1.17000001e+02	1.20979401e+01	8.98308162e-05
1.18000001e+02	1.24028215e+01	8.96629506e-05
1.19000001e+02	1.27125703e+01	8.94939406e-05
1.20000001e+02	1.30272163e+01	8.93237936e-05
1.21000001e+02	1.33467889e+01	8.91525169e-05
1.22000001e+02	1.36713174e+01	8.89801180e-05
1.23000001e+02	1.40008307e+01	8.88066042e-05
1.24000001e+02	1.43353574e+01	8.86319830e-05
1.25000001e+02	1.46749260e+01	8.84562619e-05
1.26000001e+02	1.50195644e+01	8.82794485e-05
1.27000001e+02	1.53693005e+01	8.81015503e-05
1.28000001e+02	1.57241617e+01	8.79225750e-05
1.29000001e+02	1.60841754e+01	8.77425301e-05
1.30000001e+02	1.64493684e+01	8.75614235e-05
1.31000001e+02	1.68197674e+01	8.73792627e-05
1.32000001e+02	1.71953988e+01	8.71960556e-05
1.33000001e+02	1.75762886e+01	8.70118099e-05
1.34000001e+02	1.79624625e+01	8.68265335e-05
1.35000001e+02	1.83539462e+01	8.66402342e-05
1.36000001e+02	1.87507647e+01	8.64529200e-05
1.37000001e+02	1.91529429e+01	8.62645986e-05
1.38000001e+02	1.95605054e+01	8.60752782e-05
1.39000001e+02	1.99734765e+01	8.58849666e-05
1.40000001e+02	2.03918802e+01	8.56936719e-05
1.41000001e+02	2.08157402e+01	8.55014020e-05
1.42000001e+02	2.12450797e+01	8.53081652e-05
1.43000001e+02	2.16799221e+01	8.51139695e-05
1.44000001e+02	2.21202898e+01	8.49188229e-05
1.45000001e+02	2.25662056e+01	8.47227337e-05
1.46000001e+02	2.30176914e+01	8.45257101e-05
1.47000001e+02	2.34747692e+01	8.43277602e-05
1.48000001e+02	2.39374604e+01	8.41288923e-05
1.49000001e+02	2.44057863e+01	8.39291146e-05
1.50000001e+02	2.48797678e+01	8.37284354e-05
1.51000001e+02	2.53594255e+01	8.35268630e-05
1.52000001e+02	2.58447797e+01	8.33244058e-05
1.53000001e+02	2.63358503e+01	8.31210720e-05
1.54000001e+02	2.68326570e+01	8.29168702e-05
1.55000001e+02	2.73352192e+01	8.27118085e-05
1.56000001e+02	2.78435558e+01	8.25058956e-05
1.57000001e+02	2.83576855e+01	8.22991398e-05
1.58000001e+02	2.88776267e+01	8.20915495e-05
1.59000001e+02	2.94033976e+01	8.18831333e-05
1.60000001e+02	2.99350157e+01	8.16738996e-05
1.61000001e+02	3.04724985e+01	8.14638570e-05
1.62000001e+02	3.10158631e+01	8.12530139e-05
1.63000001e+02	3.15651263e+01	8.10413790e-05
1.64000001e+02	3.21203045e+01	8.08289607e-05
1.65000001e+02	3.26814139e+01	8.06157677e-05
1.66000001e+02	3.32484701e+01	8.04018085e-05
1.67000001e+02	3.38214887e+01	8.01870919e-05
1.68000001e+02	3.44004848e+01	7.99716263e-05
1.69000001e+02	3.49854733e+01	7.97554204e-05
1.70000001e+02	3.55764685e+01	7.95384829e-05
1.71000001e+02	3.61734846e+01	7.93208225e-05
1.72000001e+02	3.67765356e+01	7.91024477e-05
1.73000001e+02	3.73856347e+01	7.88833674e-05
1.74000001e+02	3.80007953e+01	7.86635901e-05
1.75000001e+02	3.86220301e+01	7.84431246e-05
1.76000001e+02	3.92493516e+01	7.82219797e-05
1.77000001e+02	3.98827720e+01	7.80001640e-05
1.78000001e+02	4.05223031e+01	7.77776862e-05
1.79000001e+02	4.11679564e+01	7.75545552e-05
1.80000001e+02	4.18197431e+01	7.73307796e-05
1.81000001e+02	4.24776740e+01	7.71063683e-05
1.82000001e+02	4.31417595e+01	7.68813299e-05
1.83000001e+02	4.38120099e+01	7.66556733e-05
1.84000001e+02	4.44884349e+01	7.64294072e-05
1.85000001e+02	4.51710441e+01	7.62025404e-05
1.86000001e+02	4.58598466e+01	7.59750817e-05
1.87000001e+02	4.65548512e+01	7.57470398e-05
1.88000001e+02	4.72560664e+01	7.55184236e-05
1.89000001e+02	4.79635002e+01	7.52892418e-05
1.90000001e+02	4.86771607e+01	7.50595033e-05
1.91000001e+02	4.93970551e+01	7.48292168e-05
1.92000001e+02	5.01231906e+01	7.45983911e-05
1.93000001e+02	5.08555740e+01	7.43670351e-05
1.94000001e+02	5.15942118e+01	7.41351574e-05
1.95000001e+02	5.23391101e+01	7.39027670e-05
1.96000001e+02	5.30902746e+01	7.36698726e-05
1.97000001e+02	5.38477108e+01	7.34364829e-05
1.98000001e+02	5.46114239e+01	7.32026069e-05
1.99000001e+02	5.53814184e+01	7.29682532e-05
2.00000001e+02	5.61576990e+01	7.27334306e-05
2.01000001e+02	5.69402696e+01	7.24981480e-05
2.02000001e+02	5.77291341e+01	7.22624141e-05
2.03000001e+02	5.85242957e+01	7.20262376e-05
2.04000001e+02	5.93257577e+01	7.17896274e-05
2.05000001e+02	6.01335227e+01	7.15525921e-05
2.06000001e+02	6.09475932e+01	7.13151406e-05
2.07000001e+02	6.17679711e+01	7.10772815e-05
2.08000001e+02	6.25946583e+01	7.08390236e-05
2.09000001e+02	6.34276560e+01	7.06003757e-05
2.10000001e+02	6.42669654e+01	7.03613464e-05
2.11000001e+02	6.51125872e+01	7.01219445e-05
2.12000001e+02	6.59645217e+01	6.98821787e-05
2.13000001e+02	6.68227690e+01	6.96420576e-05
2.14000001e+02	6.76873287e+01	6.94015899e-05
2.15000001e+02	6.85582003e+01	6.91607843e-05
2.16000001e+02	6.94353827e+01	6.89196494e-05
2.17000001e+02	7.03188747e+01	6.86781940e-05
2.18000001e+02	7.12086746e+01	6.84364265e-05
2.19000001e+02	7.21047805e+01	6.81943557e-05
2.20000001e+02	7.30071899e+01	6.79519901e-05
2.21000001e+02	7.39159004e+01	6.77093384e-05
2.22000001e+02	7.48309089e+01	6.74664090e-05
2.23000001e+02	7.57522121e+01	6.72232106e-05
2.24000001e+02	7.66798063e+01	6.69797517e-05
2.25000001e+02	7.76136876e+01	6.67360409e-05
2.26000001e+02	7.85538517e+01	6.64920865e-05
2.27000001e+02	7.95002940e+01	6.62478973e-05
2.28000001e+02	8.04530094e+01	6.60034815e-05
2.29000001e+02	8.14119926e+01	6.57588477e-05
2.30000001e+02	8.23772381e+01	6.55140042e-05
2.31000001e+02	8.33487399e+01	6.52689597e-05
2.32000001e+02	8.43264917e+01	6.50237223e-05
2.33000001e+02	8.53104869e+01	6.47783006e-05
2.34000001e+02	8.63007185e+01	6.45327028e-05
2.35000001e+02	8.72971793e+01	6.42869374e-05
2.36000001e+02	8.82998616e+01	6.40410126e-05
2.37000001e+02	8.93087577e+01	6.37949367e-05
2.38000001e+02	9.03238591e+01	6.35487180e-05
2.39000001e+02	9.13451575e+01	6.33023648e-05
2.40000001e+02	9.23726438e+01	6.30558854e-05
2.41000001e+02	9.34063088e+01	6.28092878e-05
2.42000001e+02	9.44461431e+01	6.25625803e-05
2.43000001e+02	9.54921367e+01	6.23157710e-05
2.44000001e+02	9.65442796e+01	6.20688682e-05
2.45000001e+02	9.76025612e+01	6.18218799e-05
2.46000001e+02	9.86669707e+01	6.15748141e-05
2.47000001e+02	9.97374969e+01	6.13276790e-05
2.48000001e+02	1.00814129e+02	6.10804826e-05
2.49000001e+02	1.01896854e+02	6.08332329e-05
2.50000001e+02	1.02985660e+02	6.05859378e-05
2.51000001e+02	1.04080536e+02	6.03386054e-05
2.52000001e+02	1.05181468e+02	6.00912435e-05
2.53000001e+02	1.06288444e+02	5.98438601e-05
2.54000001e+02	1.07401450e+02	5.95964630e-05
2.55000001e+02	1.08520472e+02	5.93490601e-05
2.56000001e+02	1.09645497e+02	5.91016592e-05
2.57000001e+02	1.10776510e+02	5.88542680e-05
2.58000001e+02	1.11913496e+02	5.86068943e-05
2.59000001e+02	1.13056442e+02	5.83595459e-05
2.60000001e+02	1.14205331e+02	5.81122304e-05
2.61000001e+02	1.15360149e+02	5.78649555e-05
2.62000001e+02	1.16520879e+02	5.76177289e-05
2.63000001e+02	1.17687505e+02	5.73705580e-05
2.64000001e+02	1.18860011e+02	5.71234506e-05
2.65000001e+02	1.20038381e+02	5.68764140e-05
2.66000001e+02	1.21222597e+02	5.66294559e-05
2.67000001e+02	1.22412642e+02	5.63825837e-05
2.68000001e+02	1.23608499e+02	5.61358049e-05
2.69000001e+02	1.24810150e+02	5.58891267e-05
2.70000001e+02	1.26017576e+02	5.56425567e-05
2.71000001e+02	1.27230759e+02	5.53961021e-05
2.72000001e+02	1.28449681e+02	5.51497703e-05
2.73000001e+02	1.29674322e+02	5.49035685e-05
2.74000001e+02	1.30904663e+02	5.46575039e-05
2.75000001e+02	1.32140685e+02	5.44115837e-05
2.76000001e+02	1.33382367e+02	5.41658151e-05
2.77000001e+02	1.34629690e+02	5.39202053e-05
2.78000001e+02	1.35882633e+02	5.36747612e-05
2.79000001e+02	1.37141175e+02	5.34294900e-05
2.80000001e+02	1.38405296e+02	5.31843987e-05
2.81000001e+02	1.39674973e+02	5.29394942e-05
2.82000001e+02	1.40950186e+02	5.26947834e-05
2.83000001e+02	1.42230913e+02	5.24502734e-05
2.84000001e+02	1.43517131e+02	5.22059709e-05
2.85000001e+02	1.44808819e+02	5.19618828e-05
2.86000001e+02	1.46105953e+02	5.17180159e-05
2.87000001e+02	1.47408510e+02	5.14743768e-05
2.88000001e+02	1.48716468e+02	5.12309724e-05
2.89000001e+02	1.50029803e+02	5.09878093e-05
2.90000001e+02	1.51348491e+02	5.07448941e-05
2.91000001e+02	1.52672509e+02	5.05022334e-05
2.92000001e+02	1.54001831e+02	5.02598338e-05
2.93000001e+02	1.55336434e+02	5.00177017e-05
2.94000001e+02	1.56676293e+02	4.97758438e-05
2.95000001e+02	1.58021383e+02	4.95342663e-05
2.96000001e+02	1.59371677e+02	4.92929756e-05
2.97000001e+02	1.60727152e+02	4.90519782e-05
2.98000001e+02	1.62087781e+02	4.88112804e-05
2.99000001e+02	1.63453539e+02	4.85708883e-05
3.00000001e+02	1.64824398e+02	4.83308082e-05
3.01000001e+02	1.66200332e+02	4.80910464e-05
3.02000001e+02	1.67581315e+02	4.78516089e-05
3.03000001e+02	1.68967319e+02	4.76125019e-05
3.04000001e+02	1.70358318e+02	4.73737314e-05
3.05000001e+02	1.71754283e+02	4.71353034e-05
3.06000001e+02	1.73155187e+02	4.68972240e-05
3.07000001e+02	1.74561003e+02	4.66594989e-05
3.08000001e+02	1.75971701e+02	4.64221342e-05
3.09000001e+02	1.77387253e+02	4.61851357e-05
3.10000001e+02	1.78807631e+02	4.59485091e-05
3.11000001e+02	1.80232806e+02	4.57122603e-05
3.12000001e+02	1.81662748e+02	4.54763949e-05
3.13000001e+02	1.83097429e+02	4.52409186e-05
3.14000001e+02	1.84536818e+02	4.50058371e-05
3.15000001e+02	1.85980886e+02	4.47711558e-05
3.16000001e+02	1.87429603e+02	4.45368805e-05
3.17000001e+02	1.88882938e+02	4.43030165e-05
3.18000001e+02	1.90340861e+02	4.40695693e-05
3.19000001e+02	1.91803341e+02	4.38365444e-05
3.20000001e+02	1.93270348e+02	4.36039470e-05
3.21000001e+02	1.94741850e+02	4.33717825e-05
3.22000001e+02	1.96217816e+02	4.31400562e-05
3.23000001e+02	1.97698215e+02	4.29087733e-05
3.24000001e+02	1.99183014e+02	4.26779389e-05
3.25000001e+02	2.00672181e+02	4.24475583e-05
3.26000001e+02	2.02165685e+02	4.22176365e-05
3.27000001e+02	2.03663493e+02	4.19881786e-05
3.28000001e+02	2.05165573e+02	4.17591895e-05
3.29000001e+02	2.06671892e+02	4.15306743e-05
3.30000001e+02	2.08182416e+02	4.13026377e-05
3.31000001e+02	2.09697113e+02	4.10750848e-05
3.32000001e+02	2.11215949e+02	4.08480203e-05
3.33000001e+02	2.12738891e+02	4.06214490e-05
3.34000001e+02	2.14265905e+02	4.03953755e-05
3.35000001e+02	2.15796957e+02	4.01698047e-05
3.36000001e+02	2.17332014e+02	3.99447412e-05
3.37000001e+02	2.18871040e+02	3.97201894e-05
3.38000001e+02	2.20414001e+02	3.94961541e-05
3.39000001e+02	2.21960863e+02	3.92726396e-05
3.40000001e+02	2.23511591e+02	3.90496505e-05
3.41000001e+02	2.25066149e+02	3.88271910e-05
3.42000001e+02	2.26624504e+02	3.86052657e-05
3.43000001e+02	2.28186618e+02	3.83838788e-05
3.44000001e+02	2.29752458e+02	3.81630346e-05
3.45000001e+02	2.31321986e+02	3.79427372e-05
3.46000001e+02	2.32895168e+02	3.77229910e-05
3.47000001e+02	2.34471968e+02	3.75038000e-05
3.48000001e+02	2.36052348e+02	3.72851682e-05
3.49000001e+02	2.37636273e+02	3.70670998e-05
3.50000001e+02	2.39223707e+02	3.68495987e-05
3.51000001e+02	2.40814612e+02	3.66326689e-05
3.52000001e+02	2.42408952e+02	3.64163142e-05
3.53000001e+02	2.44006691e+02	3.62005386e-05
3.54000001e+02	2.45607790e+02	3.59853458e-05
3.55000001e+02	2.47212213e+02	3.57707396e-05
3.56000001e+02	2.48819922e+02	3.55567236e-05
3.57000001e+02	2.50430880e+02	3.53433017e-05
3.58000001e+02	2.52045049e+02	3.51304773e-05
3.59000001e+02	2.53662392e+02	3.49182541e-05
3.60000001e+02	2.55282870e+02	3.47066356e-05
3.61000001e+02	2.56906445e+02	3.44956253e-05
3.62000001e+02	2.58533079e+02	3.42852266e-05
3.63000001e+02	2.60162734e+02	3.40754429e-05
3.64000001e+02	2.61795372e+02	3.38662776e-05
3.65000001e+02	2.63430953e+02	3.36577339e-05
3.66000001e+02	2.65069439e+02	3.34498151e-05
3.67000001e+02	2.66710792e+02	3.32425245e-05
3.68000001e+02	2.68354971e+02	3.30358651e-05
3.69000001e+02	2.70001939e+02	3.28298401e-05
3.70000001e+02	2.71651656e+02	3.26244526e-05
3.71000001e+02	2.73304082e+02	3.24197056e-05
3.72000001e+02	2.74959179e+02	3.22156020e-05
3.73000001e+02	2.76616906e+02	3.20121449e-05
3.74000001e+02	2.78277225e+02	3.18093370e-05
3.75000001e+02	2.79940095e+02	3.16071813e-05
3.76000001e+02	2.81605476e+02	3.14056806e-05
3.77000001e+02	2.83273329e+02	3.12048375e-05
3.78000001e+02	2.84943614e+02	3.10046548e-05
3.79000001e+02	2.86616290e+02	3.08051353e-05
3.80000001e+02	2.88291317e+02	3.06062813e-05
3.81000001e+02	2.89968655e+02	3.04080957e-05
3.82000001e+02	2.91648263e+02	3.02105809e-05
3.83000001e+02	2.93330101e+02	3.00137393e-05
3.84000001e+02	2.95014129e+02	2.98175734e-05
3.85000001e+02	2.96700305e+02	2.96220857e-05
3.86000001e+02	2.98388589e+02	2.94272784e-05
3.87000001e+02	3.00078940e+02	2.92331539e-05
3.88000001e+02	3.01771317e+02	2.90397144e-05
3.89000001e+02	3.03465680e+02	2.88469622e-05
3.90000001e+02	3.05161986e+02	2.86548994e-05
3.91000001e+02	3.06860195e+02	2.84635282e-05
3.92000001e+02	3.08560266e+02	2.82728507e-05
3.93000001e+02	3.10262157e+02	2.80828688e-05
3.94000001e+02	3.11965827e+02	2.78935847e-05
3.95000001e+02	3.13671235e+02	2.77050002e-05
3.96000001e+02	3.15378339e+02	2.75171173e-05
3.97000001e+02	3.17087098e+02	2.73299379e-05
3.98000001e+02	3.18797470e+02	2.71434638e-05
3.99000001e+02	3.20509413e+02	2.69576967e-05
4.00000001e+02	3.22222885e+02	2.67726384e-05
4.01000001e+02	3.23937846e+02	2.65882907e-05
4.02000001e+02	3.25654253e+02	2.64046551e-05
4.03000001e+02	3.27372063e+02	2.62217334e-05
4.04000001e+02	3.29091237e+02	2.60395270e-05
4.05000001e+02	3.30811730e+02	2.58580376e-05
4.06000001e+02	3.32533503e+02	2.56772665e-05
4.07000001e+02	3.34256511e+02	2.54972154e-05
4.08000001e+02	3.35980714e+02	2.53178855e-05
4.09000001e+02	3.37706069e+02	2.51392782e-05
4.10000001e+02	3.39432535e+02	2.49613949e-05
4.11000001e+02	3.41160068e+02	2.47842369e-05
4.12000001e+02	3.42888627e+02	2.46078054e-05
4.13000001e+02	3.44618170e+02	2.44321016e-05
4.14000001e+02	3.46348654e+02	2.42571267e-05
4.15000001e+02	3.48080037e+02	2.40828818e-05
4.16000001e+02	3.49812277e+02	2.39093680e-05
4.17000001e+02	3.51545331e+02	2.37365864e-05
4.18000001e+02	3.53279158e+02	2.35645379e-05
4.19000001e+02	3.55013714e+02	2.33932235e-05
4.20000001e+02	3.56748958e+02	2.32226442e-05
4.21000001e+02	3.58484847e+02	2.30528009e-05
4.22000001e+02	3.60221339e+02	2.28836943e-05
4.23000001e+02	3.61958392e+02	2.27153253e-05
4.24000001e+02	3.63695962e+02	2.25476948e-05
4.25000001e+02	3.65434008e+02	2.23808033e-05
4.26000001e+02	3.67172488e+02	2.22146517e-05
4.27000001e+02	3.68911358e+02	2.20492405e-05
4.28000001e+02	3.70650577e+02	2.18845705e-05
4.29000001e+02	3.72390102e+02	2.17206421e-05
4.30000001e+02	3.74129890e+02	2.15574560e-05
4.31000001e+02	3.75869901e+02	2.13950126e-05
4.32000001e+02	3.77610090e+02	2.12333124e-05
4.33000001e+02	3.79350416e+02	2.10723559e-05
4.34000001e+02	3.81090837e+02	2.09121435e-05
4.35000001e+02	3.82831309e+02	2.07526754e-05
4.36000001e+02	3.84571792e+02	2.05939522e-05
4.37000001e+02	3.86312242e+02	2.04359739e-05
4.38000001e+02	3.88052618e+02	2.02787410e-05
4.39000001e+02	3.89792877e+02	2.01222536e-05
4.40000001e+02	3.91532976e+02	1.99665119e-05
4.41000001e+02	3.93272875e+02	1.98115160e-05
4.42000001e+02	3.95012530e+02	1.96572662e-05
4.43000001e+02	3.96751900e+02	1.95037624e-05
4.44000001e+02	3.98490943e+02	1.93510047e-05
4.45000001e+02	4.00229616e+02	1.91989931e-05
4.46000001e+02	4.01967877e+02	1.90477276e-05
4.47000001e+02	4.03705685e+02	1.88972081e-05
4.48000001e+02	4.05442998e+02	1.87474346e-05
4.49000001e+02	4.07179774e+02	1.85984070e-05
4.50000001e+02	4.08915971e+02	1.84501250e-05
4.51000001e+02	4.10651547e+02	1.83025885e-05
4.52000001e+02	4.12386460e+02	1.81557973e-05
4.53000001e+02	4.14120669e+02	1.80097511e-05
4.54000001e+02	4.15854133e+02	1.78644497e-05
4.55000001e+02	4.17586809e+02	1.77198926e-05
4.56000001e+02	4.19318656e+02	1.75760797e-05
4.57000001e+02	4.21049633e+02	1.74330104e-05
4.58000001e+02	4.22779699e+02	1.72906844e-05
4.59000001e+02	4.24508811e+02	1.71491013e-05
4.60000001e+02	4.26236930e+02	1.70082605e-05
4.61000001e+02	4.27964012e+02	1.68681616e-05
4.62000001e+02	4.29690018e+02	1.67288040e-05
4.63000001e+02	4.31414907e+02	1.65901872e-05
4.64000001e+02	4.33138637e+02	1.64523106e-05
4.65000001e+02	4.34861167e+02	1.63151735e-05
4.66000001e+02	4.36582457e+02	1.61787753e-05
4.67000001e+02	4.38302465e+02	1.60431153e-05
4.68000001e+02	4.40021152e+02	1.59081929e-05
4.69000001e+02	4.41738476e+02	1.57740072e-05
4.70000001e+02	4.43454398e+02	1.56405575e-05
4.71000001e+02	4.45168875e+02	1.55078430e-05
4.72000001e+02	4.46881869e+02	1.53758629e-05
4.73000001e+02	4.48593339e+02	1.52446163e-05
4.74000001e+02	4.50303245e+02	1.51141024e-05
4.75000001e+02	4.52011546e+02	1.49843202e-05
4.76000001e+02	4.53718202e+02	1.48552688e-05
4.77000001e+02	4.55423174e+02	1.47269473e-05
4.78000001e+02	4.57126423e+02	1.45993546e-05
4.79000001e+02	4.58827907e+02	1.44724898e-05
4.80000001e+02	4.60527587e+02	1.43463518e-05
4.81000001e+02	4.62225425e+02	1.42209395e-05
4.82000001e+02	4.63921380e+02	1.40962519e-05
4.83000001e+02	4.65615413e+02	1.39722878e-05
4.84000001e+02	4.67307485e+02	1.38490461e-05
4.85000001e+02	4.68997557e+02	1.37265256e-05
4.86000001e+02	4.70685590e+02	1.36047252e-05
4.87000001e+02	4.72371545e+02	1.34836436e-05
4.88000001e+02	4.74055382e+02	1.33632795e-05
4.89000001e+02	4.75737064e+02	1.32436318e-05
4.90000001e+02	4.77416552e+02	1.31246991e-05
4.91000001e+02	4.79093807e+02	1.30064802e-05
4.92000001e+02	4.80768792e+02	1.28889736e-05
4.93000001e+02	4.82441467e+02	1.27721780e-05
4.94000001e+02	4.84111795e+02	1.26560921e-05
4.95000001e+02	4.85779737e+02	1.25407144e-05
4.96000001e+02	4.87445257e+02	1.24260435e-05
4.97000001e+02	4.89108315e+02	1.23120780e-05
4.98000001e+02	4.90768875e+02	1.21988164e-05
4.99000001e+02	4.92426900e+02	1.20862572e-05
5.00000001e+02	4.94082350e+02	1.19743989e-05
5.01000001e+02	4.95735191e+02	1.18632400e-05
5.02000001e+02	4.97385383e+02	1.17527789e-05
5.03000001e+02	4.99032891e+02	1.16430140e-05
5.04000001e+02	5.00677678e+02	1.15339438e-05
5.05000001e+02	5.02319706e+02	1.14255666e-05
5.06000001e+02	5.03958940e+02	1.13178808e-05
5.07000001e+02	5.05595342e+02	1.12108847e-05
5.08000001e+02	5.07228878e+02	1.11045767e-05
5.09000001e+02	5.08859509e+02	1.09989551e-05
5.10000001e+02	5.10487201e+02	1.08940181e-05
5.11000001e+02	5.12111918e+02	1.07897641e-05
5.12000001e+02	5.13733624e+02	1.06861912e-05
5.13000001e+02	5.15352283e+02	1.05832978e-05
5.14000001e+02	5.16967860e+02	1.04810820e-05
5.15000001e+02	5.18580319e+02	1.03795420e-05
5.16000001e+02	5.20189627e+02	1.02786760e-05
5.17000001e+02	5.21795746e+02	1.01784821e-05
5.18000001e+02	5.23398644e+02	1.00789586e-05
5.19000001e+02	5.24998284e+02	9.98010350e-06
5.20000001e+02	5.26594633e+02	9.88191495e-06
5.21000001e+02	5.28187657e+02	9.78439104e-06
5.22000001e+02	5.29777320e+02	9.68752985e-06
5.23000001e+02	5.31363590e+02	9.59132943e-06
5.24000001e+02	5.32946432e+02	9.49578785e-06
5.25000001e+02	5.34525812e+02	9.40090312e-06
5.26000001e+02	5.36101697e+02	9.30667327e-06
5.27000001e+02	5.37674054e+02	9.21309629e-06
5.28000001e+02	5.39242848e+02	9.12017017e-06
5.29000001e+02	5.40808049e+02	9.02789288e-06
5.30000001e+02	5.42369621e+02	8.93626239e-06
5.31000001e+02	5.43927533e+02	8.84527662e-06
5.32000001e+02	5.45481753e+02	8.75493351e-06
5.33000001e+02	5.47032247e+02	8.66523097e-06
5.34000001e+02	5.48578983e+02	8.57616691e-06
5.35000001e+02	5.50121930e+02	8.48773921e-06
5.36000001e+02	5.51661056e+02	8.39994576e-06
5.37000001e+02	5.53196329e+02	8.31278440e-06
5.38000001e+02	5.54727717e+02	8.22625300e-06
5.39000001e+02	5.56255189e+02	8.14034938e-06
5.40000001e+02	5.57778714e+02	8.05507138e-06
5.41000001e+02	5.59298262e+02	7.97041680e-06
5.42000001e+02	5.60813800e+02	7.88638345e-06
5.43000001e+02	5.62325299e+02	7.80296911e-06
5.44000001e+02	5.63832728e+02	7.72017157e-06
5.45000001e+02	5.65336058e+02	7.63798860e-06
5.46000001e+02	5.66835257e+02	7.55641794e-06
5.47000001e+02	5.68330296e+02	7.47545735e-06
5.48000001e+02	5.69821145e+02	7.39510456e-06
5.49000001e+02	5.71307776e+02	7.31535729e-06
5.50000001e+02	5.72790157e+02	7.23621326e-06
5.51000001e+02	5.74268262e+02	7.15767018e-06
5.52000001e+02	5.75742059e+02	7.07972573e-06
5.53000001e+02	5.77211522e+02	7.00237761e-06
5.54000001e+02	5.78676621e+02	6.92562349e-06
5.55000001e+02	5.80137327e+02	6.84946104e-06
5.56000001e+02	5.81593613e+02	6.77388792e-06
5.57000001e+02	5.83045451e+02	6.69890178e-06
5.58000001e+02	5.84492813e+02	6.62450025e-06
5.59000001e+02	5.85935672e+02	6.55068098e-06
5.60000001e+02	5.87373999e+02	6.47744158e-06
5.61000001e+02	5.88807769e+02	6.40477968e-06
5.62000001e+02	5.90236953e+02	6.33269288e-06
5.63000001e+02	5.91661525e+02	6.26117879e-06
5.64000001e+02	5.93081459e+02	6.19023500e-06
5.65000001e+02	5.94496728e+02	6.11985910e-06
5.66000001e+02	5.95907307e+02	6.05004866e-06
5.67000001e+02	5.97313168e+02	5.98080127e-06
5.68000001e+02	5.98714286e+02	5.91211450e-06
5.69000001e+02	6.00110637e+02	5.84398589e-06
5.70000001e+02	6.01502194e+02	5.77641301e-06
5.71000001e+02	6.02888932e+02	5.70939341e-06
5.72000001e+02	6.04270826e+02	5.64292463e-06
5.73000001e+02	6.05647852e+02	5.57700421e-06
5.74000001e+02	6.07019986e+02	5.51162967e-06
5.75000001e+02	6.08387202e+02	5.44679856e-06
5.76000001e+02	6.09749477e+02	5.38250838e-06
5.77000001e+02	6.11106787e+02	5.31875666e-06
5.78000001e+02	6.12459108e+02	5.25554091e-06
5.79000001e+02	6.13806416e+02	5.19285864e-06
5.80000001e+02	6.15148690e+02	5.13070734e-06
5.81000001e+02	6.16485905e+02	5.06908453e-06
5.82000001e+02	6.17818038e+02	5.00798770e-06
5.83000001e+02	6.19145068e+02	4.94741433e-06
5.84000001e+02	6.20466971e+02	4.88736191e-06
5.85000001e+02	6.21783726e+02	4.82782794e-06
5.86000001e+02	6.23095311e+02	4.76880989e-06
5.87000001e+02	6.24401704e+02	4.71030524e-06
5.88000001e+02	6.25702883e+02	4.65231146e-06
5.89000001e+02	6.26998827e+02	4.59482604e-06
5.90000001e+02	6.28289515e+02	4.53784642e-06
5.91000001e+02	6.29574927e+02	4.48137010e-06
5.92000001e+02	6.30855041e+02	4.42539452e-06
5.93000001e+02	6.32129837e+02	4.36991715e-06
5.94000001e+02	6.33399296e+02	4.31493546e-06
5.95000001e+02	6.34663396e+02	4.26044689e-06
5.96000001e+02	6.35922119e+02	4.20644892e-06
5.97000001e+02	6.37175445e+02	4.15293899e-06
5.98000001e+02	6.38423354e+02	4.09991455e-06
5.99000001e+02	6.39665829e+02	4.04737307e-06
6.00000001e+02	6.40902848e+02	3.99531199e-06
6.01000001e+02	6.42134395e+02	3.94372877e-06
6.02000001e+02	6.43360451e+02	3.89262085e-06
6.03000001e+02	6.44580998e+02	3.84198569e-06
6.04000001e+02	6.45796017e+02	3.79182072e-06
6.05000001e+02	6.47005491e+02	3.74212342e-06
6.06000001e+02	6.48209403e+02	3.69289121e-06
6.07000001e+02	6.49407735e+02	3.64412155e-06
6.08000001e+02	6.50600471e+02	3.59581189e-06
6.09000001e+02	6.51787593e+02	3.54795967e-06
6.10000001e+02	6.52969086e+02	3.50056235e-06
6.11000001e+02	6.54144932e+02	3.45361738e-06
6.12000001e+02	6.55315116e+02	3.40712220e-06
6.13000001e+02	6.56479622e+02	3.36107427e-06
6.14000001e+02	6.57638434e+02	3.31547104e-06
6.15000001e+02	6.58791538e+02	3.27030996e-06
6.16000001e+02	6.59938917e+02	3.22558849e-06
6.17000001e+02	6.61080557e+02	3.18130408e-06
6.18000001e+02	6.62216443e+02	3.13745419e-06
6.19000001e+02	6.63346562e+02	3.09403628e-06
6.20000001e+02	6.64470898e+02	3.05104781e-06
6.21000001e+02	6.65589437e+02	3.00848624e-06
6.22000001e+02	6.66702167e+02	2.96634903e-06
6.23000001e+02	6.67809073e+02	2.92463366e-06
6.24000001e+02	6.68910143e+02	2.88333758e-06
6.25000001e+02	6.70005363e+02	2.84245827e-06
6.26000001e+02	6.71094721e+02	2.80199321e-06
6.27000001e+02	6.72178203e+02	2.76193986e-06
6.28000001e+02	6.73255799e+02	2.72229572e-06
6.29000001e+02	6.74327495e+02	2.68305824e-06
6.30000001e+02	6.75393280e+02	2.64422494e-06
6.31000001e+02	6.76453142e+02	2.60579328e-06
6.32000001e+02	6.77507071e+02	2.56776076e-06
6.33000001e+02	6.78555054e+02	2.53012487e-06
6.34000001e+02	6.79597082e+02	2.49288311e-06
6.35000001e+02	6.80633143e+02	2.45603298e-06
6.36000001e+02	6.81663227e+02	2.41957198e-06
6.37000001e+02	6.82687325e+02	2.38349762e-06
6.38000001e+02	6.83705426e+02	2.34780742e-06
6.39000001e+02	6.84717520e+02	2.31249888e-06
6.40000001e+02	6.85723599e+02	2.27756952e-06
6.41000001e+02	6.86723652e+02	2.24301688e-06
6.42000001e+02	6.87717672e+02	2.20883846e-06
6.43000001e+02	6.88705650e+02	2.17503182e-06
6.44000001e+02	6.89687576e+02	2.14159447e-06
6.45000001e+02	6.90663444e+02	2.10852397e-06
6.46000001e+02	6.91633245e+02	2.07581786e-06
6.47000001e+02	6.92596971e+02	2.04347368e-06
6.48000001e+02	6.93554616e+02	2.01148899e-06
6.49000001e+02	6.94506171e+02	1.97986136e-06
6.50000001e+02	6.95451630e+02	1.94858833e-06
6.51000001e+02	6.96390987e+02	1.91766749e-06
6.52000001e+02	6.97324234e+02	1.88709641e-06
6.53000001e+02	6.98251366e+02	1.85687266e-06
6.54000001e+02	6.99172377e+02	1.82699383e-06
6.55000001e+02	7.00087261e+02	1.79745751e-06
6.56000001e+02	7.00996013e+02	1.76826130e-06
6.57000001e+02	7.01898627e+02	1.73940279e-06
6.58000001e+02	7.02795099e+02	1.71087960e-06
6.59000001e+02	7.03685423e+02	1.68268932e-06
6.60000001e+02	7.04569597e+02	1.65482959e-06
6.61000001e+02	7.05447614e+02	1.62729803e-06
6.62000001e+02	7.06319472e+02	1.60009226e-06
6.63000001e+02	7.07185166e+02	1.57320992e-06
6.64000001e+02	7.08044694e+02	1.54664865e-06
6.65000001e+02	7.08898051e+02	1.52040611e-06
6.66000001e+02	7.09745236e+02	1.49447993e-06
6.67000001e+02	7.10586246e+02	1.46886779e-06
6.68000001e+02	7.11421077e+02	1.44356735e-06
6.69000001e+02	7.12249728e+02	1.41857628e-06
6.70000001e+02	7.13072198e+02	1.39389226e-06
6.71000001e+02	7.13888484e+02	1.36951298e-06
6.72000001e+02	7.14698584e+02	1.34543613e-06
6.73000001e+02	7.15502499e+02	1.32165940e-06
6.74000001e+02	7.16300226e+02	1.29818051e-06
6.75000001e+02	7.17091766e+02	1.27499717e-06
6.76000001e+02	7.17877118e+02	1.25210709e-06
6.77000001e+02	7.18656281e+02	1.22950801e-06
6.78000001e+02	7.19429256e+02	1.20719765e-06
6.79000001e+02	7.20196044e+02	1.18517376e-06
6.80000001e+02	7.20956645e+02	1.16343408e-06
6.81000001e+02	7.21711059e+02	1.14197636e-06
6.82000001e+02	7.22459289e+02	1.12079838e-06
6.83000001e+02	7.23201335e+02	1.09989789e-06
6.84000001e+02	7.23937199e+02	1.07927267e-06
6.85000001e+02	7.24666883e+02	1.05892051e-06
6.86000001e+02	7.25390390e+02	1.03883920e-06
6.87000001e+02	7.26107721e+02	1.01902653e-06
6.88000001e+02	7.26818880e+02	9.99480310e-07
6.89000001e+02	7.27523869e+02	9.80198354e-07
6.90000001e+02	7.28222691e+02	9.61178482e-07
6.91000001e+02	7.28915351e+02	9.42418521e-07
6.92000001e+02	7.29601852e+02	9.23916308e-07
6.93000001e+02	7.30282198e+02	9.05669685e-07
6.94000001e+02	7.30956393e+02	8.87676504e-07
6.95000001e+02	7.31624442e+02	8.69934624e-07
6.96000001e+02	7.32286349e+02	8.52441910e-07
6.97000001e+02	7.32942120e+02	8.35196238e-07
6.98000001e+02	7.33591760e+02	8.18195489e-07
6.99000001e+02	7.34235275e+02	8.01437554e-07
7.00000001e+02	7.34872670e+02	7.84920331e-07
7.01000001e+02	7.35503952e+02	7.68641726e-07
7.02000001e+02	7.36129127e+02	7.52599652e-07
7.03000001e+02	7.36748202e+02	7.36792031e-07
7.04000001e+02	7.37361184e+02	7.21216794e-07
7.05000001e+02	7.37968079e+02	7.05871879e-07
7.06000001e+02	7.38568896e+02	6.90755232e-07
7.07000001e+02	7.39163642e+02	6.75864806e-07
7.08000001e+02	7.39752325e+02	6.61198564e-07
7.09000001e+02	7.40334953e+02	6.46754478e-07
7.10000001e+02	7.40911536e+02	6.32530524e-07
7.11000001e+02	7.41482081e+02	6.18524692e-07
7.12000001e+02	7.42046599e+02	6.04734974e-07
7.13000001e+02	7.42605098e+02	5.91159376e-07
7.14000001e+02	7.43157587e+02	5.77795908e-07
7.15000001e+02	7.43704078e+02	5.64642590e-07
7.16000001e+02	7.44244580e+02	5.51697451e-07
7.17000001e+02	7.44779104e+02	5.38958527e-07
7.18000001e+02	7.45307660e+02	5.26423863e-07
7.19000001e+02	7.45830260e+02	5.14091512e-07
7.20000001e+02	7.46346915e+02	5.01959535e-07
7.21000001e+02	7.46857636e+02	4.90026002e-07
7.22000001e+02	7.47362435e+02	4.78288992e-07
7.23000001e+02	7.47861325e+02	4.66746591e-07
7.24000001e+02	7.48354318e+02	4.55396894e-07
7.25000001e+02	7.48841427e+02	4.44238004e-07
7.26000001e+02	7.49322665e+02	4.33268032e-07
7.27000001e+02	7.49798045e+02	4.22485100e-07
7.28000001e+02	7.50267580e+02	4.11887335e-07
7.29000001e+02	7.50731285e+02	4.01472875e-07
7.30000001e+02	7.51189174e+02	3.91239863e-07
7.31000001e+02	7.51641261e+02	3.81186455e-07
7.32000001e+02	7.52087562e+02	3.71310813e-07
7.33000001e+02	7.52528090e+02	3.61611105e-07
7.34000001e+02	7.52962863e+02	3.52085512e-07
7.35000001e+02	7.53391894e+02	3.42732221e-07
7.36000001e+02	7.53815200e+02	3.33549427e-07
7.37000001e+02	7.54232798e+02	3.24535334e-07
7.38000001e+02	7.54644704e+02	3.15688154e-07
7.39000001e+02	7.55050935e+02	3.07006107e-07
7.40000001e+02	7.55451509e+02	2.98487424e-07
7.41000001e+02	7.55846441e+02	2.90130341e-07
7.42000001e+02	7.56235751e+02	2.81933103e-07
7.43000001e+02	7.56619457e+02	2.73893965e-07
7.44000001e+02	7.56997576e+02	2.66011188e-07
7.45000001e+02	7.57370129e+02	2.58283043e-07
7.46000001e+02	7.57737133e+02	2.50707809e-07
7.47000001e+02	7.58098608e+02	2.43283772e-07
7.48000001e+02	7.58454574e+02	2.36009228e-07
7.49000001e+02	7.58805051e+02	2.28882479e-07
7.50000001e+02	7.59150059e+02	2.21901837e-07
7.51000001e+02	7.59489619e+02	2.15065622e-07
7.52000001e+02	7.59823752e+02	2.08372161e-07
7.53000001e+02	7.60152479e+02	2.01819790e-07
7.54000001e+02	7.60475822e+02	1.95406851e-07
7.55000001e+02	7.60793804e+02	1.89131698e-07
7.56000001e+02	7.61106445e+02	1.82992690e-07
7.57000001e+02	7.61413770e+02	1.76988194e-07
7.58000001e+02	7.61715801e+02	1.71116586e-07
7.59000001e+02	7.62012561e+02	1.65376249e-07
7.60000001e+02	7.62304075e+02	1.59765574e-07
7.61000001e+02	7.62590367e+02	1.54282961e-07
7.62000001e+02	7.62871460e+02	1.48926816e-07
7.63000001e+02	7.63147380e+02	1.43695553e-07
7.64000001e+02	7.63418153e+02	1.38587594e-07
7.65000001e+02	7.63683803e+02	1.33601370e-07
7.66000001e+02	7.63944356e+02	1.28735316e-07
7.67000001e+02	7.64199840e+02	1.23987879e-07
7.68000001e+02	7.64450281e+02	1.19357509e-07
7.69000001e+02	7.64695706e+02	1.14842666e-07
7.70000001e+02	7.64936142e+02	1.10441818e-07
7.71000001e+02	7.65171618e+02	1.06153438e-07
7.72000001e+02	7.65402162e+02	1.01976007e-07
7.73000001e+02	7.65627803e+02	9.79080135e-08
7.74000001e+02	7.65848569e+02	9.39479530e-08
7.75000001e+02	7.66064491e+02	9.00943277e-08
7.76000001e+02	7.66275599e+02	8.63456467e-08
7.77000001e+02	7.66481922e+02	8.27004261e-08
7.78000001e+02	7.66683493e+02	7.91571886e-08
7.79000001e+02	7.66880342e+02	7.57144634e-08
7.80000001e+02	7.67072502e+02	7.23707865e-08
7.81000001e+02	7.67260004e+02	6.91247001e-08
7.82000001e+02	7.67442881e+02	6.59747530e-08
7.83000001e+02	7.67621168e+02	6.29194999e-08
7.84000001e+02	7.67794896e+02	5.99575019e-08
7.85000001e+02	7.67964102e+02	5.70873261e-08
7.86000001e+02	7.68128819e+02	5.43075452e-08
7.87000001e+02	7.68289084e+02	5.16167380e-08
7.88000001e+02	7.68444931e+02	4.90134888e-08
7.89000001e+02	7.68596397e+02	4.64963873e-08
7.90000001e+02	7.68743519e+02	4.40640286e-08
7.91000001e+02	7.68886336e+02	4.17150131e-08
7.92000001e+02	7.69024884e+02	3.94479462e-08
7.93000001e+02	7.69159203e+02	3.72614379e-08
7.94000001e+02	7.69289332e+02	3.51541031e-08
7.95000001e+02	7.69415310e+02	3.31245613e-08
7.96000001e+02	7.69537180e+02	3.11714361e-08
7.97000001e+02	7.69654981e+02	2.92933552e-08
7.98000001e+02	7.69768756e+02	2.74889502e-08
7.99000001e+02	7.69878548e+02	2.57568564e-08
8.00000001e+02	7.69984399e+02	2.40957122e-08
8.01000001e+02	7.70086355e+02	2.25041593e-08
8.02000001e+02	7.70184459e+02	2.09808423e-08
8.03000001e+02	7.70278759e+02	1.95244081e-08
8.04000001e+02	7.70369299e+02	1.81335059e-08
8.05000001e+02	7.70456129e+02	1.68067867e-08
8.06000001e+02	7.70539295e+02	1.55429030e-08
8.07000001e+02	7.70618847e+02	1.43405082e-08
8.08000001e+02	7.70694836e+02	1.31982566e-08
8.09000001e+02	7.70767312e+02	1.21148024e-08
8.10000001e+02	7.70836328e+02	1.10887996e-08
8.11000001e+02	7.70901937e+02	1.01189012e-08
8.12000001e+02	7.70964193e+02	9.20375874e-09
8.13000001e+02	7.71023153e+02	8.34202153e-09
8.14000001e+02	7.71078872e+02	7.53233607e-09
8.15000001e+02	7.71131409e+02	6.77334512e-09
8.16000001e+02	7.71180823e+02	6.06368691e-09
8.17000001e+02	7.71227177e+02	5.40199412e-09
8.18000001e+02	7.71270531e+02	4.78689282e-09
8.19000001e+02	7.71310951e+02	4.21700122e-09
8.20000001e+02	7.71348503e+02	3.69092835e-09
8.21000001e+02	7.71383254e+02	3.20727250e-09
8.22000001e+02	7.71415274e+02	2.76461942e-09
8.23000001e+02	7.71444635e+02	2.36154032e-09
8.24000001e+02	7.71471413e+02	1.99658953e-09
8.25000001e+02	7.71495684e+02	1.66830177e-09
8.26000001e+02	7.71517527e+02	1.37518889e-09
8.27000001e+02	7.71537027e+02	1.11573607e-09
8.28000001e+02	7.71554270e+02	8.88397135e-10
8.29000001e+02	7.71569345e+02	6.91588896e-10
8.30000001e+02	7.71582349e+02	5.23684022e-10
8.31000001e+02	7.71593381e+02	3.83001985e-10
8.32000001e+02	7.71602547e+02	2.67797212e-10
8.33000001e+02	7.71609960e+02	1.76243088e-10
8.34000001e+02	7.71615741e+02	1.06409445e-10
8.35000001e+02	7.71620022e+02	5.62291795e-11
8.36000001e+02	7.71622949e+02	2.34449760e-11
8.37000001e+02	7.71624685e+02	5.51634917e-12
