1.00000e-02	4.18813e-21	1.00000e+02
2.00000e-02	2.93169e-05	1.00000e+02
3.00000e-02	1.08891e-04	9.95382e+01
4.00000e-02	2.63170e-04	9.87744e+01
5.00000e-02	5.15663e-04	9.77346e+01
6.00000e-02	8.88553e-04	9.64292e+01
7.00000e-02	1.40234e-03	9.48658e+01
8.00000e-02	2.07548e-03	9.30521e+01
9.00000e-02	2.92408e-03	9.09967e+01
1.00000e-01	3.96157e-03	8.87095e+01
1.10000e-01	5.19845e-03	8.62019e+01
1.20000e-01	6.64208e-03	8.34871e+01
1.30000e-01	8.29646e-03	8.05801e+01
1.40000e-01	1.01621e-02	7.74976e+01
1.50000e-01	1.22361e-02	7.42585e+01
1.60000e-01	1.45120e-02	7.08836e+01
1.70000e-01	1.69796e-02	6.73953e+01
1.80000e-01	1.96260e-02	6.38184e+01
1.90000e-01	2.24347e-02	6.01788e+01
2.00000e-01	2.53870e-02	5.65041e+01
2.10000e-01	2.84615e-02	5.28230e+01
2.20000e-01	3.16353e-02	4.91645e+01
2.30000e-01	3.48843e-02	4.55579e+01
2.40000e-01	3.81839e-02	4.20315e+01
2.50000e-01	4.15094e-02	3.86123e+01
2.60000e-01	4.48370e-02	3.53251e+01
2.70000e-01	4.81443e-02	3.21916e+01
2.80000e-01	5.14106e-02	2.92299e+01
2.90000e-01	5.46179e-02	2.64538e+01
3.00000e-01	5.77505e-02	2.38727e+01
3.10000e-01	6.07959e-02	2.14914e+01
3.20000e-01	6.37443e-02	1.93104e+01
3.30000e-01	6.65889e-02	1.73261e+01
3.40000e-01	6.93253e-02	1.55316e+01
3.50000e-01	7.19516e-02	1.39172e+01
3.60000e-01	7.44680e-02	1.24714e+01
3.70000e-01	7.68760e-02	1.11814e+01
3.80000e-01	7.91789e-02	1.00337e+01
3.90000e-01	8.13805e-02	9.01489e+00
4.00000e-01	8.34856e-02	8.11181e+00
4.10000e-01	8.54992e-02	7.31200e+00
4.20000e-01	8.74266e-02	6.60386e+00
4.30000e-01	8.92733e-02	5.97676e+00
4.40000e-01	9.10444e-02	5.42106e+00
4.50000e-01	9.27451e-02	4.92815e+00
4.60000e-01	9.43803e-02	4.49038e+00
4.70000e-01	9.59547e-02	4.10097e+00
4.80000e-01	9.74726e-02	3.75399e+00
4.90000e-01	9.89381e-02	3.44423e+00
5.00000e-01	1.00355e-01	3.16715e+00
5.10000e-01	1.01727e-01	2.91879e+00
5.20000e-01	1.03057e-01	2.69571e+00
5.30000e-01	1.04348e-01	2.49490e+00
5.40000e-01	1.05603e-01	2.31374e+00
5.50000e-01	1.06825e-01	2.14996e+00
5.60000e-01	1.08015e-01	2.00158e+00
5.70000e-01	1.09176e-01	1.86686e+00
5.80000e-01	1.10310e-01	1.74429e+00
5.90000e-01	1.11419e-01	1.63254e+00
6.00000e-01	1.12504e-01	1.53047e+00
6.10000e-01	1.13567e-01	1.43704e+00
6.20000e-01	1.14610e-01	1.35136e+00
6.30000e-01	1.15633e-01	1.27265e+00
6.40000e-01	1.16638e-01	1.20021e+00
6.50000e-01	1.17625e-01	1.13341e+00
6.60000e-01	1.18597e-01	1.07172e+00
6.70000e-01	1.19554e-01	1.01466e+00
6.80000e-01	1.20496e-01	9.61780e-01
6.90000e-01	1.21426e-01	9.12710e-01
7.00000e-01	1.22342e-01	8.67105e-01
7.10000e-01	1.23247e-01	8.24658e-01
7.20000e-01	1.24140e-01	7.85094e-01
7.30000e-01	1.25023e-01	7.48168e-01
7.40000e-01	1.25896e-01	7.13659e-01
7.50000e-01	1.26759e-01	6.81365e-01
7.60000e-01	1.27614e-01	6.51109e-01
7.70000e-01	1.28459e-01	6.22727e-01
7.80000e-01	1.29297e-01	5.96071e-01
7.90000e-01	1.30127e-01	5.71010e-01
8.00000e-01	1.30950e-01	5.47421e-01
8.10000e-01	1.31765e-01	5.25195e-01
8.20000e-01	1.32574e-01	5.04231e-01
8.30000e-01	1.33377e-01	4.84438e-01
8.40000e-01	1.34174e-01	4.65732e-01
8.50000e-01	1.34965e-01	4.48038e-01
8.60000e-01	1.35751e-01	4.31285e-01
8.70000e-01	1.36531e-01	4.15409e-01
8.80000e-01	1.37307e-01	4.00351e-01
8.90000e-01	1.38078e-01	3.86057e-01
9.00000e-01	1.38844e-01	3.72478e-01
9.10000e-01	1.39606e-01	3.59567e-01
9.20000e-01	1.40364e-01	3.47282e-01
9.30000e-01	1.41118e-01	3.35585e-01
9.40000e-01	1.41868e-01	3.24438e-01
9.50000e-01	1.42614e-01	3.13809e-01
9.60000e-01	1.43357e-01	3.03667e-01
9.70000e-01	1.44097e-01	2.93983e-01
9.80000e-01	1.44834e-01	2.84730e-01
9.90000e-01	1.45567e-01	2.75883e-01
1.00000e+00	1.46298e-01	2.67420e-01
1.01000e+00	1.47026e-01	2.59319e-01
1.02000e+00	1.47751e-01	2.51559e-01
1.03000e+00	1.48474e-01	2.44123e-01
1.04000e+00	1.49194e-01	2.36993e-01
1.05000e+00	1.49911e-01	2.30152e-01
1.06000e+00	1.50627e-01	2.23586e-01
1.07000e+00	1.51340e-01	2.17279e-01
1.08000e+00	1.52051e-01	2.11220e-01
1.09000e+00	1.52760e-01	2.05394e-01
1.10000e+00	1.53467e-01	1.99791e-01
1.11000e+00	1.54173e-01	1.94400e-01
1.12000e+00	1.54876e-01	1.89209e-01
1.13000e+00	1.55578e-01	1.84211e-01
1.14000e+00	1.56278e-01	1.79394e-01
1.15000e+00	1.56976e-01	1.74751e-01
1.16000e+00	1.57673e-01	1.70273e-01
1.17000e+00	1.58368e-01	1.65954e-01
1.18000e+00	1.59062e-01	1.61784e-01
1.19000e+00	1.59755e-01	1.57759e-01
1.20000e+00	1.60446e-01	1.53871e-01
1.21000e+00	1.61135e-01	1.50115e-01
1.22000e+00	1.61824e-01	1.46483e-01
1.23000e+00	1.62511e-01	1.42972e-01
1.24000e+00	1.63197e-01	1.39576e-01
1.25000e+00	1.63882e-01	1.36290e-01
1.26000e+00	1.64566e-01	1.33110e-01
1.27000e+00	1.65249e-01	1.30030e-01
1.28000e+00	1.65931e-01	1.27047e-01
1.29000e+00	1.66611e-01	1.24157e-01
1.30000e+00	1.67291e-01	1.21357e-01
1.31000e+00	1.67970e-01	1.18641e-01
1.32000e+00	1.68648e-01	1.16008e-01
1.33000e+00	1.69325e-01	1.13454e-01
1.34000e+00	1.70001e-01	1.10976e-01
1.35000e+00	1.70676e-01	1.08571e-01
1.36000e+00	1.71351e-01	1.06236e-01
1.37000e+00	1.72024e-01	1.03969e-01
1.38000e+00	1.72697e-01	1.01766e-01
1.39000e+00	1.73369e-01	9.96261e-02
1.40000e+00	1.74041e-01	9.75464e-02
1.41000e+00	1.74711e-01	9.55248e-02
1.42000e+00	1.75381e-01	9.35591e-02
1.43000e+00	1.76051e-01	9.16474e-02
1.44000e+00	1.76719e-01	8.97878e-02
1.45000e+00	1.77387e-01	8.79783e-02
1.46000e+00	1.78055e-01	8.62173e-02
1.47000e+00	1.78722e-01	8.45031e-02
1.48000e+00	1.79388e-01	8.28340e-02
1.49000e+00	1.80053e-01	8.12085e-02
1.50000e+00	1.80718e-01	7.96252e-02
1.51000e+00	1.81383e-01	7.80827e-02
1.52000e+00	1.82047e-01	7.65795e-02
1.53000e+00	1.82710e-01	7.51144e-02
1.54000e+00	1.83373e-01	7.36861e-02
1.55000e+00	1.84035e-01	7.22935e-02
1.56000e+00	1.84697e-01	7.09354e-02
1.57000e+00	1.85358e-01	6.96106e-02
1.58000e+00	1.86018e-01	6.83182e-02
1.59000e+00	1.86679e-01	6.70571e-02
1.60000e+00	1.87338e-01	6.58263e-02
1.61000e+00	1.87998e-01	6.46250e-02
1.62000e+00	1.88656e-01	6.34521e-02
1.63000e+00	1.89315e-01	6.23069e-02
1.64000e+00	1.89973e-01	6.11884e-02
1.65000e+00	1.90630e-01	6.00959e-02
1.66000e+00	1.91287e-01	5.90286e-02
1.67000e+00	1.91943e-01	5.79858e-02
1.68000e+00	1.92599e-01	5.69667e-02
1.69000e+00	1.93255e-01	5.59707e-02
1.70000e+00	1.93910e-01	5.49970e-02
1.71000e+00	1.94565e-01	5.40451e-02
1.72000e+00	1.95219e-01	5.31143e-02
1.73000e+00	1.95873e-01	5.22039e-02
1.74000e+00	1.96526e-01	5.13135e-02
1.75000e+00	1.97179e-01	5.04425e-02
1.76000e+00	1.97832e-01	4.95903e-02
1.77000e+00	1.98484e-01	4.87565e-02
1.78000e+00	1.99135e-01	4.79404e-02
1.79000e+00	1.99787e-01	4.71417e-02
1.80000e+00	2.00437e-01	4.63598e-02
1.81000e+00	2.01088e-01	4.55943e-02
1.82000e+00	2.01738e-01	4.48448e-02
1.83000e+00	2.02387e-01	4.41108e-02
1.84000e+00	2.03037e-01	4.33919e-02
1.85000e+00	2.03685e-01	4.26878e-02
1.86000e+00	2.04334e-01	4.19980e-02
1.87000e+00	2.04981e-01	4.13222e-02
1.88000e+00	2.05629e-01	4.06600e-02
1.89000e+00	2.06276e-01	4.00110e-02
1.90000e+00	2.06923e-01	3.93750e-02
1.91000e+00	2.07569e-01	3.87516e-02
1.92000e+00	2.08214e-01	3.81405e-02
1.93000e+00	2.08860e-01	3.75414e-02
1.94000e+00	2.09505e-01	3.69539e-02
1.95000e+00	2.10149e-01	3.63779e-02
1.96000e+00	2.10793e-01	3.58129e-02
1.97000e+00	2.11437e-01	3.52588e-02
1.98000e+00	2.12080e-01	3.47153e-02
1.99000e+00	2.12722e-01	3.41821e-02
2.00000e+00	2.13365e-01	3.36590e-02
2.01000e+00	2.14006e-01	3.31457e-02
2.02000e+00	2.14648e-01	3.26420e-02
2.03000e+00	2.15289e-01	3.21477e-02
2.04000e+00	2.15929e-01	3.16626e-02
2.05000e+00	2.16569e-01	3.11864e-02
2.06000e+00	2.17209e-01	3.07189e-02
2.07000e+00	2.17848e-01	3.02600e-02
2.08000e+00	2.18486e-01	2.98094e-02
2.09000e+00	2.19124e-01	2.93670e-02
2.10000e+00	2.19762e-01	2.89325e-02
2.11000e+00	2.20399e-01	2.85059e-02
2.12000e+00	2.21036e-01	2.80868e-02
2.13000e+00	2.21672e-01	2.76752e-02
2.14000e+00	2.22308e-01	2.72708e-02
2.15000e+00	2.22943e-01	2.68736e-02
2.16000e+00	2.23578e-01	2.64834e-02
2.17000e+00	2.24212e-01	2.60999e-02
2.18000e+00	2.24845e-01	2.57231e-02
2.19000e+00	2.25479e-01	2.53529e-02
2.20000e+00	2.26111e-01	2.49890e-02
2.21000e+00	2.26743e-01	2.46313e-02
2.22000e+00	2.27375e-01	2.42798e-02
2.23000e+00	2.28006e-01	2.39342e-02
2.24000e+00	2.28637e-01	2.35945e-02
2.25000e+00	2.29267e-01	2.32605e-02
2.26000e+00	2.29896e-01	2.29321e-02
2.27000e+00	2.30525e-01	2.26092e-02
2.28000e+00	2.31154e-01	2.22917e-02
2.29000e+00	2.31781e-01	2.19795e-02
2.30000e+00	2.32409e-01	2.16724e-02
2.31000e+00	2.33036e-01	2.13704e-02
2.32000e+00	2.33662e-01	2.10733e-02
2.33000e+00	2.34287e-01	2.07811e-02
2.34000e+00	2.34912e-01	2.04937e-02
2.35000e+00	2.35537e-01	2.02109e-02
2.36000e+00	2.36161e-01	1.99327e-02
2.37000e+00	2.36784e-01	1.96589e-02
2.38000e+00	2.37407e-01	1.93896e-02
2.39000e+00	2.38029e-01	1.91245e-02
2.40000e+00	2.38650e-01	1.88637e-02
2.41000e+00	2.39271e-01	1.86070e-02
2.42000e+00	2.39891e-01	1.83544e-02
2.43000e+00	2.40511e-01	1.81057e-02
2.44000e+00	2.41130e-01	1.78610e-02
2.45000e+00	2.41748e-01	1.76200e-02
2.46000e+00	2.42366e-01	1.73829e-02
2.47000e+00	2.42983e-01	1.71494e-02
2.48000e+00	2.43600e-01	1.69195e-02
2.49000e+00	2.44216e-01	1.66932e-02
2.50000e+00	2.44831e-01	1.64703e-02
2.51000e+00	2.45445e-01	1.62509e-02
2.52000e+00	2.46059e-01	1.60348e-02
2.53000e+00	2.46673e-01	1.58220e-02
2.54000e+00	2.47285e-01	1.56124e-02
2.55000e+00	2.47897e-01	1.54060e-02
2.56000e+00	2.48508e-01	1.52028e-02
2.57000e+00	2.49119e-01	1.50025e-02
2.58000e+00	2.49728e-01	1.48053e-02
2.59000e+00	2.50337e-01	1.46110e-02
2.60000e+00	2.50946e-01	1.44196e-02
2.61000e+00	2.51554e-01	1.42311e-02
2.62000e+00	2.52161e-01	1.40453e-02
2.63000e+00	2.52767e-01	1.38623e-02
2.64000e+00	2.53372e-01	1.36820e-02
2.65000e+00	2.53977e-01	1.35043e-02
2.66000e+00	2.54581e-01	1.33292e-02
2.67000e+00	2.55185e-01	1.31567e-02
2.68000e+00	2.55787e-01	1.29867e-02
2.69000e+00	2.56389e-01	1.28192e-02
2.70000e+00	2.56990e-01	1.26540e-02
2.71000e+00	2.57591e-01	1.24913e-02
2.72000e+00	2.58190e-01	1.23309e-02
2.73000e+00	2.58789e-01	1.21728e-02
2.74000e+00	2.59387e-01	1.20169e-02
2.75000e+00	2.59984e-01	1.18633e-02
2.76000e+00	2.60581e-01	1.17119e-02
2.77000e+00	2.61177e-01	1.15626e-02
2.78000e+00	2.61771e-01	1.14154e-02
2.79000e+00	2.62366e-01	1.12703e-02
2.80000e+00	2.62959e-01	1.11272e-02
2.81000e+00	2.63551e-01	1.09862e-02
2.82000e+00	2.64143e-01	1.08471e-02
2.83000e+00	2.64734e-01	1.07100e-02
2.84000e+00	2.65324e-01	1.05748e-02
2.85000e+00	2.65913e-01	1.04414e-02
2.86000e+00	2.66502e-01	1.03099e-02
2.87000e+00	2.67089e-01	1.01802e-02
2.88000e+00	2.67676e-01	1.00524e-02
2.89000e+00	2.68262e-01	9.92624e-03
2.90000e+00	2.68847e-01	9.80184e-03
2.91000e+00	2.69431e-01	9.67915e-03
2.92000e+00	2.70014e-01	9.55814e-03
2.93000e+00	2.70597e-01	9.43877e-03
2.94000e+00	2.71178e-01	9.32103e-03
2.95000e+00	2.71759e-01	9.20489e-03
2.96000e+00	2.72339e-01	9.09032e-03
2.97000e+00	2.72918e-01	8.97729e-03
2.98000e+00	2.73496e-01	8.86580e-03
2.99000e+00	2.74073e-01	8.75580e-03
3.00000e+00	2.74649e-01	8.64727e-03
3.01000e+00	2.75225e-01	8.54020e-03
3.02000e+00	2.75799e-01	8.43457e-03
3.03000e+00	2.76373e-01	8.33034e-03
3.04000e+00	2.76945e-01	8.22749e-03
3.05000e+00	2.77517e-01	8.12602e-03
3.06000e+00	2.78088e-01	8.02588e-03
3.07000e+00	2.78658e-01	7.92708e-03
3.08000e+00	2.79227e-01	7.82957e-03
3.09000e+00	2.79795e-01	7.73335e-03
3.10000e+00	2.80362e-01	7.63840e-03
3.11000e+00	2.80928e-01	7.54469e-03
3.12000e+00	2.81493e-01	7.45221e-03
3.13000e+00	2.82057e-01	7.36093e-03
3.14000e+00	2.82620e-01	7.27085e-03
3.15000e+00	2.83182e-01	7.18194e-03
3.16000e+00	2.83744e-01	7.09419e-03
3.17000e+00	2.84304e-01	7.00757e-03
3.18000e+00	2.84863e-01	6.92208e-03
3.19000e+00	2.85422e-01	6.83769e-03
3.20000e+00	2.85979e-01	6.75439e-03
3.21000e+00	2.86535e-01	6.67216e-03
3.22000e+00	2.87091e-01	6.59099e-03
3.23000e+00	2.87645e-01	6.51085e-03
3.24000e+00	2.88198e-01	6.43175e-03
3.25000e+00	2.88751e-01	6.35366e-03
3.26000e+00	2.89302e-01	6.27656e-03
3.27000e+00	2.89852e-01	6.20045e-03
3.28000e+00	2.90402e-01	6.12530e-03
3.29000e+00	2.90950e-01	6.05111e-03
3.30000e+00	2.91497e-01	5.97786e-03
3.31000e+00	2.92043e-01	5.90554e-03
3.32000e+00	2.92588e-01	5.83413e-03
3.33000e+00	2.93132e-01	5.76363e-03
3.34000e+00	2.93675e-01	5.69401e-03
3.35000e+00	2.94217e-01	5.62526e-03
3.36000e+00	2.94758e-01	5.55738e-03
3.37000e+00	2.95298e-01	5.49036e-03
3.38000e+00	2.95837e-01	5.42417e-03
3.39000e+00	2.96375e-01	5.35880e-03
3.40000e+00	2.96912e-01	5.29426e-03
3.41000e+00	2.97447e-01	5.23052e-03
3.42000e+00	2.97982e-01	5.16757e-03
3.43000e+00	2.98515e-01	5.10540e-03
3.44000e+00	2.99047e-01	5.04401e-03
3.45000e+00	2.99579e-01	4.98338e-03
3.46000e+00	3.00109e-01	4.92350e-03
3.47000e+00	3.00638e-01	4.86435e-03
3.48000e+00	3.01166e-01	4.80594e-03
3.49000e+00	3.01693e-01	4.74825e-03
3.50000e+00	3.02219e-01	4.69127e-03
3.51000e+00	3.02743e-01	4.63499e-03
3.52000e+00	3.03267e-01	4.57940e-03
3.53000e+00	3.03789e-01	4.52449e-03
3.54000e+00	3.04310e-01	4.47025e-03
3.55000e+00	3.04831e-01	4.41668e-03
3.56000e+00	3.05350e-01	4.36376e-03
3.57000e+00	3.05868e-01	4.31149e-03
3.58000e+00	3.06384e-01	4.25985e-03
3.59000e+00	3.06900e-01	4.20885e-03
3.60000e+00	3.07414e-01	4.15846e-03
3.61000e+00	3.07928e-01	4.10869e-03
3.62000e+00	3.08440e-01	4.05951e-03
3.63000e+00	3.08951e-01	4.01094e-03
3.64000e+00	3.09461e-01	3.96295e-03
3.65000e+00	3.09969e-01	3.91554e-03
3.66000e+00	3.10477e-01	3.86871e-03
3.67000e+00	3.10983e-01	3.82244e-03
3.68000e+00	3.11489e-01	3.77673e-03
3.69000e+00	3.11993e-01	3.73156e-03
3.70000e+00	3.12495e-01	3.68694e-03
3.71000e+00	3.12997e-01	3.64286e-03
3.72000e+00	3.13498e-01	3.59931e-03
3.73000e+00	3.13997e-01	3.55627e-03
3.74000e+00	3.14495e-01	3.51376e-03
3.75000e+00	3.14992e-01	3.47175e-03
3.76000e+00	3.15487e-01	3.43024e-03
3.77000e+00	3.15982e-01	3.38923e-03
3.78000e+00	3.16475e-01	3.34871e-03
3.79000e+00	3.16967e-01	3.30867e-03
3.80000e+00	3.17458e-01	3.26911e-03
3.81000e+00	3.17948e-01	3.23002e-03
3.82000e+00	3.18436e-01	3.19139e-03
3.83000e+00	3.18924e-01	3.15322e-03
3.84000e+00	3.19410e-01	3.11551e-03
3.85000e+00	3.19895e-01	3.07824e-03
3.86000e+00	3.20378e-01	3.04142e-03
3.87000e+00	3.20860e-01	3.00503e-03
3.88000e+00	3.21342e-01	2.96907e-03
3.89000e+00	3.21821e-01	2.93353e-03
3.90000e+00	3.22300e-01	2.89841e-03
3.91000e+00	3.22778e-01	2.86371e-03
3.92000e+00	3.23254e-01	2.82942e-03
3.93000e+00	3.23729e-01	2.79553e-03
3.94000e+00	3.24202e-01	2.76204e-03
3.95000e+00	3.24675e-01	2.72895e-03
3.96000e+00	3.25146e-01	2.69624e-03
3.97000e+00	3.25616e-01	2.66392e-03
3.98000e+00	3.26084e-01	2.63198e-03
3.99000e+00	3.26552e-01	2.60041e-03
4.00000e+00	3.27018e-01	2.56921e-03
4.01000e+00	3.27483e-01	2.53838e-03
4.02000e+00	3.27947e-01	2.50791e-03
4.03000e+00	3.28409e-01	2.47779e-03
4.04000e+00	3.28870e-01	2.44803e-03
4.05000e+00	3.29330e-01	2.41861e-03
4.06000e+00	3.29788e-01	2.38954e-03
4.07000e+00	3.30245e-01	2.36081e-03
4.08000e+00	3.30701e-01	2.33241e-03
4.09000e+00	3.31156e-01	2.30435e-03
4.10000e+00	3.31609e-01	2.27661e-03
4.11000e+00	3.32062e-01	2.24919e-03
4.12000e+00	3.32512e-01	2.22209e-03
4.13000e+00	3.32962e-01	2.19531e-03
4.14000e+00	3.33410e-01	2.16884e-03
4.15000e+00	3.33857e-01	2.14268e-03
4.16000e+00	3.34303e-01	2.11682e-03
4.17000e+00	3.34747e-01	2.09126e-03
4.18000e+00	3.35190e-01	2.06600e-03
4.19000e+00	3.35632e-01	2.04103e-03
4.20000e+00	3.36072e-01	2.01636e-03
4.21000e+00	3.36511e-01	1.99196e-03
4.22000e+00	3.36949e-01	1.96785e-03
4.23000e+00	3.37385e-01	1.94402e-03
4.24000e+00	3.37821e-01	1.92047e-03
4.25000e+00	3.38254e-01	1.89719e-03
4.26000e+00	3.38687e-01	1.87417e-03
4.27000e+00	3.39118e-01	1.85143e-03
4.28000e+00	3.39548e-01	1.82894e-03
4.29000e+00	3.39977e-01	1.80672e-03
4.30000e+00	3.40404e-01	1.78475e-03
4.31000e+00	3.40830e-01	1.76304e-03
4.32000e+00	3.41254e-01	1.74158e-03
4.33000e+00	3.41678e-01	1.72037e-03
4.34000e+00	3.42100e-01	1.69940e-03
4.35000e+00	3.42520e-01	1.67867e-03
4.36000e+00	3.42939e-01	1.65818e-03
4.37000e+00	3.43357e-01	1.63793e-03
4.38000e+00	3.43774e-01	1.61791e-03
4.39000e+00	3.44189e-01	1.59812e-03
4.40000e+00	3.44603e-01	1.57856e-03
4.41000e+00	3.45016e-01	1.55923e-03
4.42000e+00	3.45427e-01	1.54012e-03
4.43000e+00	3.45837e-01	1.52123e-03
4.44000e+00	3.46245e-01	1.50255e-03
4.45000e+00	3.46652e-01	1.48410e-03
4.46000e+00	3.47058e-01	1.46585e-03
4.47000e+00	3.47463e-01	1.44782e-03
4.48000e+00	3.47866e-01	1.42999e-03
4.49000e+00	3.48268e-01	1.41237e-03
4.50000e+00	3.48668e-01	1.39495e-03
4.51000e+00	3.49067e-01	1.37773e-03
4.52000e+00	3.49465e-01	1.36071e-03
4.53000e+00	3.49861e-01	1.34388e-03
4.54000e+00	3.50256e-01	1.32725e-03
4.55000e+00	3.50650e-01	1.31081e-03
4.56000e+00	3.51042e-01	1.29456e-03
4.57000e+00	3.51433e-01	1.27850e-03
4.58000e+00	3.51822e-01	1.26262e-03
4.59000e+00	3.52210e-01	1.24692e-03
4.60000e+00	3.52597e-01	1.23141e-03
4.61000e+00	3.52983e-01	1.21607e-03
4.62000e+00	3.53367e-01	1.20091e-03
4.63000e+00	3.53749e-01	1.18592e-03
4.64000e+00	3.54131e-01	1.17111e-03
4.65000e+00	3.54511e-01	1.15647e-03
4.66000e+00	3.54889e-01	1.14200e-03
4.67000e+00	3.55266e-01	1.12769e-03
4.68000e+00	3.55642e-01	1.11355e-03
4.69000e+00	3.56017e-01	1.09957e-03
4.70000e+00	3.56390e-01	1.08575e-03
4.71000e+00	3.56762e-01	1.07209e-03
4.72000e+00	3.57132e-01	1.05859e-03
4.73000e+00	3.57501e-01	1.04524e-03
4.74000e+00	3.57868e-01	1.03205e-03
4.75000e+00	3.58235e-01	1.01901e-03
4.76000e+00	3.58599e-01	1.00612e-03
4.77000e+00	3.58963e-01	9.93380e-04
4.78000e+00	3.59325e-01	9.80786e-04
4.79000e+00	3.59685e-01	9.68338e-04
4.80000e+00	3.60045e-01	9.56033e-04
4.81000e+00	3.60403e-01	9.43871e-04
4.82000e+00	3.60759e-01	9.31849e-04
4.83000e+00	3.61114e-01	9.19966e-04
4.84000e+00	3.61468e-01	9.08220e-04
4.85000e+00	3.61820e-01	8.96610e-04
4.86000e+00	3.62171e-01	8.85135e-04
4.87000e+00	3.62521e-01	8.73792e-04
4.88000e+00	3.62869e-01	8.62580e-04
4.89000e+00	3.63216e-01	8.51499e-04
4.90000e+00	3.63561e-01	8.40545e-04
4.91000e+00	3.63905e-01	8.29719e-04
4.92000e+00	3.64248e-01	8.19018e-04
4.93000e+00	3.64589e-01	8.08441e-04
4.94000e+00	3.64929e-01	7.97987e-04
4.95000e+00	3.65268e-01	7.87655e-04
4.96000e+00	3.65605e-01	7.77442e-04
4.97000e+00	3.65941e-01	7.67348e-04
4.98000e+00	3.66275e-01	7.57371e-04
4.99000e+00	3.66608e-01	7.47510e-04
5.00000e+00	3.66939e-01	7.37764e-04
5.01000e+00	3.67270e-01	7.28132e-04
5.02000e+00	3.67598e-01	7.18612e-04
5.03000e+00	3.67926e-01	7.09202e-04
5.04000e+00	3.68252e-01	6.99903e-04
5.05000e+00	3.68576e-01	6.90711e-04
5.06000e+00	3.68899e-01	6.81627e-04
5.07000e+00	3.69221e-01	6.72650e-04
5.08000e+00	3.69542e-01	6.63777e-04
5.09000e+00	3.69861e-01	6.55008e-04
5.10000e+00	3.70178e-01	6.46341e-04
5.11000e+00	3.70495e-01	6.37776e-04
5.12000e+00	3.70809e-01	6.29311e-04
5.13000e+00	3.71123e-01	6.20946e-04
5.14000e+00	3.71435e-01	6.12678e-04
5.15000e+00	3.71746e-01	6.04508e-04
5.16000e+00	3.72055e-01	5.96433e-04
5.17000e+00	3.72363e-01	5.88454e-04
5.18000e+00	3.72669e-01	5.80568e-04
5.19000e+00	3.72975e-01	5.72776e-04
5.20000e+00	3.73278e-01	5.65075e-04
5.21000e+00	3.73581e-01	5.57465e-04
5.22000e+00	3.73882e-01	5.49944e-04
5.23000e+00	3.74181e-01	5.42513e-04
5.24000e+00	3.74479e-01	5.35169e-04
5.25000e+00	3.74776e-01	5.27912e-04
5.26000e+00	3.75072e-01	5.20741e-04
5.27000e+00	3.75366e-01	5.13655e-04
5.28000e+00	3.75658e-01	5.06653e-04
5.29000e+00	3.75950e-01	4.99734e-04
5.30000e+00	3.76240e-01	4.92897e-04
5.31000e+00	3.76528e-01	4.86141e-04
5.32000e+00	3.76815e-01	4.79466e-04
5.33000e+00	3.77101e-01	4.72870e-04
5.34000e+00	3.77385e-01	4.66353e-04
5.35000e+00	3.77668e-01	4.59914e-04
5.36000e+00	3.77950e-01	4.53552e-04
5.37000e+00	3.78230e-01	4.47265e-04
5.38000e+00	3.78509e-01	4.41054e-04
5.39000e+00	3.78786e-01	4.34917e-04
5.40000e+00	3.79062e-01	4.28854e-04
5.41000e+00	3.79337e-01	4.22864e-04
5.42000e+00	3.79610e-01	4.16945e-04
5.43000e+00	3.79882e-01	4.11098e-04
5.44000e+00	3.80153e-01	4.05321e-04
5.45000e+00	3.80422e-01	3.99614e-04
5.46000e+00	3.80690e-01	3.93975e-04
5.47000e+00	3.80956e-01	3.88405e-04
5.48000e+00	3.81221e-01	3.82902e-04
5.49000e+00	3.81485e-01	3.77466e-04
5.50000e+00	3.81747e-01	3.72095e-04
5.51000e+00	3.82008e-01	3.66790e-04
5.52000e+00	3.82268e-01	3.61549e-04
5.53000e+00	3.82526e-01	3.56372e-04
5.54000e+00	3.82783e-01	3.51258e-04
5.55000e+00	3.83039e-01	3.46206e-04
5.56000e+00	3.83293e-01	3.41216e-04
5.57000e+00	3.83545e-01	3.36287e-04
5.58000e+00	3.83797e-01	3.31418e-04
5.59000e+00	3.84047e-01	3.26609e-04
5.60000e+00	3.84295e-01	3.21859e-04
5.61000e+00	3.84543e-01	3.17167e-04
5.62000e+00	3.84789e-01	3.12533e-04
5.63000e+00	3.85033e-01	3.07956e-04
5.64000e+00	3.85277e-01	3.03435e-04
5.65000e+00	3.85518e-01	2.98971e-04
5.66000e+00	3.85759e-01	2.94561e-04
5.67000e+00	3.85998e-01	2.90206e-04
5.68000e+00	3.86236e-01	2.85906e-04
5.69000e+00	3.86472e-01	2.81658e-04
5.70000e+00	3.86708e-01	2.77464e-04
5.71000e+00	3.86941e-01	2.73321e-04
5.72000e+00	3.87174e-01	2.69231e-04
5.73000e+00	3.87405e-01	2.65191e-04
5.74000e+00	3.87634e-01	2.61202e-04
5.75000e+00	3.87863e-01	2.57263e-04
5.76000e+00	3.88090e-01	2.53374e-04
5.77000e+00	3.88316e-01	2.49533e-04
5.78000e+00	3.88540e-01	2.45741e-04
5.79000e+00	3.88763e-01	2.41997e-04
5.80000e+00	3.88985e-01	2.38300e-04
5.81000e+00	3.89205e-01	2.34649e-04
5.82000e+00	3.89424e-01	2.31045e-04
5.83000e+00	3.89642e-01	2.27487e-04
5.84000e+00	3.89858e-01	2.23974e-04
5.85000e+00	3.90073e-01	2.20506e-04
5.86000e+00	3.90287e-01	2.17082e-04
5.87000e+00	3.90499e-01	2.13701e-04
5.88000e+00	3.90710e-01	2.10364e-04
5.89000e+00	3.90920e-01	2.07070e-04
5.90000e+00	3.91128e-01	2.03819e-04
5.91000e+00	3.91336e-01	2.00609e-04
5.92000e+00	3.91541e-01	1.97440e-04
5.93000e+00	3.91746e-01	1.94313e-04
5.94000e+00	3.91949e-01	1.91226e-04
5.95000e+00	3.92151e-01	1.88179e-04
5.96000e+00	3.92351e-01	1.85171e-04
5.97000e+00	3.92551e-01	1.82203e-04
5.98000e+00	3.92748e-01	1.79274e-04
5.99000e+00	3.92945e-01	1.76382e-04
6.00000e+00	3.93140e-01	1.73529e-04
6.01000e+00	3.93334e-01	1.70713e-04
6.02000e+00	3.93527e-01	1.67935e-04
6.03000e+00	3.93718e-01	1.65193e-04
6.04000e+00	3.93909e-01	1.62487e-04
6.05000e+00	3.94097e-01	1.59817e-04
6.06000e+00	3.94285e-01	1.57182e-04
6.07000e+00	3.94471e-01	1.54582e-04
6.08000e+00	3.94656e-01	1.52017e-04
6.09000e+00	3.94840e-01	1.49487e-04
6.10000e+00	3.95022e-01	1.46990e-04
6.11000e+00	3.95203e-01	1.44527e-04
6.12000e+00	3.95383e-01	1.42096e-04
6.13000e+00	3.95562e-01	1.39699e-04
6.14000e+00	3.95739e-01	1.37334e-04
6.15000e+00	3.95915e-01	1.35001e-04
6.16000e+00	3.96090e-01	1.32700e-04
6.17000e+00	3.96263e-01	1.30430e-04
6.18000e+00	3.96435e-01	1.28190e-04
6.19000e+00	3.96606e-01	1.25982e-04
6.20000e+00	3.96776e-01	1.23804e-04
6.21000e+00	3.96944e-01	1.21655e-04
6.22000e+00	3.97111e-01	1.19537e-04
6.23000e+00	3.97277e-01	1.17447e-04
6.24000e+00	3.97442e-01	1.15387e-04
6.25000e+00	3.97605e-01	1.13355e-04
6.26000e+00	3.97767e-01	1.11351e-04
6.27000e+00	3.97928e-01	1.09376e-04
6.28000e+00	3.98088e-01	1.07428e-04
6.29000e+00	3.98246e-01	1.05507e-04
6.30000e+00	3.98403e-01	1.03613e-04
6.31000e+00	3.98559e-01	1.01746e-04
6.32000e+00	3.98714e-01	9.99057e-05
6.33000e+00	3.98867e-01	9.80912e-05
6.34000e+00	3.99019e-01	9.63026e-05
6.35000e+00	3.99170e-01	9.45395e-05
6.36000e+00	3.99320e-01	9.28017e-05
6.37000e+00	3.99469e-01	9.10887e-05
6.38000e+00	3.99616e-01	8.94005e-05
6.39000e+00	3.99762e-01	8.77366e-05
6.40000e+00	3.99907e-01	8.60968e-05
6.41000e+00	4.00051e-01	8.44808e-05
6.42000e+00	4.00193e-01	8.28883e-05
6.43000e+00	4.00334e-01	8.13192e-05
6.44000e+00	4.00474e-01	7.97730e-05
6.45000e+00	4.00613e-01	7.82496e-05
6.46000e+00	4.00751e-01	7.67487e-05
6.47000e+00	4.00887e-01	7.52700e-05
6.48000e+00	4.01023e-01	7.38133e-05
6.49000e+00	4.01157e-01	7.23783e-05
6.50000e+00	4.01290e-01	7.09647e-05
6.51000e+00	4.01421e-01	6.95724e-05
6.52000e+00	4.01552e-01	6.82010e-05
6.53000e+00	4.01681e-01	6.68503e-05
6.54000e+00	4.01809e-01	6.55201e-05
6.55000e+00	4.01936e-01	6.42102e-05
6.56000e+00	4.02062e-01	6.29202e-05
6.57000e+00	4.02187e-01	6.16501e-05
6.58000e+00	4.02310e-01	6.03994e-05
6.59000e+00	4.02433e-01	5.91681e-05
6.60000e+00	4.02554e-01	5.79559e-05
6.61000e+00	4.02674e-01	5.67625e-05
6.62000e+00	4.02793e-01	5.55878e-05
6.63000e+00	4.02910e-01	5.44314e-05
6.64000e+00	4.03027e-01	5.32933e-05
6.65000e+00	4.03142e-01	5.21732e-05
6.66000e+00	4.03257e-01	5.10708e-05
6.67000e+00	4.03370e-01	4.99860e-05
6.68000e+00	4.03482e-01	4.89185e-05
6.69000e+00	4.03593e-01	4.78682e-05
6.70000e+00	4.03702e-01	4.68348e-05
6.71000e+00	4.03811e-01	4.58181e-05
6.72000e+00	4.03918e-01	4.48180e-05
6.73000e+00	4.04025e-01	4.38342e-05
6.74000e+00	4.04130e-01	4.28666e-05
6.75000e+00	4.04234e-01	4.19149e-05
6.76000e+00	4.04337e-01	4.09789e-05
6.77000e+00	4.04439e-01	4.00585e-05
6.78000e+00	4.04540e-01	3.91535e-05
6.79000e+00	4.04640e-01	3.82637e-05
6.80000e+00	4.04739e-01	3.73889e-05
6.81000e+00	4.04836e-01	3.65289e-05
6.82000e+00	4.04933e-01	3.56835e-05
6.83000e+00	4.05028e-01	3.48526e-05
6.84000e+00	4.05122e-01	3.40359e-05
6.85000e+00	4.05215e-01	3.32334e-05
6.86000e+00	4.05308e-01	3.24448e-05
6.87000e+00	4.05399e-01	3.16700e-05
6.88000e+00	4.05489e-01	3.09087e-05
6.89000e+00	4.05578e-01	3.01609e-05
6.90000e+00	4.05666e-01	2.94263e-05
6.91000e+00	4.05752e-01	2.87048e-05
6.92000e+00	4.05838e-01	2.79962e-05
6.93000e+00	4.05923e-01	2.73004e-05
6.94000e+00	4.06007e-01	2.66172e-05
6.95000e+00	4.06089e-01	2.59464e-05
6.96000e+00	4.06171e-01	2.52879e-05
6.97000e+00	4.06252e-01	2.46416e-05
6.98000e+00	4.06331e-01	2.40072e-05
6.99000e+00	4.06410e-01	2.33846e-05
7.00000e+00	4.06487e-01	2.27737e-05
7.01000e+00	4.06564e-01	2.21744e-05
7.02000e+00	4.06639e-01	2.15864e-05
7.03000e+00	4.06714e-01	2.10096e-05
7.04000e+00	4.06787e-01	2.04439e-05
7.05000e+00	4.06860e-01	1.98891e-05
7.06000e+00	4.06931e-01	1.93452e-05
7.07000e+00	4.07002e-01	1.88119e-05
7.08000e+00	4.07071e-01	1.82891e-05
7.09000e+00	4.07140e-01	1.77766e-05
7.10000e+00	4.07207e-01	1.72745e-05
7.11000e+00	4.07274e-01	1.67824e-05
7.12000e+00	4.07339e-01	1.63003e-05
7.13000e+00	4.07404e-01	1.58280e-05
7.14000e+00	4.07468e-01	1.53654e-05
7.15000e+00	4.07530e-01	1.49124e-05
7.16000e+00	4.07592e-01	1.44689e-05
7.17000e+00	4.07653e-01	1.40347e-05
7.18000e+00	4.07713e-01	1.36096e-05
7.19000e+00	4.07772e-01	1.31937e-05
7.20000e+00	4.07830e-01	1.27867e-05
7.21000e+00	4.07887e-01	1.23884e-05
7.22000e+00	4.07943e-01	1.19989e-05
7.23000e+00	4.07998e-01	1.16180e-05
7.24000e+00	4.08052e-01	1.12455e-05
7.25000e+00	4.08106e-01	1.08814e-05
7.26000e+00	4.08158e-01	1.05255e-05
7.27000e+00	4.08210e-01	1.01777e-05
7.28000e+00	4.08261e-01	9.83792e-06
7.29000e+00	4.08310e-01	9.50599e-06
7.30000e+00	4.08359e-01	9.18184e-06
7.31000e+00	4.08407e-01	8.86534e-06
7.32000e+00	4.08454e-01	8.55638e-06
7.33000e+00	4.08501e-01	8.25486e-06
7.34000e+00	4.08546e-01	7.96066e-06
7.35000e+00	4.08591e-01	7.67369e-06
7.36000e+00	4.08634e-01	7.39382e-06
7.37000e+00	4.08677e-01	7.12097e-06
7.38000e+00	4.08719e-01	6.85502e-06
7.39000e+00	4.08760e-01	6.59586e-06
7.40000e+00	4.08800e-01	6.34341e-06
7.41000e+00	4.08840e-01	6.09755e-06
7.42000e+00	4.08878e-01	5.85819e-06
7.43000e+00	4.08916e-01	5.62522e-06
7.44000e+00	4.08953e-01	5.39854e-06
7.45000e+00	4.08989e-01	5.17807e-06
7.46000e+00	4.09025e-01	4.96369e-06
7.47000e+00	4.09059e-01	4.75532e-06
7.48000e+00	4.09093e-01	4.55287e-06
7.49000e+00	4.09126e-01	4.35622e-06
7.50000e+00	4.09158e-01	4.16530e-06
7.51000e+00	4.09190e-01	3.98000e-06
7.52000e+00	4.09220e-01	3.80024e-06
7.53000e+00	4.09250e-01	3.62593e-06
7.54000e+00	4.09279e-01	3.45697e-06
7.55000e+00	4.09308e-01	3.29327e-06
7.56000e+00	4.09336e-01	3.13475e-06
7.57000e+00	4.09362e-01	2.98132e-06
7.58000e+00	4.09389e-01	2.83289e-06
7.59000e+00	4.09414e-01	2.68936e-06
7.60000e+00	4.09439e-01	2.55067e-06
7.61000e+00	4.09463e-01	2.41671e-06
7.62000e+00	4.09486e-01	2.28741e-06
7.63000e+00	4.09509e-01	2.16268e-06
7.64000e+00	4.09531e-01	2.04244e-06
7.65000e+00	4.09552e-01	1.92660e-06
7.66000e+00	4.09572e-01	1.81509e-06
7.67000e+00	4.09592e-01	1.70782e-06
7.68000e+00	4.09612e-01	1.60470e-06
7.69000e+00	4.09630e-01	1.50566e-06
7.70000e+00	4.09648e-01	1.41062e-06
7.71000e+00	4.09665e-01	1.31950e-06
7.72000e+00	4.09682e-01	1.23222e-06
7.73000e+00	4.09698e-01	1.14870e-06
7.74000e+00	4.09713e-01	1.06886e-06
7.75000e+00	4.09728e-01	9.92623e-07
7.76000e+00	4.09742e-01	9.19914e-07
7.77000e+00	4.09756e-01	8.50655e-07
7.78000e+00	4.09769e-01	7.84769e-07
7.79000e+00	4.09781e-01	7.22180e-07
7.80000e+00	4.09793e-01	6.62811e-07
7.81000e+00	4.09804e-01	6.06586e-07
7.82000e+00	4.09815e-01	5.53432e-07
7.83000e+00	4.09825e-01	5.03271e-07
7.84000e+00	4.09834e-01	4.56029e-07
7.85000e+00	4.09843e-01	4.11631e-07
7.86000e+00	4.09852e-01	3.70002e-07
7.87000e+00	4.09860e-01	3.31067e-07
7.88000e+00	4.09868e-01	2.94752e-07
7.89000e+00	4.09875e-01	2.60981e-07
7.90000e+00	4.09881e-01	2.29680e-07
7.91000e+00	4.09887e-01	2.00774e-07
7.92000e+00	4.09893e-01	1.74186e-07
7.93000e+00	4.09898e-01	1.49842e-07
7.94000e+00	4.09903e-01	1.27666e-07
7.95000e+00	4.09907e-01	1.07580e-07
7.96000e+00	4.09911e-01	8.95074e-08
7.97000e+00	4.09915e-01	7.33701e-08
7.98000e+00	4.09918e-01	5.90890e-08
7.99000e+00	4.09921e-01	4.65837e-08
8.00000e+00	4.09923e-01	3.57727e-08
8.01000e+00	4.09925e-01	2.65725e-08
8.02000e+00	4.09927e-01	1.88978e-08
8.03000e+00	4.09928e-01	1.26606e-08
8.04000e+00	4.09929e-01	7.77004e-09
8.05000e+00	4.09930e-01	4.13192e-09
8.06000e+00	4.09931e-01	1.64849e-09
8.07000e+00	4.09931e-01	2.21748e-10
