1.00000e-02	3.12707e-20	8.00000e+02
2.00000e-02	2.18895e-04	8.00000e+02
3.00000e-02	8.13038e-04	7.73067e+02
4.00000e-02	1.93195e-03	7.27850e+02
5.00000e-02	3.67111e-03	6.66732e+02
6.00000e-02	6.05258e-03	5.92085e+02
7.00000e-02	9.01253e-03	5.07245e+02
8.00000e-02	1.24002e-02	4.16909e+02
9.00000e-02	1.59945e-02	3.27161e+02
1.00000e-01	1.95422e-02	2.44818e+02
1.10000e-01	2.28154e-02	1.75814e+02
1.20000e-01	2.56689e-02	1.23155e+02
1.30000e-01	2.80651e-02	8.60576e+01
1.40000e-01	3.00510e-02	6.12022e+01
1.50000e-01	3.17099e-02	4.48196e+01
1.60000e-01	3.31237e-02	3.39195e+01
1.70000e-01	3.43585e-02	2.64935e+01
1.80000e-01	3.54627e-02	2.12850e+01
1.90000e-01	3.64708e-02	1.75219e+01
2.00000e-01	3.74077e-02	1.47264e+01
2.10000e-01	3.82912e-02	1.25968e+01
2.20000e-01	3.91344e-02	1.09376e+01
2.30000e-01	3.99472e-02	9.61923e+00
2.40000e-01	4.07370e-02	8.55311e+00
2.50000e-01	4.15097e-02	7.67759e+00
2.60000e-01	4.22698e-02	6.94868e+00
2.70000e-01	4.30210e-02	6.33440e+00
2.80000e-01	4.37662e-02	5.81107e+00
2.90000e-01	4.45078e-02	5.36085e+00
3.00000e-01	4.52480e-02	4.97012e+00
3.10000e-01	4.59882e-02	4.62831e+00
3.20000e-01	4.67301e-02	4.32713e+00
3.30000e-01	4.74748e-02	4.06000e+00
3.40000e-01	4.82232e-02	3.82166e+00
3.50000e-01	4.89764e-02	3.60782e+00
3.60000e-01	4.97350e-02	3.41499e+00
3.70000e-01	5.04998e-02	3.24030e+00
3.80000e-01	5.12713e-02	3.08135e+00
3.90000e-01	5.20500e-02	2.93615e+00
4.00000e-01	5.28364e-02	2.80302e+00
4.10000e-01	5.36309e-02	2.68053e+00
4.20000e-01	5.44338e-02	2.56746e+00
4.30000e-01	5.52454e-02	2.46277e+00
4.40000e-01	5.60661e-02	2.36558e+00
4.50000e-01	5.68959e-02	2.27510e+00
4.60000e-01	5.77352e-02	2.19066e+00
4.70000e-01	5.85842e-02	2.11167e+00
4.80000e-01	5.94429e-02	2.03762e+00
4.90000e-01	6.03116e-02	1.96805e+00
5.00000e-01	6.11903e-02	1.90257e+00
5.10000e-01	6.20791e-02	1.84082e+00
5.20000e-01	6.29782e-02	1.78248e+00
5.30000e-01	6.38876e-02	1.72728e+00
5.40000e-01	6.48074e-02	1.67496e+00
5.50000e-01	6.57376e-02	1.62529e+00
5.60000e-01	6.66783e-02	1.57809e+00
5.70000e-01	6.76294e-02	1.53315e+00
5.80000e-01	6.85911e-02	1.49033e+00
5.90000e-01	6.95633e-02	1.44946e+00
6.00000e-01	7.05460e-02	1.41042e+00
6.10000e-01	7.15393e-02	1.37307e+00
6.20000e-01	7.25430e-02	1.33732e+00
6.30000e-01	7.35572e-02	1.30305e+00
6.40000e-01	7.45819e-02	1.27017e+00
6.50000e-01	7.56170e-02	1.23860e+00
6.60000e-01	7.66625e-02	1.20825e+00
6.70000e-01	7.77184e-02	1.17906e+00
6.80000e-01	7.87845e-02	1.15096e+00
6.90000e-01	7.98609e-02	1.12388e+00
7.00000e-01	8.09474e-02	1.09777e+00
7.10000e-01	8.20441e-02	1.07258e+00
7.20000e-01	8.31508e-02	1.04825e+00
7.30000e-01	8.42676e-02	1.02475e+00
7.40000e-01	8.53942e-02	1.00202e+00
7.50000e-01	8.65307e-02	9.80030e-01
7.60000e-01	8.76769e-02	9.58745e-01
7.70000e-01	8.88329e-02	9.38129e-01
7.80000e-01	8.99984e-02	9.18149e-01
7.90000e-01	9.11734e-02	8.98777e-01
8.00000e-01	9.23578e-02	8.79984e-01
8.10000e-01	9.35516e-02	8.61744e-01
8.20000e-01	9.47545e-02	8.44032e-01
8.30000e-01	9.59666e-02	8.26825e-01
8.40000e-01	9.71877e-02	8.10102e-01
8.50000e-01	9.84178e-02	7.93842e-01
8.60000e-01	9.96567e-02	7.78026e-01
8.70000e-01	1.00904e-01	7.62636e-01
8.80000e-01	1.02160e-01	7.47655e-01
8.90000e-01	1.03425e-01	7.33067e-01
9.00000e-01	1.04698e-01	7.18856e-01
9.10000e-01	1.05980e-01	7.05008e-01
9.20000e-01	1.07269e-01	6.91510e-01
9.30000e-01	1.08567e-01	6.78348e-01
9.40000e-01	1.09872e-01	6.65510e-01
9.50000e-01	1.11186e-01	6.52984e-01
9.60000e-01	1.12507e-01	6.40760e-01
9.70000e-01	1.13835e-01	6.28828e-01
9.80000e-01	1.15171e-01	6.17176e-01
9.90000e-01	1.16515e-01	6.05795e-01
1.00000e+00	1.17866e-01	5.94677e-01
1.01000e+00	1.19223e-01	5.83813e-01
1.02000e+00	1.20588e-01	5.73194e-01
1.03000e+00	1.21960e-01	5.62813e-01
1.04000e+00	1.23338e-01	5.52663e-01
1.05000e+00	1.24723e-01	5.42735e-01
1.06000e+00	1.26115e-01	5.33024e-01
1.07000e+00	1.27512e-01	5.23522e-01
1.08000e+00	1.28917e-01	5.14224e-01
1.09000e+00	1.30327e-01	5.05123e-01
1.10000e+00	1.31743e-01	4.96214e-01
1.11000e+00	1.33165e-01	4.87491e-01
1.12000e+00	1.34593e-01	4.78949e-01
1.13000e+00	1.36026e-01	4.70583e-01
1.14000e+00	1.37465e-01	4.62387e-01
1.15000e+00	1.38910e-01	4.54358e-01
1.16000e+00	1.40359e-01	4.46491e-01
1.17000e+00	1.41814e-01	4.38781e-01
1.18000e+00	1.43274e-01	4.31224e-01
1.19000e+00	1.44738e-01	4.23817e-01
1.20000e+00	1.46208e-01	4.16554e-01
1.21000e+00	1.47682e-01	4.09434e-01
1.22000e+00	1.49160e-01	4.02452e-01
1.23000e+00	1.50643e-01	3.95604e-01
1.24000e+00	1.52130e-01	3.88887e-01
1.25000e+00	1.53621e-01	3.82299e-01
1.26000e+00	1.55117e-01	3.75836e-01
1.27000e+00	1.56616e-01	3.69494e-01
1.28000e+00	1.58119e-01	3.63272e-01
1.29000e+00	1.59625e-01	3.57165e-01
1.30000e+00	1.61136e-01	3.51173e-01
1.31000e+00	1.62649e-01	3.45291e-01
1.32000e+00	1.64166e-01	3.39517e-01
1.33000e+00	1.65686e-01	3.33850e-01
1.34000e+00	1.67209e-01	3.28286e-01
1.35000e+00	1.68735e-01	3.22823e-01
1.36000e+00	1.70264e-01	3.17459e-01
1.37000e+00	1.71796e-01	3.12191e-01
1.38000e+00	1.73330e-01	3.07019e-01
1.39000e+00	1.74867e-01	3.01939e-01
1.40000e+00	1.76406e-01	2.96950e-01
1.41000e+00	1.77948e-01	2.92049e-01
1.42000e+00	1.79491e-01	2.87235e-01
1.43000e+00	1.81037e-01	2.82506e-01
1.44000e+00	1.82585e-01	2.77861e-01
1.45000e+00	1.84134e-01	2.73297e-01
1.46000e+00	1.85685e-01	2.68812e-01
1.47000e+00	1.87238e-01	2.64406e-01
1.48000e+00	1.88792e-01	2.60077e-01
1.49000e+00	1.90348e-01	2.55822e-01
1.50000e+00	1.91905e-01	2.51642e-01
1.51000e+00	1.93463e-01	2.47533e-01
1.52000e+00	1.95022e-01	2.43495e-01
1.53000e+00	1.96582e-01	2.39526e-01
1.54000e+00	1.98144e-01	2.35625e-01
1.55000e+00	1.99706e-01	2.31791e-01
1.56000e+00	2.01268e-01	2.28022e-01
1.57000e+00	2.02831e-01	2.24317e-01
1.58000e+00	2.04395e-01	2.20676e-01
1.59000e+00	2.05959e-01	2.17095e-01
1.60000e+00	2.07524e-01	2.13576e-01
1.61000e+00	2.09089e-01	2.10115e-01
1.62000e+00	2.10653e-01	2.06713e-01
1.63000e+00	2.12218e-01	2.03368e-01
1.64000e+00	2.13783e-01	2.00079e-01
1.65000e+00	2.15348e-01	1.96845e-01
1.66000e+00	2.16912e-01	1.93665e-01
1.67000e+00	2.18476e-01	1.90538e-01
1.68000e+00	2.20040e-01	1.87464e-01
1.69000e+00	2.21603e-01	1.84440e-01
1.70000e+00	2.23166e-01	1.81467e-01
1.71000e+00	2.24728e-01	1.78542e-01
1.72000e+00	2.26289e-01	1.75667e-01
1.73000e+00	2.27849e-01	1.72839e-01
1.74000e+00	2.29409e-01	1.70057e-01
1.75000e+00	2.30967e-01	1.67322e-01
1.76000e+00	2.32525e-01	1.64631e-01
1.77000e+00	2.34081e-01	1.61985e-01
1.78000e+00	2.35636e-01	1.59382e-01
1.79000e+00	2.37190e-01	1.56822e-01
1.80000e+00	2.38742e-01	1.54304e-01
1.81000e+00	2.40293e-01	1.51827e-01
1.82000e+00	2.41842e-01	1.49391e-01
1.83000e+00	2.43390e-01	1.46994e-01
1.84000e+00	2.44936e-01	1.44637e-01
1.85000e+00	2.46481e-01	1.42318e-01
1.86000e+00	2.48023e-01	1.40037e-01
1.87000e+00	2.49564e-01	1.37793e-01
1.88000e+00	2.51103e-01	1.35585e-01
1.89000e+00	2.52640e-01	1.33414e-01
1.90000e+00	2.54174e-01	1.31277e-01
1.91000e+00	2.55707e-01	1.29176e-01
1.92000e+00	2.57238e-01	1.27108e-01
1.93000e+00	2.58766e-01	1.25074e-01
1.94000e+00	2.60292e-01	1.23073e-01
1.95000e+00	2.61815e-01	1.21104e-01
1.96000e+00	2.63336e-01	1.19167e-01
1.97000e+00	2.64855e-01	1.17261e-01
1.98000e+00	2.66371e-01	1.15386e-01
1.99000e+00	2.67884e-01	1.13541e-01
2.00000e+00	2.69395e-01	1.11726e-01
2.01000e+00	2.70903e-01	1.09941e-01
2.02000e+00	2.72408e-01	1.08184e-01
2.03000e+00	2.73911e-01	1.06455e-01
2.04000e+00	2.75410e-01	1.04754e-01
2.05000e+00	2.76907e-01	1.03081e-01
2.06000e+00	2.78400e-01	1.01434e-01
2.07000e+00	2.79891e-01	9.98138e-02
2.08000e+00	2.81379e-01	9.82196e-02
2.09000e+00	2.82863e-01	9.66510e-02
2.10000e+00	2.84344e-01	9.51075e-02
2.11000e+00	2.85822e-01	9.35888e-02
2.12000e+00	2.87297e-01	9.20944e-02
2.13000e+00	2.88769e-01	9.06240e-02
2.14000e+00	2.90237e-01	8.91771e-02
2.15000e+00	2.91701e-01	8.77533e-02
2.16000e+00	2.93163e-01	8.63524e-02
2.17000e+00	2.94621e-01	8.49738e-02
2.18000e+00	2.96075e-01	8.36173e-02
2.19000e+00	2.97526e-01	8.22824e-02
2.20000e+00	2.98973e-01	8.09688e-02
2.21000e+00	3.00416e-01	7.96763e-02
2.22000e+00	3.01856e-01	7.84043e-02
2.23000e+00	3.03292e-01	7.71527e-02
2.24000e+00	3.04725e-01	7.59210e-02
2.25000e+00	3.06153e-01	7.47090e-02
2.26000e+00	3.07578e-01	7.35162e-02
2.27000e+00	3.08999e-01	7.23425e-02
2.28000e+00	3.10416e-01	7.11875e-02
2.29000e+00	3.11829e-01	7.00509e-02
2.30000e+00	3.13238e-01	6.89323e-02
2.31000e+00	3.14644e-01	6.78316e-02
2.32000e+00	3.16045e-01	6.67484e-02
2.33000e+00	3.17442e-01	6.56824e-02
2.34000e+00	3.18835e-01	6.46334e-02
2.35000e+00	3.20224e-01	6.36010e-02
2.36000e+00	3.21609e-01	6.25851e-02
2.37000e+00	3.22990e-01	6.15853e-02
2.38000e+00	3.24366e-01	6.06014e-02
2.39000e+00	3.25739e-01	5.96331e-02
2.40000e+00	3.27107e-01	5.86802e-02
2.41000e+00	3.28471e-01	5.77425e-02
2.42000e+00	3.29830e-01	5.68196e-02
2.43000e+00	3.31186e-01	5.59113e-02
2.44000e+00	3.32537e-01	5.50175e-02
2.45000e+00	3.33883e-01	5.41379e-02
2.46000e+00	3.35226e-01	5.32722e-02
2.47000e+00	3.36564e-01	5.24202e-02
2.48000e+00	3.37897e-01	5.15817e-02
2.49000e+00	3.39226e-01	5.07566e-02
2.50000e+00	3.40551e-01	4.99445e-02
2.51000e+00	3.41871e-01	4.91452e-02
2.52000e+00	3.43187e-01	4.83587e-02
2.53000e+00	3.44498e-01	4.75846e-02
2.54000e+00	3.45804e-01	4.68227e-02
2.55000e+00	3.47106e-01	4.60729e-02
2.56000e+00	3.48404e-01	4.53350e-02
2.57000e+00	3.49697e-01	4.46088e-02
2.58000e+00	3.50985e-01	4.38941e-02
2.59000e+00	3.52269e-01	4.31906e-02
2.60000e+00	3.53548e-01	4.24983e-02
2.61000e+00	3.54823e-01	4.18170e-02
2.62000e+00	3.56093e-01	4.11464e-02
2.63000e+00	3.57358e-01	4.04865e-02
2.64000e+00	3.58618e-01	3.98369e-02
2.65000e+00	3.59874e-01	3.91977e-02
2.66000e+00	3.61125e-01	3.85685e-02
2.67000e+00	3.62372e-01	3.79493e-02
2.68000e+00	3.63614e-01	3.73399e-02
2.69000e+00	3.64851e-01	3.67401e-02
2.70000e+00	3.66083e-01	3.61498e-02
2.71000e+00	3.67310e-01	3.55688e-02
2.72000e+00	3.68533e-01	3.49970e-02
2.73000e+00	3.69751e-01	3.44342e-02
2.74000e+00	3.70964e-01	3.38803e-02
2.75000e+00	3.72173e-01	3.33352e-02
2.76000e+00	3.73376e-01	3.27986e-02
2.77000e+00	3.74575e-01	3.22706e-02
2.78000e+00	3.75769e-01	3.17508e-02
2.79000e+00	3.76959e-01	3.12393e-02
2.80000e+00	3.78143e-01	3.07359e-02
2.81000e+00	3.79322e-01	3.02404e-02
2.82000e+00	3.80497e-01	2.97527e-02
2.83000e+00	3.81667e-01	2.92727e-02
2.84000e+00	3.82832e-01	2.88003e-02
2.85000e+00	3.83992e-01	2.83353e-02
2.86000e+00	3.85148e-01	2.78777e-02
2.87000e+00	3.86298e-01	2.74273e-02
2.88000e+00	3.87444e-01	2.69840e-02
2.89000e+00	3.88584e-01	2.65477e-02
2.90000e+00	3.89720e-01	2.61183e-02
2.91000e+00	3.90851e-01	2.56956e-02
2.92000e+00	3.91977e-01	2.52796e-02
2.93000e+00	3.93099e-01	2.48702e-02
2.94000e+00	3.94215e-01	2.44672e-02
2.95000e+00	3.95326e-01	2.40706e-02
2.96000e+00	3.96433e-01	2.36802e-02
2.97000e+00	3.97535e-01	2.32960e-02
2.98000e+00	3.98632e-01	2.29179e-02
2.99000e+00	3.99723e-01	2.25457e-02
3.00000e+00	4.00811e-01	2.21794e-02
3.01000e+00	4.01893e-01	2.18188e-02
3.02000e+00	4.02970e-01	2.14640e-02
3.03000e+00	4.04042e-01	2.11147e-02
3.04000e+00	4.05110e-01	2.07710e-02
3.05000e+00	4.06172e-01	2.04326e-02
3.06000e+00	4.07230e-01	2.00996e-02
3.07000e+00	4.08283e-01	1.97719e-02
3.08000e+00	4.09331e-01	1.94493e-02
3.09000e+00	4.10374e-01	1.91318e-02
3.10000e+00	4.11412e-01	1.88193e-02
3.11000e+00	4.12445e-01	1.85117e-02
3.12000e+00	4.13473e-01	1.82090e-02
3.13000e+00	4.14497e-01	1.79111e-02
3.14000e+00	4.15516e-01	1.76178e-02
3.15000e+00	4.16529e-01	1.73292e-02
3.16000e+00	4.17538e-01	1.70452e-02
3.17000e+00	4.18542e-01	1.67656e-02
3.18000e+00	4.19541e-01	1.64904e-02
3.19000e+00	4.20536e-01	1.62196e-02
3.20000e+00	4.21525e-01	1.59530e-02
3.21000e+00	4.22510e-01	1.56906e-02
3.22000e+00	4.23489e-01	1.54324e-02
3.23000e+00	4.24464e-01	1.51783e-02
3.24000e+00	4.25434e-01	1.49282e-02
3.25000e+00	4.26399e-01	1.46820e-02
3.26000e+00	4.27360e-01	1.44397e-02
3.27000e+00	4.28315e-01	1.42012e-02
3.28000e+00	4.29266e-01	1.39665e-02
3.29000e+00	4.30212e-01	1.37355e-02
3.30000e+00	4.31153e-01	1.35081e-02
3.31000e+00	4.32089e-01	1.32844e-02
3.32000e+00	4.33021e-01	1.30641e-02
3.33000e+00	4.33947e-01	1.28474e-02
3.34000e+00	4.34869e-01	1.26341e-02
3.35000e+00	4.35786e-01	1.24241e-02
3.36000e+00	4.36699e-01	1.22175e-02
3.37000e+00	4.37606e-01	1.20141e-02
3.38000e+00	4.38509e-01	1.18139e-02
3.39000e+00	4.39407e-01	1.16169e-02
3.40000e+00	4.40300e-01	1.14231e-02
3.41000e+00	4.41189e-01	1.12323e-02
3.42000e+00	4.42072e-01	1.10445e-02
3.43000e+00	4.42951e-01	1.08597e-02
3.44000e+00	4.43826e-01	1.06778e-02
3.45000e+00	4.44695e-01	1.04988e-02
3.46000e+00	4.45560e-01	1.03226e-02
3.47000e+00	4.46420e-01	1.01492e-02
3.48000e+00	4.47276e-01	9.97856e-03
3.49000e+00	4.48126e-01	9.81063e-03
3.50000e+00	4.48972e-01	9.64536e-03
3.51000e+00	4.49814e-01	9.48271e-03
3.52000e+00	4.50651e-01	9.32264e-03
3.53000e+00	4.51483e-01	9.16511e-03
3.54000e+00	4.52310e-01	9.01009e-03
3.55000e+00	4.53133e-01	8.85752e-03
3.56000e+00	4.53951e-01	8.70737e-03
3.57000e+00	4.54764e-01	8.55961e-03
3.58000e+00	4.55573e-01	8.41420e-03
3.59000e+00	4.56378e-01	8.27110e-03
3.60000e+00	4.57177e-01	8.13028e-03
3.61000e+00	4.57972e-01	7.99169e-03
3.62000e+00	4.58763e-01	7.85532e-03
3.63000e+00	4.59549e-01	7.72111e-03
3.64000e+00	4.60330e-01	7.58904e-03
3.65000e+00	4.61107e-01	7.45907e-03
3.66000e+00	4.61879e-01	7.33118e-03
3.67000e+00	4.62647e-01	7.20533e-03
3.68000e+00	4.63410e-01	7.08148e-03
3.69000e+00	4.64169e-01	6.95961e-03
3.70000e+00	4.64923e-01	6.83968e-03
3.71000e+00	4.65672e-01	6.72168e-03
3.72000e+00	4.66417e-01	6.60555e-03
3.73000e+00	4.67158e-01	6.49129e-03
3.74000e+00	4.67894e-01	6.37885e-03
3.75000e+00	4.68626e-01	6.26821e-03
3.76000e+00	4.69353e-01	6.15934e-03
3.77000e+00	4.70076e-01	6.05222e-03
3.78000e+00	4.70794e-01	5.94681e-03
3.79000e+00	4.71508e-01	5.84310e-03
3.80000e+00	4.72218e-01	5.74104e-03
3.81000e+00	4.72923e-01	5.64063e-03
3.82000e+00	4.73623e-01	5.54183e-03
3.83000e+00	4.74320e-01	5.44462e-03
3.84000e+00	4.75012e-01	5.34897e-03
3.85000e+00	4.75699e-01	5.25486e-03
3.86000e+00	4.76382e-01	5.16227e-03
3.87000e+00	4.77061e-01	5.07117e-03
3.88000e+00	4.77736e-01	4.98153e-03
3.89000e+00	4.78406e-01	4.89335e-03
3.90000e+00	4.79072e-01	4.80658e-03
3.91000e+00	4.79733e-01	4.72122e-03
3.92000e+00	4.80391e-01	4.63724e-03
3.93000e+00	4.81044e-01	4.55462e-03
3.94000e+00	4.81692e-01	4.47333e-03
3.95000e+00	4.82337e-01	4.39337e-03
3.96000e+00	4.82977e-01	4.31469e-03
3.97000e+00	4.83613e-01	4.23730e-03
3.98000e+00	4.84245e-01	4.16116e-03
3.99000e+00	4.84872e-01	4.08626e-03
4.00000e+00	4.85495e-01	4.01258e-03
4.01000e+00	4.86115e-01	3.94009e-03
4.02000e+00	4.86729e-01	3.86879e-03
4.03000e+00	4.87340e-01	3.79865e-03
4.04000e+00	4.87947e-01	3.72966e-03
4.05000e+00	4.88549e-01	3.66179e-03
4.06000e+00	4.89147e-01	3.59503e-03
4.07000e+00	4.89742e-01	3.52936e-03
4.08000e+00	4.90332e-01	3.46477e-03
4.09000e+00	4.90917e-01	3.40124e-03
4.10000e+00	4.91499e-01	3.33875e-03
4.11000e+00	4.92077e-01	3.27728e-03
4.12000e+00	4.92651e-01	3.21683e-03
4.13000e+00	4.93220e-01	3.15737e-03
4.14000e+00	4.93786e-01	3.09889e-03
4.15000e+00	4.94347e-01	3.04137e-03
4.16000e+00	4.94905e-01	2.98481e-03
4.17000e+00	4.95458e-01	2.92918e-03
4.18000e+00	4.96008e-01	2.87447e-03
4.19000e+00	4.96553e-01	2.82066e-03
4.20000e+00	4.97094e-01	2.76775e-03
4.21000e+00	4.97632e-01	2.71571e-03
4.22000e+00	4.98165e-01	2.66454e-03
4.23000e+00	4.98695e-01	2.61422e-03
4.24000e+00	4.99220e-01	2.56474e-03
4.25000e+00	4.99742e-01	2.51608e-03
4.26000e+00	5.00260e-01	2.46824e-03
4.27000e+00	5.00774e-01	2.42120e-03
4.28000e+00	5.01284e-01	2.37494e-03
4.29000e+00	5.01790e-01	2.32946e-03
4.30000e+00	5.02292e-01	2.28474e-03
4.31000e+00	5.02790e-01	2.24077e-03
4.32000e+00	5.03285e-01	2.19754e-03
4.33000e+00	5.03776e-01	2.15504e-03
4.34000e+00	5.04262e-01	2.11326e-03
4.35000e+00	5.04745e-01	2.07218e-03
4.36000e+00	5.05225e-01	2.03180e-03
4.37000e+00	5.05700e-01	1.99210e-03
4.38000e+00	5.06172e-01	1.95308e-03
4.39000e+00	5.06640e-01	1.91471e-03
4.40000e+00	5.07104e-01	1.87700e-03
4.41000e+00	5.07564e-01	1.83994e-03
4.42000e+00	5.08021e-01	1.80350e-03
4.43000e+00	5.08474e-01	1.76769e-03
4.44000e+00	5.08923e-01	1.73249e-03
4.45000e+00	5.09369e-01	1.69790e-03
4.46000e+00	5.09811e-01	1.66390e-03
4.47000e+00	5.10249e-01	1.63048e-03
4.48000e+00	5.10684e-01	1.59764e-03
4.49000e+00	5.11115e-01	1.56537e-03
4.50000e+00	5.11542e-01	1.53366e-03
4.51000e+00	5.11966e-01	1.50249e-03
4.52000e+00	5.12386e-01	1.47187e-03
4.53000e+00	5.12802e-01	1.44178e-03
4.54000e+00	5.13215e-01	1.41221e-03
4.55000e+00	5.13624e-01	1.38316e-03
4.56000e+00	5.14030e-01	1.35461e-03
4.57000e+00	5.14432e-01	1.32657e-03
4.58000e+00	5.14831e-01	1.29902e-03
4.59000e+00	5.15226e-01	1.27195e-03
4.60000e+00	5.15618e-01	1.24536e-03
4.61000e+00	5.16006e-01	1.21924e-03
4.62000e+00	5.16391e-01	1.19358e-03
4.63000e+00	5.16772e-01	1.16837e-03
4.64000e+00	5.17150e-01	1.14362e-03
4.65000e+00	5.17524e-01	1.11930e-03
4.66000e+00	5.17895e-01	1.09542e-03
4.67000e+00	5.18262e-01	1.07196e-03
4.68000e+00	5.18626e-01	1.04893e-03
4.69000e+00	5.18987e-01	1.02630e-03
4.70000e+00	5.19344e-01	1.00409e-03
4.71000e+00	5.19698e-01	9.82277e-04
4.72000e+00	5.20049e-01	9.60858e-04
4.73000e+00	5.20396e-01	9.39827e-04
4.74000e+00	5.20740e-01	9.19179e-04
4.75000e+00	5.21080e-01	8.98906e-04
4.76000e+00	5.21417e-01	8.79004e-04
4.77000e+00	5.21751e-01	8.59466e-04
4.78000e+00	5.22082e-01	8.40286e-04
4.79000e+00	5.22409e-01	8.21459e-04
4.80000e+00	5.22733e-01	8.02980e-04
4.81000e+00	5.23054e-01	7.84842e-04
4.82000e+00	5.23372e-01	7.67041e-04
4.83000e+00	5.23686e-01	7.49571e-04
4.84000e+00	5.23997e-01	7.32427e-04
4.85000e+00	5.24305e-01	7.15603e-04
4.86000e+00	5.24610e-01	6.99095e-04
4.87000e+00	5.24912e-01	6.82897e-04
4.88000e+00	5.25210e-01	6.67005e-04
4.89000e+00	5.25506e-01	6.51413e-04
4.90000e+00	5.25798e-01	6.36118e-04
4.91000e+00	5.26087e-01	6.21113e-04
4.92000e+00	5.26373e-01	6.06395e-04
4.93000e+00	5.26656e-01	5.91959e-04
4.94000e+00	5.26936e-01	5.77800e-04
4.95000e+00	5.27212e-01	5.63914e-04
4.96000e+00	5.27486e-01	5.50297e-04
4.97000e+00	5.27757e-01	5.36943e-04
4.98000e+00	5.28024e-01	5.23850e-04
4.99000e+00	5.28289e-01	5.11013e-04
5.00000e+00	5.28550e-01	4.98427e-04
5.01000e+00	5.28809e-01	4.86088e-04
5.02000e+00	5.29064e-01	4.73994e-04
5.03000e+00	5.29317e-01	4.62139e-04
5.04000e+00	5.29567e-01	4.50519e-04
5.05000e+00	5.29814e-01	4.39132e-04
5.06000e+00	5.30057e-01	4.27972e-04
5.07000e+00	5.30298e-01	4.17037e-04
5.08000e+00	5.30536e-01	4.06323e-04
5.09000e+00	5.30771e-01	3.95826e-04
5.10000e+00	5.31004e-01	3.85542e-04
5.11000e+00	5.31233e-01	3.75469e-04
5.12000e+00	5.31460e-01	3.65602e-04
5.13000e+00	5.31683e-01	3.55938e-04
5.14000e+00	5.31904e-01	3.46475e-04
5.15000e+00	5.32122e-01	3.37208e-04
5.16000e+00	5.32338e-01	3.28134e-04
5.17000e+00	5.32550e-01	3.19250e-04
5.18000e+00	5.32760e-01	3.10554e-04
5.19000e+00	5.32967e-01	3.02041e-04
5.20000e+00	5.33171e-01	2.93709e-04
5.21000e+00	5.33373e-01	2.85555e-04
5.22000e+00	5.33572e-01	2.77576e-04
5.23000e+00	5.33768e-01	2.69769e-04
5.24000e+00	5.33961e-01	2.62131e-04
5.25000e+00	5.34152e-01	2.54659e-04
5.26000e+00	5.34340e-01	2.47350e-04
5.27000e+00	5.34526e-01	2.40202e-04
5.28000e+00	5.34708e-01	2.33212e-04
5.29000e+00	5.34889e-01	2.26378e-04
5.30000e+00	5.35066e-01	2.19696e-04
5.31000e+00	5.35241e-01	2.13164e-04
5.32000e+00	5.35414e-01	2.06779e-04
5.33000e+00	5.35584e-01	2.00540e-04
5.34000e+00	5.35751e-01	1.94443e-04
5.35000e+00	5.35916e-01	1.88486e-04
5.36000e+00	5.36078e-01	1.82666e-04
5.37000e+00	5.36238e-01	1.76982e-04
5.38000e+00	5.36395e-01	1.71431e-04
5.39000e+00	5.36550e-01	1.66011e-04
5.40000e+00	5.36703e-01	1.60718e-04
5.41000e+00	5.36853e-01	1.55552e-04
5.42000e+00	5.37000e-01	1.50510e-04
5.43000e+00	5.37145e-01	1.45590e-04
5.44000e+00	5.37288e-01	1.40789e-04
5.45000e+00	5.37428e-01	1.36105e-04
5.46000e+00	5.37566e-01	1.31538e-04
5.47000e+00	5.37702e-01	1.27083e-04
5.48000e+00	5.37835e-01	1.22740e-04
5.49000e+00	5.37966e-01	1.18506e-04
5.50000e+00	5.38094e-01	1.14379e-04
5.51000e+00	5.38220e-01	1.10358e-04
5.52000e+00	5.38344e-01	1.06440e-04
5.53000e+00	5.38466e-01	1.02625e-04
5.54000e+00	5.38586e-01	9.89086e-05
5.55000e+00	5.38703e-01	9.52905e-05
5.56000e+00	5.38818e-01	9.17688e-05
5.57000e+00	5.38931e-01	8.83414e-05
5.58000e+00	5.39041e-01	8.50068e-05
5.59000e+00	5.39150e-01	8.17631e-05
5.60000e+00	5.39256e-01	7.86088e-05
5.61000e+00	5.39360e-01	7.55420e-05
5.62000e+00	5.39462e-01	7.25613e-05
5.63000e+00	5.39562e-01	6.96649e-05
5.64000e+00	5.39659e-01	6.68513e-05
5.65000e+00	5.39755e-01	6.41189e-05
5.66000e+00	5.39849e-01	6.14661e-05
5.67000e+00	5.39940e-01	5.88914e-05
5.68000e+00	5.40029e-01	5.63933e-05
5.69000e+00	5.40117e-01	5.39703e-05
5.70000e+00	5.40202e-01	5.16210e-05
5.71000e+00	5.40286e-01	4.93439e-05
5.72000e+00	5.40367e-01	4.71375e-05
5.73000e+00	5.40447e-01	4.50006e-05
5.74000e+00	5.40524e-01	4.29316e-05
5.75000e+00	5.40600e-01	4.09292e-05
5.76000e+00	5.40674e-01	3.89921e-05
5.77000e+00	5.40746e-01	3.71190e-05
5.78000e+00	5.40815e-01	3.53085e-05
5.79000e+00	5.40884e-01	3.35593e-05
5.80000e+00	5.40950e-01	3.18702e-05
5.81000e+00	5.41014e-01	3.02399e-05
5.82000e+00	5.41077e-01	2.86672e-05
5.83000e+00	5.41138e-01	2.71508e-05
5.84000e+00	5.41197e-01	2.56896e-05
5.85000e+00	5.41254e-01	2.42824e-05
5.86000e+00	5.41310e-01	2.29279e-05
5.87000e+00	5.41363e-01	2.16251e-05
5.88000e+00	5.41416e-01	2.03727e-05
5.89000e+00	5.41466e-01	1.91697e-05
5.90000e+00	5.41515e-01	1.80149e-05
5.91000e+00	5.41562e-01	1.69072e-05
5.92000e+00	5.41608e-01	1.58457e-05
5.93000e+00	5.41652e-01	1.48291e-05
5.94000e+00	5.41694e-01	1.38564e-05
5.95000e+00	5.41735e-01	1.29266e-05
5.96000e+00	5.41774e-01	1.20386e-05
5.97000e+00	5.41812e-01	1.11915e-05
5.98000e+00	5.41848e-01	1.03841e-05
5.99000e+00	5.41883e-01	9.61562e-06
6.00000e+00	5.41916e-01	8.88494e-06
6.01000e+00	5.41948e-01	8.19112e-06
6.02000e+00	5.41978e-01	7.53319e-06
6.03000e+00	5.42007e-01	6.91021e-06
6.04000e+00	5.42035e-01	6.32122e-06
6.05000e+00	5.42061e-01	5.76529e-06
6.06000e+00	5.42086e-01	5.24150e-06
6.07000e+00	5.42109e-01	4.74893e-06
6.08000e+00	5.42132e-01	4.28667e-06
6.09000e+00	5.42153e-01	3.85383e-06
6.10000e+00	5.42172e-01	3.44950e-06
6.11000e+00	5.42191e-01	3.07280e-06
6.12000e+00	5.42208e-01	2.72286e-06
6.13000e+00	5.42224e-01	2.39879e-06
6.14000e+00	5.42240e-01	2.09972e-06
6.15000e+00	5.42253e-01	1.82479e-06
6.16000e+00	5.42266e-01	1.57314e-06
6.17000e+00	5.42278e-01	1.34390e-06
6.18000e+00	5.42289e-01	1.13622e-06
6.19000e+00	5.42299e-01	9.49231e-07
6.20000e+00	5.42307e-01	7.82074e-07
6.21000e+00	5.42315e-01	6.33886e-07
6.22000e+00	5.42322e-01	5.03799e-07
6.23000e+00	5.42328e-01	3.90936e-07
6.24000e+00	5.42334e-01	2.94414e-07
6.25000e+00	5.42338e-01	2.13335e-07
6.26000e+00	5.42342e-01	1.46786e-07
6.27000e+00	5.42345e-01	9.38341e-08
6.28000e+00	5.42347e-01	5.35198e-08
6.29000e+00	5.42348e-01	2.48571e-08
6.30000e+00	5.42349e-01	6.84198e-09
