1.00000e-02	8.23496e-25	2.00000e-03
2.00000e-02	5.76447e-09	2.00000e-03
3.00000e-02	2.14109e-08	1.99999e-03
4.00000e-02	5.18801e-08	1.99996e-03
5.00000e-02	1.02113e-07	1.99993e-03
6.00000e-02	1.77049e-07	1.99989e-03
7.00000e-02	2.81630e-07	1.99984e-03
8.00000e-02	4.20794e-07	1.99979e-03
9.00000e-02	5.99480e-07	1.99972e-03
1.00000e-01	8.22628e-07	1.99965e-03
1.10000e-01	1.09518e-06	1.99957e-03
1.20000e-01	1.42206e-06	1.99948e-03
1.30000e-01	1.80822e-06	1.99939e-03
1.40000e-01	2.25858e-06	1.99928e-03
1.50000e-01	2.77809e-06	1.99917e-03
1.60000e-01	3.37167e-06	1.99905e-03
1.70000e-01	4.04427e-06	1.99892e-03
1.80000e-01	4.80080e-06	1.99879e-03
1.90000e-01	5.64620e-06	1.99864e-03
2.00000e-01	6.58541e-06	1.99849e-03
2.10000e-01	7.62334e-06	1.99833e-03
2.20000e-01	8.76492e-06	1.99816e-03
2.30000e-01	1.00151e-05	1.99799e-03
2.40000e-01	1.13787e-05	1.99780e-03
2.50000e-01	1.28608e-05	1.99761e-03
2.60000e-01	1.44662e-05	1.99741e-03
2.70000e-01	1.61999e-05	1.99720e-03
2.80000e-01	1.80668e-05	1.99699e-03
2.90000e-01	2.00717e-05	1.99676e-03
3.00000e-01	2.22196e-05	1.99653e-03
3.10000e-01	2.45155e-05	1.99629e-03
3.20000e-01	2.69641e-05	1.99604e-03
3.30000e-01	2.95705e-05	1.99579e-03
3.40000e-01	3.23395e-05	1.99552e-03
3.50000e-01	3.52760e-05	1.99525e-03
3.60000e-01	3.83850e-05	1.99497e-03
3.70000e-01	4.16712e-05	1.99468e-03
3.80000e-01	4.51397e-05	1.99439e-03
3.90000e-01	4.87952e-05	1.99408e-03
4.00000e-01	5.26428e-05	1.99377e-03
4.10000e-01	5.66872e-05	1.99345e-03
4.20000e-01	6.09333e-05	1.99313e-03
4.30000e-01	6.53861e-05	1.99279e-03
4.40000e-01	7.00503e-05	1.99245e-03
4.50000e-01	7.49310e-05	1.99210e-03
4.60000e-01	8.00328e-05	1.99174e-03
4.70000e-01	8.53608e-05	1.99137e-03
4.80000e-01	9.09198e-05	1.99099e-03
4.90000e-01	9.67145e-05	1.99061e-03
5.00000e-01	1.02750e-04	1.99022e-03
5.10000e-01	1.09031e-04	1.98982e-03
5.20000e-01	1.15562e-04	1.98942e-03
5.30000e-01	1.22349e-04	1.98900e-03
5.40000e-01	1.29395e-04	1.98858e-03
5.50000e-01	1.36707e-04	1.98815e-03
5.60000e-01	1.44288e-04	1.98771e-03
5.70000e-01	1.52144e-04	1.98726e-03
5.80000e-01	1.60279e-04	1.98681e-03
5.90000e-01	1.68698e-04	1.98635e-03
6.00000e-01	1.77407e-04	1.98588e-03
6.10000e-01	1.86409e-04	1.98540e-03
6.20000e-01	1.95710e-04	1.98491e-03
6.30000e-01	2.05314e-04	1.98442e-03
6.40000e-01	2.15226e-04	1.98392e-03
6.50000e-01	2.25452e-04	1.98341e-03
6.60000e-01	2.35995e-04	1.98289e-03
6.70000e-01	2.46861e-04	1.98237e-03
6.80000e-01	2.58054e-04	1.98184e-03
6.90000e-01	2.69579e-04	1.98130e-03
7.00000e-01	2.81441e-04	1.98075e-03
7.10000e-01	2.93645e-04	1.98019e-03
7.20000e-01	3.06196e-04	1.97963e-03
7.30000e-01	3.19097e-04	1.97906e-03
7.40000e-01	3.32354e-04	1.97848e-03
7.50000e-01	3.45973e-04	1.97789e-03
7.60000e-01	3.59956e-04	1.97730e-03
7.70000e-01	3.74310e-04	1.97669e-03
7.80000e-01	3.89038e-04	1.97608e-03
7.90000e-01	4.04146e-04	1.97547e-03
8.00000e-01	4.19638e-04	1.97484e-03
8.10000e-01	4.35519e-04	1.97421e-03
8.20000e-01	4.51794e-04	1.97356e-03
8.30000e-01	4.68468e-04	1.97292e-03
8.40000e-01	4.85544e-04	1.97226e-03
8.50000e-01	5.03028e-04	1.97159e-03
8.60000e-01	5.20925e-04	1.97092e-03
8.70000e-01	5.39238e-04	1.97024e-03
8.80000e-01	5.57974e-04	1.96955e-03
8.90000e-01	5.77136e-04	1.96886e-03
9.00000e-01	5.96729e-04	1.96816e-03
9.10000e-01	6.16758e-04	1.96745e-03
9.20000e-01	6.37227e-04	1.96673e-03
9.30000e-01	6.58141e-04	1.96600e-03
9.40000e-01	6.79504e-04	1.96527e-03
9.50000e-01	7.01322e-04	1.96453e-03
9.60000e-01	7.23599e-04	1.96378e-03
9.70000e-01	7.46339e-04	1.96302e-03
9.80000e-01	7.69548e-04	1.96226e-03
9.90000e-01	7.93228e-04	1.96149e-03
1.00000e+00	8.17387e-04	1.96071e-03
1.01000e+00	8.42027e-04	1.95992e-03
1.02000e+00	8.67153e-04	1.95913e-03
1.03000e+00	8.92770e-04	1.95832e-03
1.04000e+00	9.18883e-04	1.95751e-03
1.05000e+00	9.45496e-04	1.95670e-03
1.06000e+00	9.72613e-04	1.95587e-03
1.07000e+00	1.00024e-03	1.95504e-03
1.08000e+00	1.02838e-03	1.95420e-03
1.09000e+00	1.05704e-03	1.95335e-03
1.10000e+00	1.08622e-03	1.95250e-03
1.11000e+00	1.11593e-03	1.95164e-03
1.12000e+00	1.14617e-03	1.95077e-03
1.13000e+00	1.17694e-03	1.94989e-03
1.14000e+00	1.20826e-03	1.94900e-03
1.15000e+00	1.24012e-03	1.94811e-03
1.16000e+00	1.27253e-03	1.94721e-03
1.17000e+00	1.30550e-03	1.94630e-03
1.18000e+00	1.33902e-03	1.94539e-03
1.19000e+00	1.37311e-03	1.94447e-03
1.20000e+00	1.40776e-03	1.94354e-03
1.21000e+00	1.44298e-03	1.94260e-03
1.22000e+00	1.47879e-03	1.94166e-03
1.23000e+00	1.51517e-03	1.94071e-03
1.24000e+00	1.55213e-03	1.93975e-03
1.25000e+00	1.58969e-03	1.93878e-03
1.26000e+00	1.62784e-03	1.93781e-03
1.27000e+00	1.66659e-03	1.93683e-03
1.28000e+00	1.70594e-03	1.93584e-03
1.29000e+00	1.74589e-03	1.93484e-03
1.30000e+00	1.78646e-03	1.93384e-03
1.31000e+00	1.82764e-03	1.93283e-03
1.32000e+00	1.86945e-03	1.93181e-03
1.33000e+00	1.91187e-03	1.93079e-03
1.34000e+00	1.95493e-03	1.92975e-03
1.35000e+00	1.99862e-03	1.92872e-03
1.36000e+00	2.04294e-03	1.92767e-03
1.37000e+00	2.08791e-03	1.92661e-03
1.38000e+00	2.13352e-03	1.92555e-03
1.39000e+00	2.17978e-03	1.92449e-03
1.40000e+00	2.22669e-03	1.92341e-03
1.41000e+00	2.27427e-03	1.92233e-03
1.42000e+00	2.32250e-03	1.92124e-03
1.43000e+00	2.37140e-03	1.92014e-03
1.44000e+00	2.42098e-03	1.91904e-03
1.45000e+00	2.47122e-03	1.91792e-03
1.46000e+00	2.52215e-03	1.91681e-03
1.47000e+00	2.57376e-03	1.91568e-03
1.48000e+00	2.62606e-03	1.91455e-03
1.49000e+00	2.67905e-03	1.91341e-03
1.50000e+00	2.73273e-03	1.91226e-03
1.51000e+00	2.78711e-03	1.91111e-03
1.52000e+00	2.84220e-03	1.90995e-03
1.53000e+00	2.89800e-03	1.90878e-03
1.54000e+00	2.95451e-03	1.90760e-03
1.55000e+00	3.01173e-03	1.90642e-03
1.56000e+00	3.06968e-03	1.90523e-03
1.57000e+00	3.12835e-03	1.90404e-03
1.58000e+00	3.18775e-03	1.90283e-03
1.59000e+00	3.24788e-03	1.90162e-03
1.60000e+00	3.30874e-03	1.90041e-03
1.61000e+00	3.37035e-03	1.89918e-03
1.62000e+00	3.43270e-03	1.89795e-03
1.63000e+00	3.49581e-03	1.89671e-03
1.64000e+00	3.55966e-03	1.89547e-03
1.65000e+00	3.62427e-03	1.89422e-03
1.66000e+00	3.68964e-03	1.89296e-03
1.67000e+00	3.75577e-03	1.89169e-03
1.68000e+00	3.82268e-03	1.89042e-03
1.69000e+00	3.89035e-03	1.88914e-03
1.70000e+00	3.95880e-03	1.88786e-03
1.71000e+00	4.02804e-03	1.88656e-03
1.72000e+00	4.09805e-03	1.88527e-03
1.73000e+00	4.16886e-03	1.88396e-03
1.74000e+00	4.24045e-03	1.88265e-03
1.75000e+00	4.31284e-03	1.88133e-03
1.76000e+00	4.38603e-03	1.88000e-03
1.77000e+00	4.46003e-03	1.87867e-03
1.78000e+00	4.53483e-03	1.87733e-03
1.79000e+00	4.61044e-03	1.87598e-03
1.80000e+00	4.68687e-03	1.87463e-03
1.81000e+00	4.76411e-03	1.87327e-03
1.82000e+00	4.84218e-03	1.87190e-03
1.83000e+00	4.92107e-03	1.87053e-03
1.84000e+00	5.00080e-03	1.86915e-03
1.85000e+00	5.08136e-03	1.86776e-03
1.86000e+00	5.16275e-03	1.86637e-03
1.87000e+00	5.24498e-03	1.86497e-03
1.88000e+00	5.32806e-03	1.86356e-03
1.89000e+00	5.41199e-03	1.86215e-03
1.90000e+00	5.49677e-03	1.86073e-03
1.91000e+00	5.58241e-03	1.85930e-03
1.92000e+00	5.66890e-03	1.85787e-03
1.93000e+00	5.75626e-03	1.85643e-03
1.94000e+00	5.84449e-03	1.85499e-03
1.95000e+00	5.93358e-03	1.85354e-03
1.96000e+00	6.02355e-03	1.85208e-03
1.97000e+00	6.11440e-03	1.85061e-03
1.98000e+00	6.20612e-03	1.84914e-03
1.99000e+00	6.29873e-03	1.84766e-03
2.00000e+00	6.39223e-03	1.84618e-03
2.01000e+00	6.48662e-03	1.84469e-03
2.02000e+00	6.58191e-03	1.84319e-03
2.03000e+00	6.67810e-03	1.84169e-03
2.04000e+00	6.77518e-03	1.84018e-03
2.05000e+00	6.87317e-03	1.83867e-03
2.06000e+00	6.97207e-03	1.83714e-03
2.07000e+00	7.07189e-03	1.83562e-03
2.08000e+00	7.17262e-03	1.83408e-03
2.09000e+00	7.27427e-03	1.83254e-03
2.10000e+00	7.37684e-03	1.83099e-03
2.11000e+00	7.48033e-03	1.82944e-03
2.12000e+00	7.58476e-03	1.82788e-03
2.13000e+00	7.69012e-03	1.82632e-03
2.14000e+00	7.79641e-03	1.82474e-03
2.15000e+00	7.90365e-03	1.82317e-03
2.16000e+00	8.01183e-03	1.82158e-03
2.17000e+00	8.12095e-03	1.81999e-03
2.18000e+00	8.23102e-03	1.81840e-03
2.19000e+00	8.34205e-03	1.81679e-03
2.20000e+00	8.45403e-03	1.81519e-03
2.21000e+00	8.56697e-03	1.81357e-03
2.22000e+00	8.68088e-03	1.81195e-03
2.23000e+00	8.79574e-03	1.81033e-03
2.24000e+00	8.91158e-03	1.80869e-03
2.25000e+00	9.02839e-03	1.80706e-03
2.26000e+00	9.14618e-03	1.80541e-03
2.27000e+00	9.26494e-03	1.80376e-03
2.28000e+00	9.38468e-03	1.80210e-03
2.29000e+00	9.50541e-03	1.80044e-03
2.30000e+00	9.62713e-03	1.79877e-03
2.31000e+00	9.74984e-03	1.79710e-03
2.32000e+00	9.87354e-03	1.79542e-03
2.33000e+00	9.99824e-03	1.79374e-03
2.34000e+00	1.01239e-02	1.79204e-03
2.35000e+00	1.02506e-02	1.79035e-03
2.36000e+00	1.03783e-02	1.78864e-03
2.37000e+00	1.05071e-02	1.78694e-03
2.38000e+00	1.06368e-02	1.78522e-03
2.39000e+00	1.07675e-02	1.78350e-03
2.40000e+00	1.08993e-02	1.78178e-03
2.41000e+00	1.10321e-02	1.78004e-03
2.42000e+00	1.11659e-02	1.77831e-03
2.43000e+00	1.13007e-02	1.77656e-03
2.44000e+00	1.14366e-02	1.77482e-03
2.45000e+00	1.15735e-02	1.77306e-03
2.46000e+00	1.17114e-02	1.77130e-03
2.47000e+00	1.18504e-02	1.76954e-03
2.48000e+00	1.19904e-02	1.76777e-03
2.49000e+00	1.21315e-02	1.76599e-03
2.50000e+00	1.22736e-02	1.76421e-03
2.51000e+00	1.24167e-02	1.76242e-03
2.52000e+00	1.25609e-02	1.76063e-03
2.53000e+00	1.27062e-02	1.75883e-03
2.54000e+00	1.28525e-02	1.75702e-03
2.55000e+00	1.29999e-02	1.75521e-03
2.56000e+00	1.31483e-02	1.75340e-03
2.57000e+00	1.32978e-02	1.75158e-03
2.58000e+00	1.34484e-02	1.74975e-03
2.59000e+00	1.36001e-02	1.74792e-03
2.60000e+00	1.37528e-02	1.74609e-03
2.61000e+00	1.39066e-02	1.74424e-03
2.62000e+00	1.40615e-02	1.74240e-03
2.63000e+00	1.42174e-02	1.74055e-03
2.64000e+00	1.43745e-02	1.73869e-03
2.65000e+00	1.45326e-02	1.73683e-03
2.66000e+00	1.46918e-02	1.73496e-03
2.67000e+00	1.48521e-02	1.73308e-03
2.68000e+00	1.50135e-02	1.73121e-03
2.69000e+00	1.51761e-02	1.72932e-03
2.70000e+00	1.53397e-02	1.72743e-03
2.71000e+00	1.55044e-02	1.72554e-03
2.72000e+00	1.56702e-02	1.72364e-03
2.73000e+00	1.58371e-02	1.72174e-03
2.74000e+00	1.60051e-02	1.71983e-03
2.75000e+00	1.61743e-02	1.71791e-03
2.76000e+00	1.63445e-02	1.71599e-03
2.77000e+00	1.65159e-02	1.71407e-03
2.78000e+00	1.66884e-02	1.71214e-03
2.79000e+00	1.68620e-02	1.71021e-03
2.80000e+00	1.70368e-02	1.70827e-03
2.81000e+00	1.72126e-02	1.70632e-03
2.82000e+00	1.73896e-02	1.70437e-03
2.83000e+00	1.75677e-02	1.70242e-03
2.84000e+00	1.77470e-02	1.70046e-03
2.85000e+00	1.79274e-02	1.69850e-03
2.86000e+00	1.81089e-02	1.69653e-03
2.87000e+00	1.82916e-02	1.69455e-03
2.88000e+00	1.84754e-02	1.69258e-03
2.89000e+00	1.86603e-02	1.69059e-03
2.90000e+00	1.88464e-02	1.68861e-03
2.91000e+00	1.90337e-02	1.68661e-03
2.92000e+00	1.92221e-02	1.68462e-03
2.93000e+00	1.94116e-02	1.68261e-03
2.94000e+00	1.96023e-02	1.68061e-03
2.95000e+00	1.97942e-02	1.67860e-03
2.96000e+00	1.99872e-02	1.67658e-03
2.97000e+00	2.01814e-02	1.67456e-03
2.98000e+00	2.03767e-02	1.67253e-03
2.99000e+00	2.05733e-02	1.67050e-03
3.00000e+00	2.07709e-02	1.66847e-03
3.01000e+00	2.09698e-02	1.66643e-03
3.02000e+00	2.11698e-02	1.66439e-03
3.03000e+00	2.13710e-02	1.66234e-03
3.04000e+00	2.15733e-02	1.66029e-03
3.05000e+00	2.17769e-02	1.65823e-03
3.06000e+00	2.19816e-02	1.65617e-03
3.07000e+00	2.21875e-02	1.65410e-03
3.08000e+00	2.23946e-02	1.65203e-03
3.09000e+00	2.26028e-02	1.64996e-03
3.10000e+00	2.28123e-02	1.64788e-03
3.11000e+00	2.30229e-02	1.64580e-03
3.12000e+00	2.32347e-02	1.64371e-03
3.13000e+00	2.34478e-02	1.64162e-03
3.14000e+00	2.36620e-02	1.63952e-03
3.15000e+00	2.38774e-02	1.63742e-03
3.16000e+00	2.40940e-02	1.63532e-03
3.17000e+00	2.43118e-02	1.63321e-03
3.18000e+00	2.45307e-02	1.63110e-03
3.19000e+00	2.47509e-02	1.62898e-03
3.20000e+00	2.49723e-02	1.62686e-03
3.21000e+00	2.51949e-02	1.62473e-03
3.22000e+00	2.54188e-02	1.62260e-03
3.23000e+00	2.56438e-02	1.62047e-03
3.24000e+00	2.58700e-02	1.61833e-03
3.25000e+00	2.60974e-02	1.61619e-03
3.26000e+00	2.63261e-02	1.61404e-03
3.27000e+00	2.65559e-02	1.61190e-03
3.28000e+00	2.67870e-02	1.60974e-03
3.29000e+00	2.70193e-02	1.60758e-03
3.30000e+00	2.72528e-02	1.60542e-03
3.31000e+00	2.74876e-02	1.60326e-03
3.32000e+00	2.77235e-02	1.60109e-03
3.33000e+00	2.79607e-02	1.59891e-03
3.34000e+00	2.81991e-02	1.59674e-03
3.35000e+00	2.84387e-02	1.59456e-03
3.36000e+00	2.86796e-02	1.59237e-03
3.37000e+00	2.89216e-02	1.59018e-03
3.38000e+00	2.91649e-02	1.58799e-03
3.39000e+00	2.94095e-02	1.58580e-03
3.40000e+00	2.96552e-02	1.58360e-03
3.41000e+00	2.99022e-02	1.58139e-03
3.42000e+00	3.01505e-02	1.57919e-03
3.43000e+00	3.04000e-02	1.57698e-03
3.44000e+00	3.06507e-02	1.57476e-03
3.45000e+00	3.09026e-02	1.57254e-03
3.46000e+00	3.11558e-02	1.57032e-03
3.47000e+00	3.14102e-02	1.56810e-03
3.48000e+00	3.16659e-02	1.56587e-03
3.49000e+00	3.19228e-02	1.56364e-03
3.50000e+00	3.21809e-02	1.56140e-03
3.51000e+00	3.24403e-02	1.55916e-03
3.52000e+00	3.27010e-02	1.55692e-03
3.53000e+00	3.29629e-02	1.55467e-03
3.54000e+00	3.32260e-02	1.55242e-03
3.55000e+00	3.34904e-02	1.55017e-03
3.56000e+00	3.37560e-02	1.54791e-03
3.57000e+00	3.40229e-02	1.54565e-03
3.58000e+00	3.42910e-02	1.54339e-03
3.59000e+00	3.45604e-02	1.54112e-03
3.60000e+00	3.48310e-02	1.53886e-03
3.61000e+00	3.51029e-02	1.53658e-03
3.62000e+00	3.53761e-02	1.53431e-03
3.63000e+00	3.56505e-02	1.53203e-03
3.64000e+00	3.59262e-02	1.52975e-03
3.65000e+00	3.62031e-02	1.52746e-03
3.66000e+00	3.64813e-02	1.52517e-03
3.67000e+00	3.67607e-02	1.52288e-03
3.68000e+00	3.70414e-02	1.52058e-03
3.69000e+00	3.73233e-02	1.51829e-03
3.70000e+00	3.76066e-02	1.51598e-03
3.71000e+00	3.78910e-02	1.51368e-03
3.72000e+00	3.81768e-02	1.51137e-03
3.73000e+00	3.84638e-02	1.50906e-03
3.74000e+00	3.87521e-02	1.50675e-03
3.75000e+00	3.90416e-02	1.50443e-03
3.76000e+00	3.93324e-02	1.50211e-03
3.77000e+00	3.96245e-02	1.49979e-03
3.78000e+00	3.99178e-02	1.49747e-03
3.79000e+00	4.02124e-02	1.49514e-03
3.80000e+00	4.05083e-02	1.49281e-03
3.81000e+00	4.08054e-02	1.49048e-03
3.82000e+00	4.11038e-02	1.48814e-03
3.83000e+00	4.14035e-02	1.48580e-03
3.84000e+00	4.17044e-02	1.48346e-03
3.85000e+00	4.20066e-02	1.48111e-03
3.86000e+00	4.23101e-02	1.47877e-03
3.87000e+00	4.26149e-02	1.47642e-03
3.88000e+00	4.29209e-02	1.47406e-03
3.89000e+00	4.32282e-02	1.47171e-03
3.90000e+00	4.35368e-02	1.46935e-03
3.91000e+00	4.38466e-02	1.46699e-03
3.92000e+00	4.41577e-02	1.46463e-03
3.93000e+00	4.44701e-02	1.46226e-03
3.94000e+00	4.47838e-02	1.45989e-03
3.95000e+00	4.50987e-02	1.45752e-03
3.96000e+00	4.54149e-02	1.45515e-03
3.97000e+00	4.57324e-02	1.45278e-03
3.98000e+00	4.60511e-02	1.45040e-03
3.99000e+00	4.63712e-02	1.44802e-03
4.00000e+00	4.66925e-02	1.44563e-03
4.01000e+00	4.70150e-02	1.44325e-03
4.02000e+00	4.73389e-02	1.44086e-03
4.03000e+00	4.76640e-02	1.43847e-03
4.04000e+00	4.79904e-02	1.43608e-03
4.05000e+00	4.83181e-02	1.43368e-03
4.06000e+00	4.86471e-02	1.43129e-03
4.07000e+00	4.89773e-02	1.42889e-03
4.08000e+00	4.93088e-02	1.42649e-03
4.09000e+00	4.96416e-02	1.42408e-03
4.10000e+00	4.99756e-02	1.42168e-03
4.11000e+00	5.03110e-02	1.41927e-03
4.12000e+00	5.06476e-02	1.41686e-03
4.13000e+00	5.09854e-02	1.41445e-03
4.14000e+00	5.13246e-02	1.41203e-03
4.15000e+00	5.16650e-02	1.40962e-03
4.16000e+00	5.20067e-02	1.40720e-03
4.17000e+00	5.23497e-02	1.40478e-03
4.18000e+00	5.26940e-02	1.40236e-03
4.19000e+00	5.30395e-02	1.39993e-03
4.20000e+00	5.33863e-02	1.39751e-03
4.21000e+00	5.37344e-02	1.39508e-03
4.22000e+00	5.40837e-02	1.39265e-03
4.23000e+00	5.44343e-02	1.39022e-03
4.24000e+00	5.47862e-02	1.38778e-03
4.25000e+00	5.51394e-02	1.38535e-03
4.26000e+00	5.54938e-02	1.38291e-03
4.27000e+00	5.58496e-02	1.38047e-03
4.28000e+00	5.62065e-02	1.37803e-03
4.29000e+00	5.65648e-02	1.37559e-03
4.30000e+00	5.69243e-02	1.37314e-03
4.31000e+00	5.72851e-02	1.37069e-03
4.32000e+00	5.76472e-02	1.36825e-03
4.33000e+00	5.80105e-02	1.36580e-03
4.34000e+00	5.83751e-02	1.36335e-03
4.35000e+00	5.87410e-02	1.36089e-03
4.36000e+00	5.91082e-02	1.35844e-03
4.37000e+00	5.94766e-02	1.35598e-03
4.38000e+00	5.98463e-02	1.35352e-03
4.39000e+00	6.02172e-02	1.35106e-03
4.40000e+00	6.05894e-02	1.34860e-03
4.41000e+00	6.09629e-02	1.34614e-03
4.42000e+00	6.13377e-02	1.34368e-03
4.43000e+00	6.17137e-02	1.34121e-03
4.44000e+00	6.20909e-02	1.33875e-03
4.45000e+00	6.24695e-02	1.33628e-03
4.46000e+00	6.28493e-02	1.33381e-03
4.47000e+00	6.32303e-02	1.33134e-03
4.48000e+00	6.36127e-02	1.32887e-03
4.49000e+00	6.39963e-02	1.32639e-03
4.50000e+00	6.43811e-02	1.32392e-03
4.51000e+00	6.47672e-02	1.32144e-03
4.52000e+00	6.51546e-02	1.31896e-03
4.53000e+00	6.55432e-02	1.31649e-03
4.54000e+00	6.59331e-02	1.31401e-03
4.55000e+00	6.63242e-02	1.31152e-03
4.56000e+00	6.67166e-02	1.30904e-03
4.57000e+00	6.71102e-02	1.30656e-03
4.58000e+00	6.75051e-02	1.30408e-03
4.59000e+00	6.79013e-02	1.30159e-03
4.60000e+00	6.82987e-02	1.29910e-03
4.61000e+00	6.86973e-02	1.29662e-03
4.62000e+00	6.90972e-02	1.29413e-03
4.63000e+00	6.94984e-02	1.29164e-03
4.64000e+00	6.99008e-02	1.28915e-03
4.65000e+00	7.03044e-02	1.28665e-03
4.66000e+00	7.07093e-02	1.28416e-03
4.67000e+00	7.11154e-02	1.28167e-03
4.68000e+00	7.15228e-02	1.27917e-03
4.69000e+00	7.19314e-02	1.27668e-03
4.70000e+00	7.23413e-02	1.27418e-03
4.71000e+00	7.27524e-02	1.27169e-03
4.72000e+00	7.31647e-02	1.26919e-03
4.73000e+00	7.35783e-02	1.26669e-03
4.74000e+00	7.39931e-02	1.26419e-03
4.75000e+00	7.44091e-02	1.26169e-03
4.76000e+00	7.48264e-02	1.25919e-03
4.77000e+00	7.52449e-02	1.25669e-03
4.78000e+00	7.56647e-02	1.25418e-03
4.79000e+00	7.60857e-02	1.25168e-03
4.80000e+00	7.65079e-02	1.24918e-03
4.81000e+00	7.69313e-02	1.24667e-03
4.82000e+00	7.73560e-02	1.24417e-03
4.83000e+00	7.77819e-02	1.24166e-03
4.84000e+00	7.82090e-02	1.23916e-03
4.85000e+00	7.86373e-02	1.23665e-03
4.86000e+00	7.90669e-02	1.23414e-03
4.87000e+00	7.94977e-02	1.23164e-03
4.88000e+00	7.99297e-02	1.22913e-03
4.89000e+00	8.03629e-02	1.22662e-03
4.90000e+00	8.07973e-02	1.22411e-03
4.91000e+00	8.12329e-02	1.22160e-03
4.92000e+00	8.16698e-02	1.21909e-03
4.93000e+00	8.21079e-02	1.21658e-03
4.94000e+00	8.25472e-02	1.21407e-03
4.95000e+00	8.29876e-02	1.21156e-03
4.96000e+00	8.34293e-02	1.20905e-03
4.97000e+00	8.38722e-02	1.20654e-03
4.98000e+00	8.43163e-02	1.20402e-03
4.99000e+00	8.47617e-02	1.20151e-03
5.00000e+00	8.52082e-02	1.19900e-03
5.01000e+00	8.56559e-02	1.19649e-03
5.02000e+00	8.61048e-02	1.19398e-03
5.03000e+00	8.65549e-02	1.19146e-03
5.04000e+00	8.70062e-02	1.18895e-03
5.05000e+00	8.74587e-02	1.18644e-03
5.06000e+00	8.79123e-02	1.18392e-03
5.07000e+00	8.83672e-02	1.18141e-03
5.08000e+00	8.88233e-02	1.17890e-03
5.09000e+00	8.92805e-02	1.17638e-03
5.10000e+00	8.97389e-02	1.17387e-03
5.11000e+00	9.01985e-02	1.17136e-03
5.12000e+00	9.06593e-02	1.16884e-03
5.13000e+00	9.11213e-02	1.16633e-03
5.14000e+00	9.15844e-02	1.16382e-03
5.15000e+00	9.20487e-02	1.16130e-03
5.16000e+00	9.25142e-02	1.15879e-03
5.17000e+00	9.29809e-02	1.15628e-03
5.18000e+00	9.34487e-02	1.15376e-03
5.19000e+00	9.39177e-02	1.15125e-03
5.20000e+00	9.43879e-02	1.14874e-03
5.21000e+00	9.48592e-02	1.14623e-03
5.22000e+00	9.53317e-02	1.14371e-03
5.23000e+00	9.58053e-02	1.14120e-03
5.24000e+00	9.62801e-02	1.13869e-03
5.25000e+00	9.67561e-02	1.13618e-03
5.26000e+00	9.72332e-02	1.13367e-03
5.27000e+00	9.77114e-02	1.13116e-03
5.28000e+00	9.81909e-02	1.12865e-03
5.29000e+00	9.86714e-02	1.12614e-03
5.30000e+00	9.91531e-02	1.12363e-03
5.31000e+00	9.96360e-02	1.12112e-03
5.32000e+00	1.00120e-01	1.11861e-03
5.33000e+00	1.00605e-01	1.11610e-03
5.34000e+00	1.01091e-01	1.11359e-03
5.35000e+00	1.01579e-01	1.11108e-03
5.36000e+00	1.02067e-01	1.10858e-03
5.37000e+00	1.02557e-01	1.10607e-03
5.38000e+00	1.03048e-01	1.10356e-03
5.39000e+00	1.03540e-01	1.10106e-03
5.40000e+00	1.04033e-01	1.09855e-03
5.41000e+00	1.04527e-01	1.09605e-03
5.42000e+00	1.05022e-01	1.09354e-03
5.43000e+00	1.05519e-01	1.09104e-03
5.44000e+00	1.06016e-01	1.08854e-03
5.45000e+00	1.06515e-01	1.08604e-03
5.46000e+00	1.07014e-01	1.08354e-03
5.47000e+00	1.07515e-01	1.08104e-03
5.48000e+00	1.08017e-01	1.07854e-03
5.49000e+00	1.08520e-01	1.07604e-03
5.50000e+00	1.09024e-01	1.07354e-03
5.51000e+00	1.09530e-01	1.07104e-03
5.52000e+00	1.10036e-01	1.06854e-03
5.53000e+00	1.10543e-01	1.06605e-03
5.54000e+00	1.11052e-01	1.06355e-03
5.55000e+00	1.11561e-01	1.06106e-03
5.56000e+00	1.12072e-01	1.05857e-03
5.57000e+00	1.12584e-01	1.05607e-03
5.58000e+00	1.13097e-01	1.05358e-03
5.59000e+00	1.13611e-01	1.05109e-03
5.60000e+00	1.14126e-01	1.04860e-03
5.61000e+00	1.14642e-01	1.04611e-03
5.62000e+00	1.15159e-01	1.04363e-03
5.63000e+00	1.15677e-01	1.04114e-03
5.64000e+00	1.16197e-01	1.03865e-03
5.65000e+00	1.16717e-01	1.03617e-03
5.66000e+00	1.17238e-01	1.03369e-03
5.67000e+00	1.17761e-01	1.03120e-03
5.68000e+00	1.18284e-01	1.02872e-03
5.69000e+00	1.18809e-01	1.02624e-03
5.70000e+00	1.19335e-01	1.02376e-03
5.71000e+00	1.19861e-01	1.02129e-03
5.72000e+00	1.20389e-01	1.01881e-03
5.73000e+00	1.20918e-01	1.01633e-03
5.74000e+00	1.21447e-01	1.01386e-03
5.75000e+00	1.21978e-01	1.01139e-03
5.76000e+00	1.22510e-01	1.00891e-03
5.77000e+00	1.23043e-01	1.00644e-03
5.78000e+00	1.23577e-01	1.00397e-03
5.79000e+00	1.24112e-01	1.00151e-03
5.80000e+00	1.24648e-01	9.99039e-04
5.81000e+00	1.25185e-01	9.96573e-04
5.82000e+00	1.25723e-01	9.94109e-04
5.83000e+00	1.26262e-01	9.91646e-04
5.84000e+00	1.26802e-01	9.89185e-04
5.85000e+00	1.27343e-01	9.86725e-04
5.86000e+00	1.27885e-01	9.84266e-04
5.87000e+00	1.28428e-01	9.81809e-04
5.88000e+00	1.28972e-01	9.79353e-04
5.89000e+00	1.29517e-01	9.76899e-04
5.90000e+00	1.30063e-01	9.74446e-04
5.91000e+00	1.30610e-01	9.71995e-04
5.92000e+00	1.31158e-01	9.69545e-04
5.93000e+00	1.31707e-01	9.67097e-04
5.94000e+00	1.32257e-01	9.64650e-04
5.95000e+00	1.32808e-01	9.62205e-04
5.96000e+00	1.33360e-01	9.59762e-04
5.97000e+00	1.33913e-01	9.57320e-04
5.98000e+00	1.34467e-01	9.54879e-04
5.99000e+00	1.35022e-01	9.52441e-04
6.00000e+00	1.35578e-01	9.50004e-04
6.01000e+00	1.36134e-01	9.47568e-04
6.02000e+00	1.36692e-01	9.45135e-04
6.03000e+00	1.37251e-01	9.42703e-04
6.04000e+00	1.37810e-01	9.40272e-04
6.05000e+00	1.38371e-01	9.37844e-04
6.06000e+00	1.38933e-01	9.35417e-04
6.07000e+00	1.39495e-01	9.32992e-04
6.08000e+00	1.40058e-01	9.30569e-04
6.09000e+00	1.40623e-01	9.28147e-04
6.10000e+00	1.41188e-01	9.25728e-04
6.11000e+00	1.41754e-01	9.23310e-04
6.12000e+00	1.42321e-01	9.20894e-04
6.13000e+00	1.42889e-01	9.18480e-04
6.14000e+00	1.43458e-01	9.16067e-04
6.15000e+00	1.44028e-01	9.13657e-04
6.16000e+00	1.44599e-01	9.11248e-04
6.17000e+00	1.45171e-01	9.08842e-04
6.18000e+00	1.45743e-01	9.06437e-04
6.19000e+00	1.46317e-01	9.04035e-04
6.20000e+00	1.46891e-01	9.01634e-04
6.21000e+00	1.47467e-01	8.99235e-04
6.22000e+00	1.48043e-01	8.96839e-04
6.23000e+00	1.48620e-01	8.94444e-04
6.24000e+00	1.49198e-01	8.92051e-04
6.25000e+00	1.49777e-01	8.89661e-04
6.26000e+00	1.50357e-01	8.87272e-04
6.27000e+00	1.50937e-01	8.84886e-04
6.28000e+00	1.51519e-01	8.82501e-04
6.29000e+00	1.52101e-01	8.80119e-04
6.30000e+00	1.52684e-01	8.77739e-04
6.31000e+00	1.53268e-01	8.75361e-04
6.32000e+00	1.53853e-01	8.72985e-04
6.33000e+00	1.54439e-01	8.70611e-04
6.34000e+00	1.55026e-01	8.68239e-04
6.35000e+00	1.55613e-01	8.65870e-04
6.36000e+00	1.56202e-01	8.63503e-04
6.37000e+00	1.56791e-01	8.61138e-04
6.38000e+00	1.57381e-01	8.58775e-04
6.39000e+00	1.57972e-01	8.56415e-04
6.40000e+00	1.58563e-01	8.54057e-04
6.41000e+00	1.59156e-01	8.51701e-04
6.42000e+00	1.59749e-01	8.49347e-04
6.43000e+00	1.60343e-01	8.46996e-04
6.44000e+00	1.60938e-01	8.44647e-04
6.45000e+00	1.61534e-01	8.42300e-04
6.46000e+00	1.62131e-01	8.39956e-04
6.47000e+00	1.62728e-01	8.37614e-04
6.48000e+00	1.63326e-01	8.35275e-04
6.49000e+00	1.63926e-01	8.32938e-04
6.50000e+00	1.64525e-01	8.30603e-04
6.51000e+00	1.65126e-01	8.28270e-04
6.52000e+00	1.65727e-01	8.25941e-04
6.53000e+00	1.66330e-01	8.23613e-04
6.54000e+00	1.66932e-01	8.21288e-04
6.55000e+00	1.67536e-01	8.18966e-04
6.56000e+00	1.68141e-01	8.16646e-04
6.57000e+00	1.68746e-01	8.14328e-04
6.58000e+00	1.69352e-01	8.12013e-04
6.59000e+00	1.69959e-01	8.09701e-04
6.60000e+00	1.70566e-01	8.07391e-04
6.61000e+00	1.71175e-01	8.05083e-04
6.62000e+00	1.71784e-01	8.02778e-04
6.63000e+00	1.72394e-01	8.00476e-04
6.64000e+00	1.73004e-01	7.98177e-04
6.65000e+00	1.73616e-01	7.95880e-04
6.66000e+00	1.74228e-01	7.93585e-04
6.67000e+00	1.74840e-01	7.91293e-04
6.68000e+00	1.75454e-01	7.89004e-04
6.69000e+00	1.76068e-01	7.86718e-04
6.70000e+00	1.76683e-01	7.84434e-04
6.71000e+00	1.77299e-01	7.82153e-04
6.72000e+00	1.77915e-01	7.79874e-04
6.73000e+00	1.78532e-01	7.77598e-04
6.74000e+00	1.79150e-01	7.75325e-04
6.75000e+00	1.79769e-01	7.73055e-04
6.76000e+00	1.80388e-01	7.70788e-04
6.77000e+00	1.81008e-01	7.68523e-04
6.78000e+00	1.81628e-01	7.66261e-04
6.79000e+00	1.82250e-01	7.64001e-04
6.80000e+00	1.82872e-01	7.61745e-04
6.81000e+00	1.83494e-01	7.59491e-04
6.82000e+00	1.84118e-01	7.57240e-04
6.83000e+00	1.84742e-01	7.54992e-04
6.84000e+00	1.85366e-01	7.52747e-04
6.85000e+00	1.85992e-01	7.50505e-04
6.86000e+00	1.86618e-01	7.48265e-04
6.87000e+00	1.87244e-01	7.46029e-04
6.88000e+00	1.87872e-01	7.43795e-04
6.89000e+00	1.88500e-01	7.41564e-04
6.90000e+00	1.89128e-01	7.39336e-04
6.91000e+00	1.89757e-01	7.37111e-04
6.92000e+00	1.90387e-01	7.34889e-04
6.93000e+00	1.91018e-01	7.32670e-04
6.94000e+00	1.91649e-01	7.30454e-04
6.95000e+00	1.92281e-01	7.28240e-04
6.96000e+00	1.92913e-01	7.26030e-04
6.97000e+00	1.93546e-01	7.23823e-04
6.98000e+00	1.94180e-01	7.21619e-04
6.99000e+00	1.94814e-01	7.19417e-04
7.00000e+00	1.95449e-01	7.17219e-04
7.01000e+00	1.96084e-01	7.15024e-04
7.02000e+00	1.96720e-01	7.12832e-04
7.03000e+00	1.97357e-01	7.10642e-04
7.04000e+00	1.97994e-01	7.08456e-04
7.05000e+00	1.98632e-01	7.06273e-04
7.06000e+00	1.99270e-01	7.04093e-04
7.07000e+00	1.99909e-01	7.01917e-04
7.08000e+00	2.00549e-01	6.99743e-04
7.09000e+00	2.01189e-01	6.97572e-04
7.10000e+00	2.01829e-01	6.95405e-04
7.11000e+00	2.02470e-01	6.93240e-04
7.12000e+00	2.03112e-01	6.91079e-04
7.13000e+00	2.03755e-01	6.88921e-04
7.14000e+00	2.04397e-01	6.86766e-04
7.15000e+00	2.05041e-01	6.84614e-04
7.16000e+00	2.05685e-01	6.82465e-04
7.17000e+00	2.06329e-01	6.80320e-04
7.18000e+00	2.06974e-01	6.78178e-04
7.19000e+00	2.07620e-01	6.76039e-04
7.20000e+00	2.08266e-01	6.73903e-04
7.21000e+00	2.08912e-01	6.71770e-04
7.22000e+00	2.09560e-01	6.69641e-04
7.23000e+00	2.10207e-01	6.67515e-04
7.24000e+00	2.10855e-01	6.65392e-04
7.25000e+00	2.11504e-01	6.63273e-04
7.26000e+00	2.12153e-01	6.61156e-04
7.27000e+00	2.12803e-01	6.59043e-04
7.28000e+00	2.13453e-01	6.56934e-04
7.29000e+00	2.14103e-01	6.54827e-04
7.30000e+00	2.14754e-01	6.52724e-04
7.31000e+00	2.15406e-01	6.50624e-04
7.32000e+00	2.16058e-01	6.48528e-04
7.33000e+00	2.16710e-01	6.46434e-04
7.34000e+00	2.17363e-01	6.44345e-04
7.35000e+00	2.18017e-01	6.42258e-04
7.36000e+00	2.18671e-01	6.40175e-04
7.37000e+00	2.19325e-01	6.38095e-04
7.38000e+00	2.19980e-01	6.36019e-04
7.39000e+00	2.20635e-01	6.33946e-04
7.40000e+00	2.21291e-01	6.31876e-04
7.41000e+00	2.21947e-01	6.29810e-04
7.42000e+00	2.22603e-01	6.27747e-04
7.43000e+00	2.23260e-01	6.25688e-04
7.44000e+00	2.23918e-01	6.23632e-04
7.45000e+00	2.24575e-01	6.21580e-04
7.46000e+00	2.25234e-01	6.19531e-04
7.47000e+00	2.25892e-01	6.17485e-04
7.48000e+00	2.26551e-01	6.15443e-04
7.49000e+00	2.27211e-01	6.13404e-04
7.50000e+00	2.27870e-01	6.11369e-04
7.51000e+00	2.28531e-01	6.09337e-04
7.52000e+00	2.29191e-01	6.07309e-04
7.53000e+00	2.29852e-01	6.05284e-04
7.54000e+00	2.30514e-01	6.03263e-04
7.55000e+00	2.31175e-01	6.01245e-04
7.56000e+00	2.31837e-01	5.99231e-04
7.57000e+00	2.32500e-01	5.97220e-04
7.58000e+00	2.33163e-01	5.95213e-04
7.59000e+00	2.33826e-01	5.93209e-04
7.60000e+00	2.34490e-01	5.91209e-04
7.61000e+00	2.35153e-01	5.89212e-04
7.62000e+00	2.35818e-01	5.87219e-04
7.63000e+00	2.36482e-01	5.85230e-04
7.64000e+00	2.37147e-01	5.83244e-04
7.65000e+00	2.37813e-01	5.81262e-04
7.66000e+00	2.38478e-01	5.79283e-04
7.67000e+00	2.39144e-01	5.77308e-04
7.68000e+00	2.39810e-01	5.75336e-04
7.69000e+00	2.40477e-01	5.73368e-04
7.70000e+00	2.41144e-01	5.71404e-04
7.71000e+00	2.41811e-01	5.69443e-04
7.72000e+00	2.42478e-01	5.67486e-04
7.73000e+00	2.43146e-01	5.65533e-04
7.74000e+00	2.43814e-01	5.63583e-04
7.75000e+00	2.44483e-01	5.61637e-04
7.76000e+00	2.45151e-01	5.59694e-04
7.77000e+00	2.45820e-01	5.57755e-04
7.78000e+00	2.46489e-01	5.55820e-04
7.79000e+00	2.47159e-01	5.53888e-04
7.80000e+00	2.47829e-01	5.51961e-04
7.81000e+00	2.48499e-01	5.50036e-04
7.82000e+00	2.49169e-01	5.48116e-04
7.83000e+00	2.49839e-01	5.46199e-04
7.84000e+00	2.50510e-01	5.44286e-04
7.85000e+00	2.51181e-01	5.42376e-04
7.86000e+00	2.51853e-01	5.40470e-04
7.87000e+00	2.52524e-01	5.38568e-04
7.88000e+00	2.53196e-01	5.36670e-04
7.89000e+00	2.53868e-01	5.34775e-04
7.90000e+00	2.54540e-01	5.32884e-04
7.91000e+00	2.55212e-01	5.30997e-04
7.92000e+00	2.55885e-01	5.29114e-04
7.93000e+00	2.56558e-01	5.27234e-04
7.94000e+00	2.57231e-01	5.25358e-04
7.95000e+00	2.57904e-01	5.23486e-04
7.96000e+00	2.58578e-01	5.21617e-04
7.97000e+00	2.59251e-01	5.19752e-04
7.98000e+00	2.59925e-01	5.17891e-04
7.99000e+00	2.60599e-01	5.16034e-04
8.00000e+00	2.61273e-01	5.14181e-04
8.01000e+00	2.61948e-01	5.12331e-04
8.02000e+00	2.62622e-01	5.10485e-04
8.03000e+00	2.63297e-01	5.08643e-04
8.04000e+00	2.63972e-01	5.06804e-04
8.05000e+00	2.64647e-01	5.04970e-04
8.06000e+00	2.65322e-01	5.03139e-04
8.07000e+00	2.65998e-01	5.01312e-04
8.08000e+00	2.66673e-01	4.99489e-04
8.09000e+00	2.67349e-01	4.97670e-04
8.10000e+00	2.68025e-01	4.95854e-04
8.11000e+00	2.68701e-01	4.94042e-04
8.12000e+00	2.69377e-01	4.92234e-04
8.13000e+00	2.70053e-01	4.90430e-04
8.14000e+00	2.70729e-01	4.88630e-04
8.15000e+00	2.71405e-01	4.86834e-04
8.16000e+00	2.72082e-01	4.85041e-04
8.17000e+00	2.72759e-01	4.83252e-04
8.18000e+00	2.73435e-01	4.81467e-04
8.19000e+00	2.74112e-01	4.79686e-04
8.20000e+00	2.74789e-01	4.77909e-04
8.21000e+00	2.75466e-01	4.76136e-04
8.22000e+00	2.76143e-01	4.74366e-04
8.23000e+00	2.76820e-01	4.72600e-04
8.24000e+00	2.77498e-01	4.70839e-04
8.25000e+00	2.78175e-01	4.69081e-04
8.26000e+00	2.78853e-01	4.67326e-04
8.27000e+00	2.79530e-01	4.65576e-04
8.28000e+00	2.80208e-01	4.63830e-04
8.29000e+00	2.80885e-01	4.62087e-04
8.30000e+00	2.81563e-01	4.60349e-04
8.31000e+00	2.82240e-01	4.58614e-04
8.32000e+00	2.82918e-01	4.56883e-04
8.33000e+00	2.83596e-01	4.55156e-04
8.34000e+00	2.84274e-01	4.53433e-04
8.35000e+00	2.84952e-01	4.51714e-04
8.36000e+00	2.85629e-01	4.49999e-04
8.37000e+00	2.86307e-01	4.48287e-04
8.38000e+00	2.86985e-01	4.46580e-04
8.39000e+00	2.87663e-01	4.44876e-04
8.40000e+00	2.88341e-01	4.43176e-04
8.41000e+00	2.89019e-01	4.41480e-04
8.42000e+00	2.89697e-01	4.39788e-04
8.43000e+00	2.90375e-01	4.38100e-04
8.44000e+00	2.91053e-01	4.36416e-04
8.45000e+00	2.91731e-01	4.34736e-04
8.46000e+00	2.92409e-01	4.33060e-04
8.47000e+00	2.93086e-01	4.31388e-04
8.48000e+00	2.93764e-01	4.29719e-04
8.49000e+00	2.94442e-01	4.28055e-04
8.50000e+00	2.95120e-01	4.26394e-04
8.51000e+00	2.95798e-01	4.24737e-04
8.52000e+00	2.96475e-01	4.23084e-04
8.53000e+00	2.97153e-01	4.21436e-04
8.54000e+00	2.97830e-01	4.19791e-04
8.55000e+00	2.98508e-01	4.18150e-04
8.56000e+00	2.99185e-01	4.16513e-04
8.57000e+00	2.99863e-01	4.14879e-04
8.58000e+00	3.00540e-01	4.13250e-04
8.59000e+00	3.01217e-01	4.11625e-04
8.60000e+00	3.01895e-01	4.10003e-04
8.61000e+00	3.02572e-01	4.08386e-04
8.62000e+00	3.03249e-01	4.06773e-04
8.63000e+00	3.03926e-01	4.05163e-04
8.64000e+00	3.04602e-01	4.03557e-04
8.65000e+00	3.05279e-01	4.01956e-04
8.66000e+00	3.05956e-01	4.00358e-04
8.67000e+00	3.06632e-01	3.98764e-04
8.68000e+00	3.07309e-01	3.97174e-04
8.69000e+00	3.07985e-01	3.95588e-04
8.70000e+00	3.08661e-01	3.94006e-04
8.71000e+00	3.09337e-01	3.92428e-04
8.72000e+00	3.10013e-01	3.90854e-04
8.73000e+00	3.10689e-01	3.89284e-04
8.74000e+00	3.11365e-01	3.87718e-04
8.75000e+00	3.12040e-01	3.86155e-04
8.76000e+00	3.12715e-01	3.84597e-04
8.77000e+00	3.13391e-01	3.83043e-04
8.78000e+00	3.14066e-01	3.81492e-04
8.79000e+00	3.14741e-01	3.79946e-04
8.80000e+00	3.15415e-01	3.78403e-04
8.81000e+00	3.16090e-01	3.76864e-04
8.82000e+00	3.16764e-01	3.75330e-04
8.83000e+00	3.17439e-01	3.73799e-04
8.84000e+00	3.18113e-01	3.72272e-04
8.85000e+00	3.18787e-01	3.70749e-04
8.86000e+00	3.19460e-01	3.69230e-04
8.87000e+00	3.20134e-01	3.67715e-04
8.88000e+00	3.20807e-01	3.66204e-04
8.89000e+00	3.21480e-01	3.64697e-04
8.90000e+00	3.22153e-01	3.63194e-04
8.91000e+00	3.22826e-01	3.61695e-04
8.92000e+00	3.23498e-01	3.60199e-04
8.93000e+00	3.24170e-01	3.58708e-04
8.94000e+00	3.24842e-01	3.57221e-04
8.95000e+00	3.25514e-01	3.55737e-04
8.96000e+00	3.26186e-01	3.54258e-04
8.97000e+00	3.26857e-01	3.52782e-04
8.98000e+00	3.27528e-01	3.51310e-04
8.99000e+00	3.28199e-01	3.49843e-04
9.00000e+00	3.28870e-01	3.48379e-04
9.01000e+00	3.29540e-01	3.46919e-04
9.02000e+00	3.30210e-01	3.45463e-04
9.03000e+00	3.30880e-01	3.44011e-04
9.04000e+00	3.31550e-01	3.42563e-04
9.05000e+00	3.32219e-01	3.41119e-04
9.06000e+00	3.32888e-01	3.39678e-04
9.07000e+00	3.33557e-01	3.38242e-04
9.08000e+00	3.34225e-01	3.36810e-04
9.09000e+00	3.34894e-01	3.35381e-04
9.10000e+00	3.35561e-01	3.33957e-04
9.11000e+00	3.36229e-01	3.32536e-04
9.12000e+00	3.36896e-01	3.31119e-04
9.13000e+00	3.37564e-01	3.29707e-04
9.14000e+00	3.38230e-01	3.28298e-04
9.15000e+00	3.38897e-01	3.26893e-04
9.16000e+00	3.39563e-01	3.25492e-04
9.17000e+00	3.40229e-01	3.24095e-04
9.18000e+00	3.40894e-01	3.22701e-04
9.19000e+00	3.41559e-01	3.21312e-04
9.20000e+00	3.42224e-01	3.19927e-04
9.21000e+00	3.42889e-01	3.18545e-04
9.22000e+00	3.43553e-01	3.17168e-04
9.23000e+00	3.44217e-01	3.15794e-04
9.24000e+00	3.44880e-01	3.14424e-04
9.25000e+00	3.45544e-01	3.13058e-04
9.26000e+00	3.46206e-01	3.11696e-04
9.27000e+00	3.46869e-01	3.10338e-04
9.28000e+00	3.47531e-01	3.08984e-04
9.29000e+00	3.48193e-01	3.07633e-04
9.30000e+00	3.48854e-01	3.06287e-04
9.31000e+00	3.49515e-01	3.04944e-04
9.32000e+00	3.50176e-01	3.03606e-04
9.33000e+00	3.50836e-01	3.02271e-04
9.34000e+00	3.51496e-01	3.00940e-04
9.35000e+00	3.52155e-01	2.99613e-04
9.36000e+00	3.52814e-01	2.98289e-04
9.37000e+00	3.53473e-01	2.96970e-04
9.38000e+00	3.54131e-01	2.95655e-04
9.39000e+00	3.54789e-01	2.94343e-04
9.40000e+00	3.55447e-01	2.93035e-04
9.41000e+00	3.56104e-01	2.91731e-04
9.42000e+00	3.56761e-01	2.90431e-04
9.43000e+00	3.57417e-01	2.89135e-04
9.44000e+00	3.58073e-01	2.87843e-04
9.45000e+00	3.58728e-01	2.86554e-04
9.46000e+00	3.59383e-01	2.85270e-04
9.47000e+00	3.60038e-01	2.83989e-04
9.48000e+00	3.60692e-01	2.82712e-04
9.49000e+00	3.61345e-01	2.81439e-04
9.50000e+00	3.61999e-01	2.80169e-04
9.51000e+00	3.62651e-01	2.78904e-04
9.52000e+00	3.63304e-01	2.77642e-04
9.53000e+00	3.63956e-01	2.76384e-04
9.54000e+00	3.64607e-01	2.75130e-04
9.55000e+00	3.65258e-01	2.73880e-04
9.56000e+00	3.65909e-01	2.72634e-04
9.57000e+00	3.66559e-01	2.71391e-04
9.58000e+00	3.67208e-01	2.70152e-04
9.59000e+00	3.67857e-01	2.68917e-04
9.60000e+00	3.68506e-01	2.67686e-04
9.61000e+00	3.69154e-01	2.66459e-04
9.62000e+00	3.69802e-01	2.65235e-04
9.63000e+00	3.70449e-01	2.64015e-04
9.64000e+00	3.71095e-01	2.62799e-04
9.65000e+00	3.71742e-01	2.61587e-04
9.66000e+00	3.72387e-01	2.60379e-04
9.67000e+00	3.73032e-01	2.59174e-04
9.68000e+00	3.73677e-01	2.57973e-04
9.69000e+00	3.74321e-01	2.56776e-04
9.70000e+00	3.74965e-01	2.55582e-04
9.71000e+00	3.75608e-01	2.54393e-04
9.72000e+00	3.76250e-01	2.53207e-04
9.73000e+00	3.76892e-01	2.52025e-04
9.74000e+00	3.77534e-01	2.50846e-04
9.75000e+00	3.78175e-01	2.49672e-04
9.76000e+00	3.78815e-01	2.48501e-04
9.77000e+00	3.79455e-01	2.47334e-04
9.78000e+00	3.80094e-01	2.46170e-04
9.79000e+00	3.80733e-01	2.45011e-04
9.80000e+00	3.81371e-01	2.43855e-04
9.81000e+00	3.82009e-01	2.42702e-04
9.82000e+00	3.82646e-01	2.41554e-04
9.83000e+00	3.83282e-01	2.40409e-04
9.84000e+00	3.83918e-01	2.39268e-04
9.85000e+00	3.84554e-01	2.38130e-04
9.86000e+00	3.85189e-01	2.36997e-04
9.87000e+00	3.85823e-01	2.35867e-04
9.88000e+00	3.86457e-01	2.34740e-04
9.89000e+00	3.87090e-01	2.33618e-04
9.90000e+00	3.87722e-01	2.32499e-04
9.91000e+00	3.88354e-01	2.31383e-04
9.92000e+00	3.88985e-01	2.30272e-04
9.93000e+00	3.89616e-01	2.29164e-04
9.94000e+00	3.90246e-01	2.28059e-04
9.95000e+00	3.90876e-01	2.26959e-04
9.96000e+00	3.91504e-01	2.25862e-04
9.97000e+00	3.92133e-01	2.24768e-04
9.98000e+00	3.92760e-01	2.23679e-04
9.99000e+00	3.93387e-01	2.22593e-04
1.00000e+01	3.94014e-01	2.21510e-04
1.00100e+01	3.94639e-01	2.20431e-04
1.00200e+01	3.95265e-01	2.19356e-04
1.00300e+01	3.95889e-01	2.18285e-04
1.00400e+01	3.96513e-01	2.17217e-04
1.00500e+01	3.97136e-01	2.16152e-04
1.00600e+01	3.97759e-01	2.15092e-04
1.00700e+01	3.98381e-01	2.14034e-04
1.00800e+01	3.99002e-01	2.12981e-04
1.00900e+01	3.99623e-01	2.11931e-04
1.01000e+01	4.00243e-01	2.10885e-04
1.01100e+01	4.00862e-01	2.09842e-04
1.01200e+01	4.01481e-01	2.08803e-04
1.01300e+01	4.02099e-01	2.07767e-04
1.01400e+01	4.02716e-01	2.06735e-04
1.01500e+01	4.03332e-01	2.05706e-04
1.01600e+01	4.03948e-01	2.04682e-04
1.01700e+01	4.04564e-01	2.03660e-04
1.01800e+01	4.05178e-01	2.02642e-04
1.01900e+01	4.05792e-01	2.01628e-04
1.02000e+01	4.06405e-01	2.00617e-04
1.02100e+01	4.07018e-01	1.99610e-04
1.02200e+01	4.07630e-01	1.98606e-04
1.02300e+01	4.08241e-01	1.97606e-04
1.02400e+01	4.08851e-01	1.96609e-04
1.02500e+01	4.09461e-01	1.95616e-04
1.02600e+01	4.10070e-01	1.94627e-04
1.02700e+01	4.10678e-01	1.93640e-04
1.02800e+01	4.11286e-01	1.92658e-04
1.02900e+01	4.11893e-01	1.91678e-04
1.03000e+01	4.12499e-01	1.90703e-04
1.03100e+01	4.13104e-01	1.89730e-04
1.03200e+01	4.13709e-01	1.88762e-04
1.03300e+01	4.14313e-01	1.87796e-04
1.03400e+01	4.14916e-01	1.86835e-04
1.03500e+01	4.15519e-01	1.85876e-04
1.03600e+01	4.16121e-01	1.84921e-04
1.03700e+01	4.16722e-01	1.83970e-04
1.03800e+01	4.17322e-01	1.83022e-04
1.03900e+01	4.17921e-01	1.82077e-04
1.04000e+01	4.18520e-01	1.81136e-04
1.04100e+01	4.19118e-01	1.80198e-04
1.04200e+01	4.19715e-01	1.79264e-04
1.04300e+01	4.20312e-01	1.78333e-04
1.04400e+01	4.20908e-01	1.77405e-04
1.04500e+01	4.21503e-01	1.76481e-04
1.04600e+01	4.22097e-01	1.75560e-04
1.04700e+01	4.22690e-01	1.74643e-04
1.04800e+01	4.23283e-01	1.73729e-04
1.04900e+01	4.23875e-01	1.72818e-04
1.05000e+01	4.24466e-01	1.71911e-04
1.05100e+01	4.25056e-01	1.71007e-04
1.05200e+01	4.25646e-01	1.70106e-04
1.05300e+01	4.26234e-01	1.69209e-04
1.05400e+01	4.26822e-01	1.68315e-04
1.05500e+01	4.27409e-01	1.67425e-04
1.05600e+01	4.27996e-01	1.66537e-04
1.05700e+01	4.28581e-01	1.65653e-04
1.05800e+01	4.29166e-01	1.64773e-04
1.05900e+01	4.29750e-01	1.63896e-04
1.06000e+01	4.30333e-01	1.63022e-04
1.06100e+01	4.30915e-01	1.62151e-04
1.06200e+01	4.31497e-01	1.61284e-04
1.06300e+01	4.32077e-01	1.60420e-04
1.06400e+01	4.32657e-01	1.59559e-04
1.06500e+01	4.33236e-01	1.58701e-04
1.06600e+01	4.33814e-01	1.57847e-04
1.06700e+01	4.34392e-01	1.56996e-04
1.06800e+01	4.34968e-01	1.56148e-04
1.06900e+01	4.35544e-01	1.55304e-04
1.07000e+01	4.36119e-01	1.54463e-04
1.07100e+01	4.36693e-01	1.53625e-04
1.07200e+01	4.37266e-01	1.52790e-04
1.07300e+01	4.37838e-01	1.51958e-04
1.07400e+01	4.38410e-01	1.51130e-04
1.07500e+01	4.38980e-01	1.50305e-04
1.07600e+01	4.39550e-01	1.49483e-04
1.07700e+01	4.40119e-01	1.48664e-04
1.07800e+01	4.40687e-01	1.47849e-04
1.07900e+01	4.41254e-01	1.47036e-04
1.08000e+01	4.41821e-01	1.46227e-04
1.08100e+01	4.42386e-01	1.45421e-04
1.08200e+01	4.42951e-01	1.44618e-04
1.08300e+01	4.43514e-01	1.43819e-04
1.08400e+01	4.44077e-01	1.43022e-04
1.08500e+01	4.44639e-01	1.42229e-04
1.08600e+01	4.45200e-01	1.41439e-04
1.08700e+01	4.45760e-01	1.40652e-04
1.08800e+01	4.46320e-01	1.39868e-04
1.08900e+01	4.46878e-01	1.39087e-04
1.09000e+01	4.47436e-01	1.38309e-04
1.09100e+01	4.47992e-01	1.37535e-04
1.09200e+01	4.48548e-01	1.36763e-04
1.09300e+01	4.49103e-01	1.35995e-04
1.09400e+01	4.49657e-01	1.35230e-04
1.09500e+01	4.50210e-01	1.34467e-04
1.09600e+01	4.50762e-01	1.33708e-04
1.09700e+01	4.51313e-01	1.32952e-04
1.09800e+01	4.51863e-01	1.32199e-04
1.09900e+01	4.52413e-01	1.31449e-04
1.10000e+01	4.52961e-01	1.30702e-04
1.10100e+01	4.53509e-01	1.29959e-04
1.10200e+01	4.54055e-01	1.29218e-04
1.10300e+01	4.54601e-01	1.28480e-04
1.10400e+01	4.55146e-01	1.27745e-04
1.10500e+01	4.55690e-01	1.27013e-04
1.10600e+01	4.56233e-01	1.26285e-04
1.10700e+01	4.56775e-01	1.25559e-04
1.10800e+01	4.57316e-01	1.24836e-04
1.10900e+01	4.57856e-01	1.24116e-04
1.11000e+01	4.58395e-01	1.23400e-04
1.11100e+01	4.58934e-01	1.22686e-04
1.11200e+01	4.59471e-01	1.21975e-04
1.11300e+01	4.60007e-01	1.21267e-04
1.11400e+01	4.60543e-01	1.20562e-04
1.11500e+01	4.61077e-01	1.19860e-04
1.11600e+01	4.61611e-01	1.19161e-04
1.11700e+01	4.62143e-01	1.18465e-04
1.11800e+01	4.62675e-01	1.17772e-04
1.11900e+01	4.63206e-01	1.17082e-04
1.12000e+01	4.63735e-01	1.16394e-04
1.12100e+01	4.64264e-01	1.15710e-04
1.12200e+01	4.64792e-01	1.15028e-04
1.12300e+01	4.65319e-01	1.14350e-04
1.12400e+01	4.65844e-01	1.13674e-04
1.12500e+01	4.66369e-01	1.13001e-04
1.12600e+01	4.66893e-01	1.12331e-04
1.12700e+01	4.67416e-01	1.11664e-04
1.12800e+01	4.67938e-01	1.11000e-04
1.12900e+01	4.68459e-01	1.10338e-04
1.13000e+01	4.68979e-01	1.09680e-04
1.13100e+01	4.69498e-01	1.09024e-04
1.13200e+01	4.70016e-01	1.08371e-04
1.13300e+01	4.70533e-01	1.07721e-04
1.13400e+01	4.71049e-01	1.07074e-04
1.13500e+01	4.71564e-01	1.06429e-04
1.13600e+01	4.72078e-01	1.05788e-04
1.13700e+01	4.72591e-01	1.05149e-04
1.13800e+01	4.73103e-01	1.04513e-04
1.13900e+01	4.73614e-01	1.03880e-04
1.14000e+01	4.74124e-01	1.03249e-04
1.14100e+01	4.74633e-01	1.02621e-04
1.14200e+01	4.75141e-01	1.01996e-04
1.14300e+01	4.75648e-01	1.01374e-04
1.14400e+01	4.76154e-01	1.00755e-04
1.14500e+01	4.76659e-01	1.00138e-04
1.14600e+01	4.77163e-01	9.95238e-05
1.14700e+01	4.77666e-01	9.89126e-05
1.14800e+01	4.78168e-01	9.83040e-05
1.14900e+01	4.78669e-01	9.76981e-05
1.15000e+01	4.79169e-01	9.70950e-05
1.15100e+01	4.79668e-01	9.64945e-05
1.15200e+01	4.80166e-01	9.58968e-05
1.15300e+01	4.80663e-01	9.53017e-05
1.15400e+01	4.81159e-01	9.47093e-05
1.15500e+01	4.81653e-01	9.41195e-05
1.15600e+01	4.82147e-01	9.35324e-05
1.15700e+01	4.82640e-01	9.29480e-05
1.15800e+01	4.83132e-01	9.23663e-05
1.15900e+01	4.83622e-01	9.17871e-05
1.16000e+01	4.84112e-01	9.12106e-05
1.16100e+01	4.84600e-01	9.06367e-05
1.16200e+01	4.85088e-01	9.00655e-05
1.16300e+01	4.85574e-01	8.94969e-05
1.16400e+01	4.86060e-01	8.89308e-05
1.16500e+01	4.86544e-01	8.83674e-05
1.16600e+01	4.87028e-01	8.78065e-05
1.16700e+01	4.87510e-01	8.72483e-05
1.16800e+01	4.87991e-01	8.66926e-05
1.16900e+01	4.88471e-01	8.61395e-05
1.17000e+01	4.88951e-01	8.55889e-05
1.17100e+01	4.89429e-01	8.50409e-05
1.17200e+01	4.89906e-01	8.44955e-05
1.17300e+01	4.90382e-01	8.39526e-05
1.17400e+01	4.90857e-01	8.34122e-05
1.17500e+01	4.91330e-01	8.28743e-05
1.17600e+01	4.91803e-01	8.23390e-05
1.17700e+01	4.92275e-01	8.18062e-05
1.17800e+01	4.92746e-01	8.12759e-05
1.17900e+01	4.93215e-01	8.07481e-05
1.18000e+01	4.93684e-01	8.02228e-05
1.18100e+01	4.94151e-01	7.96999e-05
1.18200e+01	4.94617e-01	7.91796e-05
1.18300e+01	4.95083e-01	7.86617e-05
1.18400e+01	4.95547e-01	7.81462e-05
1.18500e+01	4.96010e-01	7.76333e-05
1.18600e+01	4.96472e-01	7.71228e-05
1.18700e+01	4.96933e-01	7.66147e-05
1.18800e+01	4.97393e-01	7.61090e-05
1.18900e+01	4.97852e-01	7.56058e-05
1.19000e+01	4.98310e-01	7.51050e-05
1.19100e+01	4.98766e-01	7.46067e-05
1.19200e+01	4.99222e-01	7.41107e-05
1.19300e+01	4.99676e-01	7.36171e-05
1.19400e+01	5.00130e-01	7.31259e-05
1.19500e+01	5.00582e-01	7.26371e-05
1.19600e+01	5.01033e-01	7.21507e-05
1.19700e+01	5.01483e-01	7.16666e-05
1.19800e+01	5.01932e-01	7.11850e-05
1.19900e+01	5.02380e-01	7.07056e-05
1.20000e+01	5.02827e-01	7.02287e-05
1.20100e+01	5.03273e-01	6.97540e-05
1.20200e+01	5.03717e-01	6.92817e-05
1.20300e+01	5.04161e-01	6.88117e-05
1.20400e+01	5.04603e-01	6.83441e-05
1.20500e+01	5.05044e-01	6.78787e-05
1.20600e+01	5.05485e-01	6.74157e-05
1.20700e+01	5.05924e-01	6.69550e-05
1.20800e+01	5.06362e-01	6.64965e-05
1.20900e+01	5.06798e-01	6.60404e-05
1.21000e+01	5.07234e-01	6.55865e-05
1.21100e+01	5.07669e-01	6.51349e-05
1.21200e+01	5.08102e-01	6.46856e-05
1.21300e+01	5.08535e-01	6.42385e-05
1.21400e+01	5.08966e-01	6.37937e-05
1.21500e+01	5.09396e-01	6.33511e-05
1.21600e+01	5.09825e-01	6.29107e-05
1.21700e+01	5.10253e-01	6.24726e-05
1.21800e+01	5.10680e-01	6.20367e-05
1.21900e+01	5.11106e-01	6.16030e-05
1.22000e+01	5.11531e-01	6.11716e-05
1.22100e+01	5.11954e-01	6.07423e-05
1.22200e+01	5.12376e-01	6.03152e-05
1.22300e+01	5.12798e-01	5.98903e-05
1.22400e+01	5.13218e-01	5.94676e-05
1.22500e+01	5.13637e-01	5.90471e-05
1.22600e+01	5.14055e-01	5.86287e-05
1.22700e+01	5.14471e-01	5.82125e-05
1.22800e+01	5.14887e-01	5.77984e-05
1.22900e+01	5.15301e-01	5.73865e-05
1.23000e+01	5.15715e-01	5.69768e-05
1.23100e+01	5.16127e-01	5.65691e-05
1.23200e+01	5.16538e-01	5.61636e-05
1.23300e+01	5.16948e-01	5.57602e-05
1.23400e+01	5.17357e-01	5.53589e-05
1.23500e+01	5.17764e-01	5.49597e-05
1.23600e+01	5.18171e-01	5.45626e-05
1.23700e+01	5.18576e-01	5.41676e-05
1.23800e+01	5.18981e-01	5.37747e-05
1.23900e+01	5.19384e-01	5.33839e-05
1.24000e+01	5.19786e-01	5.29951e-05
1.24100e+01	5.20187e-01	5.26084e-05
1.24200e+01	5.20586e-01	5.22237e-05
1.24300e+01	5.20985e-01	5.18411e-05
1.24400e+01	5.21382e-01	5.14606e-05
1.24500e+01	5.21779e-01	5.10821e-05
1.24600e+01	5.22174e-01	5.07055e-05
1.24700e+01	5.22568e-01	5.03311e-05
1.24800e+01	5.22961e-01	4.99586e-05
1.24900e+01	5.23352e-01	4.95881e-05
1.25000e+01	5.23743e-01	4.92197e-05
1.25100e+01	5.24132e-01	4.88532e-05
1.25200e+01	5.24521e-01	4.84887e-05
1.25300e+01	5.24908e-01	4.81262e-05
1.25400e+01	5.25294e-01	4.77657e-05
1.25500e+01	5.25679e-01	4.74071e-05
1.25600e+01	5.26062e-01	4.70505e-05
1.25700e+01	5.26445e-01	4.66959e-05
1.25800e+01	5.26826e-01	4.63432e-05
1.25900e+01	5.27206e-01	4.59924e-05
1.26000e+01	5.27585e-01	4.56436e-05
1.26100e+01	5.27963e-01	4.52967e-05
1.26200e+01	5.28340e-01	4.49517e-05
1.26300e+01	5.28716e-01	4.46086e-05
1.26400e+01	5.29090e-01	4.42675e-05
1.26500e+01	5.29463e-01	4.39282e-05
1.26600e+01	5.29836e-01	4.35908e-05
1.26700e+01	5.30207e-01	4.32553e-05
1.26800e+01	5.30576e-01	4.29217e-05
1.26900e+01	5.30945e-01	4.25899e-05
1.27000e+01	5.31313e-01	4.22601e-05
1.27100e+01	5.31679e-01	4.19320e-05
1.27200e+01	5.32044e-01	4.16059e-05
1.27300e+01	5.32408e-01	4.12815e-05
1.27400e+01	5.32771e-01	4.09590e-05
1.27500e+01	5.33133e-01	4.06384e-05
1.27600e+01	5.33493e-01	4.03195e-05
1.27700e+01	5.33853e-01	4.00025e-05
1.27800e+01	5.34211e-01	3.96873e-05
1.27900e+01	5.34568e-01	3.93739e-05
1.28000e+01	5.34924e-01	3.90623e-05
1.28100e+01	5.35279e-01	3.87525e-05
1.28200e+01	5.35632e-01	3.84445e-05
1.28300e+01	5.35985e-01	3.81382e-05
1.28400e+01	5.36336e-01	3.78338e-05
1.28500e+01	5.36686e-01	3.75311e-05
1.28600e+01	5.37035e-01	3.72301e-05
1.28700e+01	5.37383e-01	3.69309e-05
1.28800e+01	5.37730e-01	3.66335e-05
1.28900e+01	5.38075e-01	3.63378e-05
1.29000e+01	5.38419e-01	3.60438e-05
1.29100e+01	5.38762e-01	3.57515e-05
1.29200e+01	5.39104e-01	3.54610e-05
1.29300e+01	5.39445e-01	3.51722e-05
1.29400e+01	5.39785e-01	3.48850e-05
1.29500e+01	5.40123e-01	3.45996e-05
1.29600e+01	5.40461e-01	3.43159e-05
1.29700e+01	5.40797e-01	3.40339e-05
1.29800e+01	5.41132e-01	3.37535e-05
1.29900e+01	5.41466e-01	3.34748e-05
1.30000e+01	5.41798e-01	3.31978e-05
1.30100e+01	5.42130e-01	3.29225e-05
1.30200e+01	5.42460e-01	3.26488e-05
1.30300e+01	5.42789e-01	3.23767e-05
1.30400e+01	5.43117e-01	3.21063e-05
1.30500e+01	5.43444e-01	3.18376e-05
1.30600e+01	5.43770e-01	3.15704e-05
1.30700e+01	5.44094e-01	3.13049e-05
1.30800e+01	5.44418e-01	3.10410e-05
1.30900e+01	5.44740e-01	3.07787e-05
1.31000e+01	5.45061e-01	3.05181e-05
1.31100e+01	5.45380e-01	3.02590e-05
1.31200e+01	5.45699e-01	3.00015e-05
1.31300e+01	5.46017e-01	2.97456e-05
1.31400e+01	5.46333e-01	2.94912e-05
1.31500e+01	5.46648e-01	2.92385e-05
1.31600e+01	5.46962e-01	2.89873e-05
1.31700e+01	5.47275e-01	2.87377e-05
1.31800e+01	5.47587e-01	2.84896e-05
1.31900e+01	5.47897e-01	2.82431e-05
1.32000e+01	5.48206e-01	2.79981e-05
1.32100e+01	5.48515e-01	2.77546e-05
1.32200e+01	5.48822e-01	2.75127e-05
1.32300e+01	5.49127e-01	2.72723e-05
1.32400e+01	5.49432e-01	2.70334e-05
1.32500e+01	5.49736e-01	2.67961e-05
1.32600e+01	5.50038e-01	2.65602e-05
1.32700e+01	5.50339e-01	2.63259e-05
1.32800e+01	5.50639e-01	2.60930e-05
1.32900e+01	5.50938e-01	2.58616e-05
1.33000e+01	5.51236e-01	2.56317e-05
1.33100e+01	5.51532e-01	2.54033e-05
1.33200e+01	5.51828e-01	2.51763e-05
1.33300e+01	5.52122e-01	2.49508e-05
1.33400e+01	5.52415e-01	2.47267e-05
1.33500e+01	5.52707e-01	2.45042e-05
1.33600e+01	5.52998e-01	2.42830e-05
1.33700e+01	5.53287e-01	2.40633e-05
1.33800e+01	5.53575e-01	2.38450e-05
1.33900e+01	5.53863e-01	2.36282e-05
1.34000e+01	5.54149e-01	2.34127e-05
1.34100e+01	5.54434e-01	2.31987e-05
1.34200e+01	5.54717e-01	2.29861e-05
1.34300e+01	5.55000e-01	2.27749e-05
1.34400e+01	5.55282e-01	2.25651e-05
1.34500e+01	5.55562e-01	2.23566e-05
1.34600e+01	5.55841e-01	2.21496e-05
1.34700e+01	5.56119e-01	2.19439e-05
1.34800e+01	5.56396e-01	2.17396e-05
1.34900e+01	5.56671e-01	2.15367e-05
1.35000e+01	5.56946e-01	2.13352e-05
1.35100e+01	5.57219e-01	2.11349e-05
1.35200e+01	5.57491e-01	2.09361e-05
1.35300e+01	5.57762e-01	2.07386e-05
1.35400e+01	5.58032e-01	2.05424e-05
1.35500e+01	5.58301e-01	2.03475e-05
1.35600e+01	5.58569e-01	2.01540e-05
1.35700e+01	5.58835e-01	1.99618e-05
1.35800e+01	5.59100e-01	1.97709e-05
1.35900e+01	5.59364e-01	1.95814e-05
1.36000e+01	5.59627e-01	1.93931e-05
1.36100e+01	5.59889e-01	1.92061e-05
1.36200e+01	5.60150e-01	1.90204e-05
1.36300e+01	5.60409e-01	1.88360e-05
1.36400e+01	5.60668e-01	1.86529e-05
1.36500e+01	5.60925e-01	1.84711e-05
1.36600e+01	5.61181e-01	1.82905e-05
1.36700e+01	5.61436e-01	1.81112e-05
1.36800e+01	5.61690e-01	1.79331e-05
1.36900e+01	5.61942e-01	1.77563e-05
1.37000e+01	5.62194e-01	1.75808e-05
1.37100e+01	5.62444e-01	1.74064e-05
1.37200e+01	5.62693e-01	1.72334e-05
1.37300e+01	5.62941e-01	1.70615e-05
1.37400e+01	5.63188e-01	1.68909e-05
1.37500e+01	5.63434e-01	1.67215e-05
1.37600e+01	5.63679e-01	1.65533e-05
1.37700e+01	5.63922e-01	1.63863e-05
1.37800e+01	5.64164e-01	1.62205e-05
1.37900e+01	5.64406e-01	1.60559e-05
1.38000e+01	5.64646e-01	1.58925e-05
1.38100e+01	5.64885e-01	1.57303e-05
1.38200e+01	5.65122e-01	1.55693e-05
1.38300e+01	5.65359e-01	1.54094e-05
1.38400e+01	5.65595e-01	1.52507e-05
1.38500e+01	5.65829e-01	1.50932e-05
1.38600e+01	5.66062e-01	1.49368e-05
1.38700e+01	5.66294e-01	1.47816e-05
1.38800e+01	5.66525e-01	1.46275e-05
1.38900e+01	5.66755e-01	1.44746e-05
1.39000e+01	5.66984e-01	1.43228e-05
1.39100e+01	5.67212e-01	1.41721e-05
1.39200e+01	5.67438e-01	1.40226e-05
1.39300e+01	5.67663e-01	1.38742e-05
1.39400e+01	5.67888e-01	1.37269e-05
1.39500e+01	5.68111e-01	1.35807e-05
1.39600e+01	5.68333e-01	1.34356e-05
1.39700e+01	5.68554e-01	1.32916e-05
1.39800e+01	5.68773e-01	1.31487e-05
1.39900e+01	5.68992e-01	1.30069e-05
1.40000e+01	5.69210e-01	1.28662e-05
1.40100e+01	5.69426e-01	1.27266e-05
1.40200e+01	5.69641e-01	1.25880e-05
1.40300e+01	5.69855e-01	1.24505e-05
1.40400e+01	5.70068e-01	1.23141e-05
1.40500e+01	5.70280e-01	1.21787e-05
1.40600e+01	5.70491e-01	1.20444e-05
1.40700e+01	5.70701e-01	1.19111e-05
1.40800e+01	5.70909e-01	1.17789e-05
1.40900e+01	5.71117e-01	1.16477e-05
1.41000e+01	5.71323e-01	1.15175e-05
1.41100e+01	5.71529e-01	1.13884e-05
1.41200e+01	5.71733e-01	1.12603e-05
1.41300e+01	5.71936e-01	1.11332e-05
1.41400e+01	5.72138e-01	1.10071e-05
1.41500e+01	5.72339e-01	1.08820e-05
1.41600e+01	5.72538e-01	1.07579e-05
1.41700e+01	5.72737e-01	1.06348e-05
1.41800e+01	5.72934e-01	1.05128e-05
1.41900e+01	5.73131e-01	1.03917e-05
1.42000e+01	5.73326e-01	1.02715e-05
1.42100e+01	5.73521e-01	1.01524e-05
1.42200e+01	5.73714e-01	1.00342e-05
1.42300e+01	5.73906e-01	9.91702e-06
1.42400e+01	5.74097e-01	9.80078e-06
1.42500e+01	5.74287e-01	9.68550e-06
1.42600e+01	5.74475e-01	9.57117e-06
1.42700e+01	5.74663e-01	9.45778e-06
1.42800e+01	5.74850e-01	9.34534e-06
1.42900e+01	5.75035e-01	9.23384e-06
1.43000e+01	5.75220e-01	9.12327e-06
1.43100e+01	5.75403e-01	9.01363e-06
1.43200e+01	5.75585e-01	8.90491e-06
1.43300e+01	5.75767e-01	8.79711e-06
1.43400e+01	5.75947e-01	8.69023e-06
1.43500e+01	5.76126e-01	8.58425e-06
1.43600e+01	5.76304e-01	8.47918e-06
1.43700e+01	5.76481e-01	8.37501e-06
1.43800e+01	5.76657e-01	8.27173e-06
1.43900e+01	5.76831e-01	8.16935e-06
1.44000e+01	5.77005e-01	8.06785e-06
1.44100e+01	5.77178e-01	7.96722e-06
1.44200e+01	5.77349e-01	7.86748e-06
1.44300e+01	5.77520e-01	7.76861e-06
1.44400e+01	5.77689e-01	7.67060e-06
1.44500e+01	5.77858e-01	7.57346e-06
1.44600e+01	5.78025e-01	7.47717e-06
1.44700e+01	5.78191e-01	7.38173e-06
1.44800e+01	5.78356e-01	7.28715e-06
1.44900e+01	5.78520e-01	7.19341e-06
1.45000e+01	5.78684e-01	7.10050e-06
1.45100e+01	5.78846e-01	7.00844e-06
1.45200e+01	5.79007e-01	6.91720e-06
1.45300e+01	5.79167e-01	6.82678e-06
1.45400e+01	5.79325e-01	6.73719e-06
1.45500e+01	5.79483e-01	6.64842e-06
1.45600e+01	5.79640e-01	6.56045e-06
1.45700e+01	5.79796e-01	6.47330e-06
1.45800e+01	5.79951e-01	6.38694e-06
1.45900e+01	5.80104e-01	6.30139e-06
1.46000e+01	5.80257e-01	6.21663e-06
1.46100e+01	5.80408e-01	6.13266e-06
1.46200e+01	5.80559e-01	6.04947e-06
1.46300e+01	5.80709e-01	5.96706e-06
1.46400e+01	5.80857e-01	5.88544e-06
1.46500e+01	5.81005e-01	5.80458e-06
1.46600e+01	5.81151e-01	5.72449e-06
1.46700e+01	5.81296e-01	5.64516e-06
1.46800e+01	5.81441e-01	5.56660e-06
1.46900e+01	5.81584e-01	5.48879e-06
1.47000e+01	5.81727e-01	5.41172e-06
1.47100e+01	5.81868e-01	5.33541e-06
1.47200e+01	5.82008e-01	5.25983e-06
1.47300e+01	5.82148e-01	5.18500e-06
1.47400e+01	5.82286e-01	5.11089e-06
1.47500e+01	5.82423e-01	5.03752e-06
1.47600e+01	5.82559e-01	4.96487e-06
1.47700e+01	5.82695e-01	4.89294e-06
1.47800e+01	5.82829e-01	4.82172e-06
1.47900e+01	5.82962e-01	4.75122e-06
1.48000e+01	5.83095e-01	4.68143e-06
1.48100e+01	5.83226e-01	4.61234e-06
1.48200e+01	5.83356e-01	4.54395e-06
1.48300e+01	5.83485e-01	4.47625e-06
1.48400e+01	5.83614e-01	4.40925e-06
1.48500e+01	5.83741e-01	4.34293e-06
1.48600e+01	5.83867e-01	4.27730e-06
1.48700e+01	5.83993e-01	4.21234e-06
1.48800e+01	5.84117e-01	4.14806e-06
1.48900e+01	5.84240e-01	4.08445e-06
1.49000e+01	5.84363e-01	4.02150e-06
1.49100e+01	5.84484e-01	3.95922e-06
1.49200e+01	5.84604e-01	3.89760e-06
1.49300e+01	5.84724e-01	3.83663e-06
1.49400e+01	5.84842e-01	3.77631e-06
1.49500e+01	5.84960e-01	3.71664e-06
1.49600e+01	5.85076e-01	3.65761e-06
1.49700e+01	5.85192e-01	3.59922e-06
1.49800e+01	5.85307e-01	3.54146e-06
1.49900e+01	5.85420e-01	3.48434e-06
1.50000e+01	5.85533e-01	3.42784e-06
1.50100e+01	5.85645e-01	3.37196e-06
1.50200e+01	5.85755e-01	3.31670e-06
1.50300e+01	5.85865e-01	3.26206e-06
1.50400e+01	5.85974e-01	3.20802e-06
1.50500e+01	5.86082e-01	3.15460e-06
1.50600e+01	5.86189e-01	3.10177e-06
1.50700e+01	5.86295e-01	3.04955e-06
1.50800e+01	5.86400e-01	2.99792e-06
1.50900e+01	5.86504e-01	2.94688e-06
1.51000e+01	5.86608e-01	2.89643e-06
1.51100e+01	5.86710e-01	2.84657e-06
1.51200e+01	5.86811e-01	2.79728e-06
1.51300e+01	5.86912e-01	2.74857e-06
1.51400e+01	5.87011e-01	2.70044e-06
1.51500e+01	5.87110e-01	2.65287e-06
1.51600e+01	5.87207e-01	2.60586e-06
1.51700e+01	5.87304e-01	2.55942e-06
1.51800e+01	5.87400e-01	2.51353e-06
1.51900e+01	5.87495e-01	2.46820e-06
1.52000e+01	5.87589e-01	2.42342e-06
1.52100e+01	5.87682e-01	2.37919e-06
1.52200e+01	5.87774e-01	2.33549e-06
1.52300e+01	5.87865e-01	2.29234e-06
1.52400e+01	5.87956e-01	2.24972e-06
1.52500e+01	5.88045e-01	2.20763e-06
1.52600e+01	5.88134e-01	2.16607e-06
1.52700e+01	5.88221e-01	2.12504e-06
1.52800e+01	5.88308e-01	2.08452e-06
1.52900e+01	5.88394e-01	2.04452e-06
1.53000e+01	5.88479e-01	2.00504e-06
1.53100e+01	5.88563e-01	1.96607e-06
1.53200e+01	5.88647e-01	1.92760e-06
1.53300e+01	5.88729e-01	1.88963e-06
1.53400e+01	5.88810e-01	1.85216e-06
1.53500e+01	5.88891e-01	1.81519e-06
1.53600e+01	5.88971e-01	1.77871e-06
1.53700e+01	5.89050e-01	1.74272e-06
1.53800e+01	5.89128e-01	1.70721e-06
1.53900e+01	5.89205e-01	1.67219e-06
1.54000e+01	5.89281e-01	1.63764e-06
1.54100e+01	5.89357e-01	1.60357e-06
1.54200e+01	5.89431e-01	1.56997e-06
1.54300e+01	5.89505e-01	1.53683e-06
1.54400e+01	5.89578e-01	1.50416e-06
1.54500e+01	5.89650e-01	1.47195e-06
1.54600e+01	5.89721e-01	1.44020e-06
1.54700e+01	5.89792e-01	1.40890e-06
1.54800e+01	5.89861e-01	1.37805e-06
1.54900e+01	5.89930e-01	1.34765e-06
1.55000e+01	5.89998e-01	1.31769e-06
1.55100e+01	5.90065e-01	1.28817e-06
1.55200e+01	5.90131e-01	1.25909e-06
1.55300e+01	5.90197e-01	1.23044e-06
1.55400e+01	5.90261e-01	1.20222e-06
1.55500e+01	5.90325e-01	1.17443e-06
1.55600e+01	5.90388e-01	1.14706e-06
1.55700e+01	5.90450e-01	1.12011e-06
1.55800e+01	5.90511e-01	1.09358e-06
1.55900e+01	5.90572e-01	1.06746e-06
1.56000e+01	5.90632e-01	1.04175e-06
1.56100e+01	5.90691e-01	1.01644e-06
1.56200e+01	5.90749e-01	9.91541e-07
1.56300e+01	5.90806e-01	9.67041e-07
1.56400e+01	5.90863e-01	9.42937e-07
1.56500e+01	5.90919e-01	9.19227e-07
1.56600e+01	5.90974e-01	8.95907e-07
1.56700e+01	5.91028e-01	8.72974e-07
1.56800e+01	5.91081e-01	8.50425e-07
1.56900e+01	5.91134e-01	8.28256e-07
1.57000e+01	5.91186e-01	8.06465e-07
1.57100e+01	5.91237e-01	7.85048e-07
1.57200e+01	5.91288e-01	7.64001e-07
1.57300e+01	5.91337e-01	7.43322e-07
1.57400e+01	5.91386e-01	7.23008e-07
1.57500e+01	5.91435e-01	7.03055e-07
1.57600e+01	5.91482e-01	6.83460e-07
1.57700e+01	5.91529e-01	6.64220e-07
1.57800e+01	5.91575e-01	6.45332e-07
1.57900e+01	5.91620e-01	6.26792e-07
1.58000e+01	5.91664e-01	6.08598e-07
1.58100e+01	5.91708e-01	5.90746e-07
1.58200e+01	5.91751e-01	5.73234e-07
1.58300e+01	5.91794e-01	5.56057e-07
1.58400e+01	5.91835e-01	5.39214e-07
1.58500e+01	5.91876e-01	5.22700e-07
1.58600e+01	5.91916e-01	5.06513e-07
1.58700e+01	5.91956e-01	4.90650e-07
1.58800e+01	5.91995e-01	4.75108e-07
1.58900e+01	5.92033e-01	4.59882e-07
1.59000e+01	5.92070e-01	4.44972e-07
1.59100e+01	5.92107e-01	4.30373e-07
1.59200e+01	5.92143e-01	4.16082e-07
1.59300e+01	5.92178e-01	4.02096e-07
1.59400e+01	5.92213e-01	3.88412e-07
1.59500e+01	5.92247e-01	3.75027e-07
1.59600e+01	5.92280e-01	3.61939e-07
1.59700e+01	5.92313e-01	3.49144e-07
1.59800e+01	5.92345e-01	3.36638e-07
1.59900e+01	5.92376e-01	3.24420e-07
1.60000e+01	5.92407e-01	3.12485e-07
1.60100e+01	5.92437e-01	3.00831e-07
1.60200e+01	5.92466e-01	2.89455e-07
1.60300e+01	5.92495e-01	2.78354e-07
1.60400e+01	5.92523e-01	2.67525e-07
1.60500e+01	5.92551e-01	2.56965e-07
1.60600e+01	5.92578e-01	2.46670e-07
1.60700e+01	5.92604e-01	2.36639e-07
1.60800e+01	5.92630e-01	2.26867e-07
1.60900e+01	5.92655e-01	2.17352e-07
1.61000e+01	5.92679e-01	2.08091e-07
1.61100e+01	5.92703e-01	1.99081e-07
1.61200e+01	5.92726e-01	1.90318e-07
1.61300e+01	5.92749e-01	1.81800e-07
1.61400e+01	5.92771e-01	1.73525e-07
1.61500e+01	5.92793e-01	1.65488e-07
1.61600e+01	5.92813e-01	1.57687e-07
1.61700e+01	5.92834e-01	1.50118e-07
1.61800e+01	5.92854e-01	1.42780e-07
1.61900e+01	5.92873e-01	1.35668e-07
1.62000e+01	5.92891e-01	1.28781e-07
1.62100e+01	5.92909e-01	1.22114e-07
1.62200e+01	5.92927e-01	1.15665e-07
1.62300e+01	5.92944e-01	1.09431e-07
1.62400e+01	5.92960e-01	1.03409e-07
1.62500e+01	5.92976e-01	9.75959e-08
1.62600e+01	5.92992e-01	9.19885e-08
1.62700e+01	5.93007e-01	8.65838e-08
1.62800e+01	5.93021e-01	8.13790e-08
1.62900e+01	5.93035e-01	7.63709e-08
1.63000e+01	5.93048e-01	7.15564e-08
1.63100e+01	5.93061e-01	6.69326e-08
1.63200e+01	5.93074e-01	6.24964e-08
1.63300e+01	5.93085e-01	5.82447e-08
1.63400e+01	5.93097e-01	5.41744e-08
1.63500e+01	5.93108e-01	5.02825e-08
1.63600e+01	5.93118e-01	4.65658e-08
1.63700e+01	5.93128e-01	4.30211e-08
1.63800e+01	5.93138e-01	3.96454e-08
1.63900e+01	5.93147e-01	3.64356e-08
1.64000e+01	5.93156e-01	3.33883e-08
1.64100e+01	5.93164e-01	3.05005e-08
1.64200e+01	5.93172e-01	2.77689e-08
1.64300e+01	5.93179e-01	2.51903e-08
1.64400e+01	5.93186e-01	2.27613e-08
1.64500e+01	5.93193e-01	2.04788e-08
1.64600e+01	5.93199e-01	1.83394e-08
1.64700e+01	5.93205e-01	1.63397e-08
1.64800e+01	5.93210e-01	1.44763e-08
1.64900e+01	5.93215e-01	1.27458e-08
1.65000e+01	5.93220e-01	1.11447e-08
1.65100e+01	5.93224e-01	9.66944e-09
1.65200e+01	5.93228e-01	8.31649e-09
1.65300e+01	5.93232e-01	7.08217e-09
1.65400e+01	5.93235e-01	5.96278e-09
1.65500e+01	5.93238e-01	4.95452e-09
1.65600e+01	5.93241e-01	4.05352e-09
1.65700e+01	5.93243e-01	3.25581e-09
1.65800e+01	5.93245e-01	2.55732e-09
1.65900e+01	5.93247e-01	1.95384e-09
1.66000e+01	5.93248e-01	1.44105e-09
1.66100e+01	5.93250e-01	1.01443e-09
1.66200e+01	5.93251e-01	6.69303e-10
1.66300e+01	5.93252e-01	4.00741e-10
1.66400e+01	5.93252e-01	2.03585e-10
1.66500e+01	5.93253e-01	7.24387e-11
1.66600e+01	5.93253e-01	1.98424e-12
