1.00000e-02	1.15319e-23	1.00000e-01
2.00000e-02	8.07236e-08	1.00000e-01
3.00000e-02	2.99830e-07	9.99970e-02
4.00000e-02	7.26503e-07	9.99921e-02
5.00000e-02	1.42991e-06	9.99855e-02
6.00000e-02	2.47921e-06	9.99771e-02
7.00000e-02	3.94352e-06	9.99670e-02
8.00000e-02	5.89195e-06	9.99551e-02
9.00000e-02	8.39356e-06	9.99416e-02
1.00000e-01	1.15174e-05	9.99264e-02
1.10000e-01	1.53324e-05	9.99095e-02
1.20000e-01	1.99076e-05	9.98909e-02
1.30000e-01	2.53118e-05	9.98706e-02
1.40000e-01	3.16138e-05	9.98486e-02
1.50000e-01	3.88824e-05	9.98249e-02
1.60000e-01	4.71863e-05	9.97996e-02
1.70000e-01	5.65942e-05	9.97725e-02
1.80000e-01	6.71745e-05	9.97438e-02
1.90000e-01	7.89957e-05	9.97134e-02
2.00000e-01	9.21261e-05	9.96813e-02
2.10000e-01	1.06634e-04	9.96475e-02
2.20000e-01	1.22588e-04	9.96120e-02
2.30000e-01	1.40055e-04	9.95749e-02
2.40000e-01	1.59105e-04	9.95361e-02
2.50000e-01	1.79803e-04	9.94956e-02
2.60000e-01	2.02220e-04	9.94534e-02
2.70000e-01	2.26421e-04	9.94095e-02
2.80000e-01	2.52474e-04	9.93640e-02
2.90000e-01	2.80447e-04	9.93168e-02
3.00000e-01	3.10407e-04	9.92680e-02
3.10000e-01	3.42421e-04	9.92174e-02
3.20000e-01	3.76556e-04	9.91653e-02
3.30000e-01	4.12878e-04	9.91114e-02
3.40000e-01	4.51455e-04	9.90559e-02
3.50000e-01	4.92352e-04	9.89987e-02
3.60000e-01	5.35636e-04	9.89399e-02
3.70000e-01	5.81373e-04	9.88795e-02
3.80000e-01	6.29629e-04	9.88173e-02
3.90000e-01	6.80469e-04	9.87536e-02
4.00000e-01	7.33959e-04	9.86881e-02
4.10000e-01	7.90165e-04	9.86211e-02
4.20000e-01	8.49152e-04	9.85524e-02
4.30000e-01	9.10983e-04	9.84821e-02
4.40000e-01	9.75725e-04	9.84101e-02
4.50000e-01	1.04344e-03	9.83365e-02
4.60000e-01	1.11420e-03	9.82613e-02
4.70000e-01	1.18806e-03	9.81844e-02
4.80000e-01	1.26508e-03	9.81059e-02
4.90000e-01	1.34534e-03	9.80258e-02
5.00000e-01	1.42889e-03	9.79441e-02
5.10000e-01	1.51580e-03	9.78608e-02
5.20000e-01	1.60612e-03	9.77758e-02
5.30000e-01	1.69993e-03	9.76893e-02
5.40000e-01	1.79729e-03	9.76011e-02
5.50000e-01	1.89825e-03	9.75114e-02
5.60000e-01	2.00288e-03	9.74201e-02
5.70000e-01	2.11124e-03	9.73271e-02
5.80000e-01	2.22339e-03	9.72326e-02
5.90000e-01	2.33940e-03	9.71365e-02
6.00000e-01	2.45931e-03	9.70388e-02
6.10000e-01	2.58321e-03	9.69395e-02
6.20000e-01	2.71113e-03	9.68387e-02
6.30000e-01	2.84315e-03	9.67363e-02
6.40000e-01	2.97933e-03	9.66323e-02
6.50000e-01	3.11972e-03	9.65267e-02
6.60000e-01	3.26438e-03	9.64197e-02
6.70000e-01	3.41337e-03	9.63110e-02
6.80000e-01	3.56674e-03	9.62008e-02
6.90000e-01	3.72457e-03	9.60891e-02
7.00000e-01	3.88690e-03	9.59758e-02
7.10000e-01	4.05379e-03	9.58610e-02
7.20000e-01	4.22530e-03	9.57446e-02
7.30000e-01	4.40148e-03	9.56268e-02
7.40000e-01	4.58240e-03	9.55074e-02
7.50000e-01	4.76811e-03	9.53865e-02
7.60000e-01	4.95865e-03	9.52641e-02
7.70000e-01	5.15410e-03	9.51401e-02
7.80000e-01	5.35450e-03	9.50147e-02
7.90000e-01	5.55991e-03	9.48878e-02
8.00000e-01	5.77038e-03	9.47594e-02
8.10000e-01	5.98597e-03	9.46295e-02
8.20000e-01	6.20672e-03	9.44981e-02
8.30000e-01	6.43270e-03	9.43652e-02
8.40000e-01	6.66395e-03	9.42309e-02
8.50000e-01	6.90053e-03	9.40951e-02
8.60000e-01	7.14249e-03	9.39579e-02
8.70000e-01	7.38988e-03	9.38192e-02
8.80000e-01	7.64275e-03	9.36790e-02
8.90000e-01	7.90116e-03	9.35374e-02
9.00000e-01	8.16514e-03	9.33944e-02
9.10000e-01	8.43476e-03	9.32499e-02
9.20000e-01	8.71006e-03	9.31040e-02
9.30000e-01	8.99110e-03	9.29567e-02
9.40000e-01	9.27791e-03	9.28080e-02
9.50000e-01	9.57054e-03	9.26579e-02
9.60000e-01	9.86906e-03	9.25064e-02
9.70000e-01	1.01735e-02	9.23534e-02
9.80000e-01	1.04839e-02	9.21991e-02
9.90000e-01	1.08003e-02	9.20434e-02
1.00000e+00	1.11228e-02	9.18863e-02
1.01000e+00	1.14514e-02	9.17279e-02
1.02000e+00	1.17861e-02	9.15681e-02
1.03000e+00	1.21271e-02	9.14069e-02
1.04000e+00	1.24743e-02	9.12444e-02
1.05000e+00	1.28277e-02	9.10805e-02
1.06000e+00	1.31875e-02	9.09153e-02
1.07000e+00	1.35537e-02	9.07488e-02
1.08000e+00	1.39263e-02	9.05809e-02
1.09000e+00	1.43053e-02	9.04118e-02
1.10000e+00	1.46908e-02	9.02413e-02
1.11000e+00	1.50829e-02	9.00695e-02
1.12000e+00	1.54815e-02	8.98964e-02
1.13000e+00	1.58868e-02	8.97220e-02
1.14000e+00	1.62987e-02	8.95464e-02
1.15000e+00	1.67173e-02	8.93694e-02
1.16000e+00	1.71427e-02	8.91912e-02
1.17000e+00	1.75748e-02	8.90118e-02
1.18000e+00	1.80137e-02	8.88310e-02
1.19000e+00	1.84595e-02	8.86491e-02
1.20000e+00	1.89122e-02	8.84659e-02
1.21000e+00	1.93718e-02	8.82814e-02
1.22000e+00	1.98383e-02	8.80958e-02
1.23000e+00	2.03118e-02	8.79089e-02
1.24000e+00	2.07924e-02	8.77208e-02
1.25000e+00	2.12800e-02	8.75315e-02
1.26000e+00	2.17746e-02	8.73410e-02
1.27000e+00	2.22765e-02	8.71493e-02
1.28000e+00	2.27854e-02	8.69565e-02
1.29000e+00	2.33016e-02	8.67625e-02
1.30000e+00	2.38250e-02	8.65673e-02
1.31000e+00	2.43556e-02	8.63709e-02
1.32000e+00	2.48935e-02	8.61734e-02
1.33000e+00	2.54387e-02	8.59748e-02
1.34000e+00	2.59913e-02	8.57750e-02
1.35000e+00	2.65512e-02	8.55742e-02
1.36000e+00	2.71185e-02	8.53722e-02
1.37000e+00	2.76932e-02	8.51691e-02
1.38000e+00	2.82754e-02	8.49649e-02
1.39000e+00	2.88651e-02	8.47596e-02
1.40000e+00	2.94623e-02	8.45532e-02
1.41000e+00	3.00669e-02	8.43457e-02
1.42000e+00	3.06792e-02	8.41372e-02
1.43000e+00	3.12990e-02	8.39276e-02
1.44000e+00	3.19264e-02	8.37170e-02
1.45000e+00	3.25614e-02	8.35054e-02
1.46000e+00	3.32041e-02	8.32927e-02
1.47000e+00	3.38545e-02	8.30789e-02
1.48000e+00	3.45125e-02	8.28642e-02
1.49000e+00	3.51782e-02	8.26485e-02
1.50000e+00	3.58517e-02	8.24318e-02
1.51000e+00	3.65329e-02	8.22140e-02
1.52000e+00	3.72219e-02	8.19953e-02
1.53000e+00	3.79187e-02	8.17757e-02
1.54000e+00	3.86232e-02	8.15550e-02
1.55000e+00	3.93356e-02	8.13335e-02
1.56000e+00	4.00559e-02	8.11109e-02
1.57000e+00	4.07839e-02	8.08875e-02
1.58000e+00	4.15199e-02	8.06631e-02
1.59000e+00	4.22637e-02	8.04378e-02
1.60000e+00	4.30155e-02	8.02116e-02
1.61000e+00	4.37751e-02	7.99845e-02
1.62000e+00	4.45427e-02	7.97565e-02
1.63000e+00	4.53182e-02	7.95276e-02
1.64000e+00	4.61017e-02	7.92979e-02
1.65000e+00	4.68931e-02	7.90673e-02
1.66000e+00	4.76925e-02	7.88358e-02
1.67000e+00	4.84999e-02	7.86036e-02
1.68000e+00	4.93152e-02	7.83704e-02
1.69000e+00	5.01386e-02	7.81365e-02
1.70000e+00	5.09700e-02	7.79017e-02
1.71000e+00	5.18094e-02	7.76662e-02
1.72000e+00	5.26569e-02	7.74298e-02
1.73000e+00	5.35123e-02	7.71926e-02
1.74000e+00	5.43758e-02	7.69547e-02
1.75000e+00	5.52474e-02	7.67160e-02
1.76000e+00	5.61270e-02	7.64766e-02
1.77000e+00	5.70147e-02	7.62364e-02
1.78000e+00	5.79104e-02	7.59955e-02
1.79000e+00	5.88141e-02	7.57538e-02
1.80000e+00	5.97260e-02	7.55114e-02
1.81000e+00	6.06459e-02	7.52684e-02
1.82000e+00	6.15739e-02	7.50246e-02
1.83000e+00	6.25099e-02	7.47801e-02
1.84000e+00	6.34541e-02	7.45350e-02
1.85000e+00	6.44063e-02	7.42892e-02
1.86000e+00	6.53665e-02	7.40427e-02
1.87000e+00	6.63348e-02	7.37956e-02
1.88000e+00	6.73112e-02	7.35478e-02
1.89000e+00	6.82957e-02	7.32994e-02
1.90000e+00	6.92882e-02	7.30504e-02
1.91000e+00	7.02888e-02	7.28008e-02
1.92000e+00	7.12974e-02	7.25506e-02
1.93000e+00	7.23141e-02	7.22998e-02
1.94000e+00	7.33388e-02	7.20484e-02
1.95000e+00	7.43716e-02	7.17965e-02
1.96000e+00	7.54124e-02	7.15440e-02
1.97000e+00	7.64612e-02	7.12909e-02
1.98000e+00	7.75180e-02	7.10373e-02
1.99000e+00	7.85828e-02	7.07832e-02
2.00000e+00	7.96557e-02	7.05286e-02
2.01000e+00	8.07365e-02	7.02734e-02
2.02000e+00	8.18253e-02	7.00178e-02
2.03000e+00	8.29220e-02	6.97616e-02
2.04000e+00	8.40267e-02	6.95050e-02
2.05000e+00	8.51394e-02	6.92480e-02
2.06000e+00	8.62600e-02	6.89904e-02
2.07000e+00	8.73885e-02	6.87324e-02
2.08000e+00	8.85249e-02	6.84740e-02
2.09000e+00	8.96692e-02	6.82152e-02
2.10000e+00	9.08214e-02	6.79559e-02
2.11000e+00	9.19815e-02	6.76963e-02
2.12000e+00	9.31494e-02	6.74362e-02
2.13000e+00	9.43251e-02	6.71758e-02
2.14000e+00	9.55087e-02	6.69149e-02
2.15000e+00	9.67000e-02	6.66537e-02
2.16000e+00	9.78991e-02	6.63922e-02
2.17000e+00	9.91060e-02	6.61303e-02
2.18000e+00	1.00321e-01	6.58681e-02
2.19000e+00	1.01543e-01	6.56056e-02
2.20000e+00	1.02773e-01	6.53427e-02
2.21000e+00	1.04011e-01	6.50796e-02
2.22000e+00	1.05256e-01	6.48161e-02
2.23000e+00	1.06509e-01	6.45524e-02
2.24000e+00	1.07770e-01	6.42884e-02
2.25000e+00	1.09038e-01	6.40241e-02
2.26000e+00	1.10314e-01	6.37596e-02
2.27000e+00	1.11597e-01	6.34948e-02
2.28000e+00	1.12888e-01	6.32299e-02
2.29000e+00	1.14186e-01	6.29646e-02
2.30000e+00	1.15492e-01	6.26992e-02
2.31000e+00	1.16806e-01	6.24336e-02
2.32000e+00	1.18126e-01	6.21678e-02
2.33000e+00	1.19454e-01	6.19018e-02
2.34000e+00	1.20790e-01	6.16356e-02
2.35000e+00	1.22133e-01	6.13693e-02
2.36000e+00	1.23483e-01	6.11029e-02
2.37000e+00	1.24840e-01	6.08363e-02
2.38000e+00	1.26205e-01	6.05695e-02
2.39000e+00	1.27577e-01	6.03027e-02
2.40000e+00	1.28956e-01	6.00357e-02
2.41000e+00	1.30342e-01	5.97687e-02
2.42000e+00	1.31735e-01	5.95015e-02
2.43000e+00	1.33136e-01	5.92343e-02
2.44000e+00	1.34543e-01	5.89670e-02
2.45000e+00	1.35958e-01	5.86996e-02
2.46000e+00	1.37379e-01	5.84322e-02
2.47000e+00	1.38808e-01	5.81648e-02
2.48000e+00	1.40243e-01	5.78973e-02
2.49000e+00	1.41685e-01	5.76299e-02
2.50000e+00	1.43135e-01	5.73624e-02
2.51000e+00	1.44591e-01	5.70949e-02
2.52000e+00	1.46053e-01	5.68274e-02
2.53000e+00	1.47523e-01	5.65600e-02
2.54000e+00	1.48999e-01	5.62925e-02
2.55000e+00	1.50482e-01	5.60252e-02
2.56000e+00	1.51972e-01	5.57578e-02
2.57000e+00	1.53468e-01	5.54906e-02
2.58000e+00	1.54971e-01	5.52234e-02
2.59000e+00	1.56480e-01	5.49563e-02
2.60000e+00	1.57996e-01	5.46893e-02
2.61000e+00	1.59518e-01	5.44223e-02
2.62000e+00	1.61047e-01	5.41555e-02
2.63000e+00	1.62582e-01	5.38889e-02
2.64000e+00	1.64123e-01	5.36223e-02
2.65000e+00	1.65670e-01	5.33559e-02
2.66000e+00	1.67224e-01	5.30896e-02
2.67000e+00	1.68784e-01	5.28235e-02
2.68000e+00	1.70350e-01	5.25576e-02
2.69000e+00	1.71923e-01	5.22918e-02
2.70000e+00	1.73501e-01	5.20262e-02
2.71000e+00	1.75085e-01	5.17609e-02
2.72000e+00	1.76676e-01	5.14957e-02
2.73000e+00	1.78272e-01	5.12307e-02
2.74000e+00	1.79874e-01	5.09660e-02
2.75000e+00	1.81482e-01	5.07015e-02
2.76000e+00	1.83096e-01	5.04372e-02
2.77000e+00	1.84716e-01	5.01732e-02
2.78000e+00	1.86341e-01	4.99095e-02
2.79000e+00	1.87972e-01	4.96460e-02
2.80000e+00	1.89609e-01	4.93828e-02
2.81000e+00	1.91251e-01	4.91199e-02
2.82000e+00	1.92898e-01	4.88573e-02
2.83000e+00	1.94551e-01	4.85950e-02
2.84000e+00	1.96210e-01	4.83330e-02
2.85000e+00	1.97874e-01	4.80714e-02
2.86000e+00	1.99543e-01	4.78101e-02
2.87000e+00	2.01218e-01	4.75491e-02
2.88000e+00	2.02897e-01	4.72884e-02
2.89000e+00	2.04582e-01	4.70282e-02
2.90000e+00	2.06272e-01	4.67683e-02
2.91000e+00	2.07968e-01	4.65087e-02
2.92000e+00	2.09668e-01	4.62496e-02
2.93000e+00	2.11373e-01	4.59909e-02
2.94000e+00	2.13083e-01	4.57325e-02
2.95000e+00	2.14798e-01	4.54746e-02
2.96000e+00	2.16518e-01	4.52171e-02
2.97000e+00	2.18242e-01	4.49600e-02
2.98000e+00	2.19971e-01	4.47033e-02
2.99000e+00	2.21705e-01	4.44471e-02
3.00000e+00	2.23444e-01	4.41913e-02
3.01000e+00	2.25187e-01	4.39360e-02
3.02000e+00	2.26934e-01	4.36812e-02
3.03000e+00	2.28686e-01	4.34268e-02
3.04000e+00	2.30443e-01	4.31730e-02
3.05000e+00	2.32204e-01	4.29196e-02
3.06000e+00	2.33969e-01	4.26667e-02
3.07000e+00	2.35738e-01	4.24143e-02
3.08000e+00	2.37511e-01	4.21625e-02
3.09000e+00	2.39289e-01	4.19111e-02
3.10000e+00	2.41071e-01	4.16603e-02
3.11000e+00	2.42856e-01	4.14100e-02
3.12000e+00	2.44646e-01	4.11603e-02
3.13000e+00	2.46439e-01	4.09111e-02
3.14000e+00	2.48237e-01	4.06625e-02
3.15000e+00	2.50038e-01	4.04145e-02
3.16000e+00	2.51843e-01	4.01670e-02
3.17000e+00	2.53651e-01	3.99201e-02
3.18000e+00	2.55464e-01	3.96738e-02
3.19000e+00	2.57279e-01	3.94281e-02
3.20000e+00	2.59099e-01	3.91830e-02
3.21000e+00	2.60922e-01	3.89385e-02
3.22000e+00	2.62748e-01	3.86946e-02
3.23000e+00	2.64577e-01	3.84513e-02
3.24000e+00	2.66410e-01	3.82087e-02
3.25000e+00	2.68246e-01	3.79667e-02
3.26000e+00	2.70085e-01	3.77253e-02
3.27000e+00	2.71927e-01	3.74846e-02
3.28000e+00	2.73773e-01	3.72446e-02
3.29000e+00	2.75621e-01	3.70052e-02
3.30000e+00	2.77472e-01	3.67665e-02
3.31000e+00	2.79327e-01	3.65284e-02
3.32000e+00	2.81184e-01	3.62911e-02
3.33000e+00	2.83043e-01	3.60544e-02
3.34000e+00	2.84906e-01	3.58184e-02
3.35000e+00	2.86771e-01	3.55831e-02
3.36000e+00	2.88639e-01	3.53485e-02
3.37000e+00	2.90509e-01	3.51146e-02
3.38000e+00	2.92382e-01	3.48815e-02
3.39000e+00	2.94257e-01	3.46490e-02
3.40000e+00	2.96134e-01	3.44173e-02
3.41000e+00	2.98014e-01	3.41863e-02
3.42000e+00	2.99896e-01	3.39561e-02
3.43000e+00	3.01780e-01	3.37266e-02
3.44000e+00	3.03667e-01	3.34978e-02
3.45000e+00	3.05555e-01	3.32698e-02
3.46000e+00	3.07445e-01	3.30426e-02
3.47000e+00	3.09338e-01	3.28161e-02
3.48000e+00	3.11232e-01	3.25904e-02
3.49000e+00	3.13128e-01	3.23655e-02
3.50000e+00	3.15026e-01	3.21413e-02
3.51000e+00	3.16926e-01	3.19179e-02
3.52000e+00	3.18827e-01	3.16954e-02
3.53000e+00	3.20730e-01	3.14736e-02
3.54000e+00	3.22634e-01	3.12526e-02
3.55000e+00	3.24540e-01	3.10324e-02
3.56000e+00	3.26447e-01	3.08130e-02
3.57000e+00	3.28356e-01	3.05944e-02
3.58000e+00	3.30266e-01	3.03767e-02
3.59000e+00	3.32177e-01	3.01597e-02
3.60000e+00	3.34089e-01	2.99436e-02
3.61000e+00	3.36003e-01	2.97283e-02
3.62000e+00	3.37917e-01	2.95139e-02
3.63000e+00	3.39833e-01	2.93002e-02
3.64000e+00	3.41750e-01	2.90875e-02
3.65000e+00	3.43667e-01	2.88755e-02
3.66000e+00	3.45585e-01	2.86644e-02
3.67000e+00	3.47504e-01	2.84542e-02
3.68000e+00	3.49424e-01	2.82448e-02
3.69000e+00	3.51345e-01	2.80362e-02
3.70000e+00	3.53266e-01	2.78286e-02
3.71000e+00	3.55187e-01	2.76218e-02
3.72000e+00	3.57110e-01	2.74158e-02
3.73000e+00	3.59032e-01	2.72107e-02
3.74000e+00	3.60955e-01	2.70065e-02
3.75000e+00	3.62879e-01	2.68032e-02
3.76000e+00	3.64802e-01	2.66007e-02
3.77000e+00	3.66726e-01	2.63992e-02
3.78000e+00	3.68650e-01	2.61985e-02
3.79000e+00	3.70574e-01	2.59987e-02
3.80000e+00	3.72498e-01	2.57998e-02
3.81000e+00	3.74422e-01	2.56018e-02
3.82000e+00	3.76346e-01	2.54047e-02
3.83000e+00	3.78270e-01	2.52084e-02
3.84000e+00	3.80194e-01	2.50131e-02
3.85000e+00	3.82117e-01	2.48187e-02
3.86000e+00	3.84040e-01	2.46252e-02
3.87000e+00	3.85963e-01	2.44326e-02
3.88000e+00	3.87885e-01	2.42409e-02
3.89000e+00	3.89807e-01	2.40501e-02
3.90000e+00	3.91729e-01	2.38602e-02
3.91000e+00	3.93650e-01	2.36712e-02
3.92000e+00	3.95570e-01	2.34832e-02
3.93000e+00	3.97490e-01	2.32960e-02
3.94000e+00	3.99409e-01	2.31098e-02
3.95000e+00	4.01327e-01	2.29245e-02
3.96000e+00	4.03244e-01	2.27401e-02
3.97000e+00	4.05160e-01	2.25567e-02
3.98000e+00	4.07076e-01	2.23741e-02
3.99000e+00	4.08990e-01	2.21925e-02
4.00000e+00	4.10903e-01	2.20119e-02
4.01000e+00	4.12816e-01	2.18321e-02
4.02000e+00	4.14727e-01	2.16533e-02
4.03000e+00	4.16637e-01	2.14754e-02
4.04000e+00	4.18546e-01	2.12984e-02
4.05000e+00	4.20453e-01	2.11224e-02
4.06000e+00	4.22359e-01	2.09473e-02
4.07000e+00	4.24264e-01	2.07731e-02
4.08000e+00	4.26167e-01	2.05999e-02
4.09000e+00	4.28068e-01	2.04276e-02
4.10000e+00	4.29968e-01	2.02562e-02
4.11000e+00	4.31867e-01	2.00858e-02
4.12000e+00	4.33764e-01	1.99163e-02
4.13000e+00	4.35659e-01	1.97477e-02
4.14000e+00	4.37552e-01	1.95801e-02
4.15000e+00	4.39444e-01	1.94134e-02
4.16000e+00	4.41333e-01	1.92477e-02
4.17000e+00	4.43221e-01	1.90828e-02
4.18000e+00	4.45107e-01	1.89190e-02
4.19000e+00	4.46990e-01	1.87560e-02
4.20000e+00	4.48872e-01	1.85940e-02
4.21000e+00	4.50752e-01	1.84329e-02
4.22000e+00	4.52629e-01	1.82728e-02
4.23000e+00	4.54505e-01	1.81135e-02
4.24000e+00	4.56378e-01	1.79553e-02
4.25000e+00	4.58248e-01	1.77979e-02
4.26000e+00	4.60117e-01	1.76415e-02
4.27000e+00	4.61983e-01	1.74860e-02
4.28000e+00	4.63846e-01	1.73315e-02
4.29000e+00	4.65708e-01	1.71779e-02
4.30000e+00	4.67566e-01	1.70252e-02
4.31000e+00	4.69422e-01	1.68734e-02
4.32000e+00	4.71276e-01	1.67226e-02
4.33000e+00	4.73126e-01	1.65727e-02
4.34000e+00	4.74975e-01	1.64237e-02
4.35000e+00	4.76820e-01	1.62756e-02
4.36000e+00	4.78663e-01	1.61285e-02
4.37000e+00	4.80502e-01	1.59823e-02
4.38000e+00	4.82339e-01	1.58370e-02
4.39000e+00	4.84173e-01	1.56926e-02
4.40000e+00	4.86004e-01	1.55492e-02
4.41000e+00	4.87832e-01	1.54067e-02
4.42000e+00	4.89657e-01	1.52650e-02
4.43000e+00	4.91479e-01	1.51243e-02
4.44000e+00	4.93298e-01	1.49846e-02
4.45000e+00	4.95114e-01	1.48457e-02
4.46000e+00	4.96926e-01	1.47077e-02
4.47000e+00	4.98735e-01	1.45707e-02
4.48000e+00	5.00541e-01	1.44345e-02
4.49000e+00	5.02344e-01	1.42992e-02
4.50000e+00	5.04143e-01	1.41649e-02
4.51000e+00	5.05939e-01	1.40314e-02
4.52000e+00	5.07731e-01	1.38989e-02
4.53000e+00	5.09520e-01	1.37672e-02
4.54000e+00	5.11305e-01	1.36365e-02
4.55000e+00	5.13087e-01	1.35066e-02
4.56000e+00	5.14866e-01	1.33776e-02
4.57000e+00	5.16640e-01	1.32495e-02
4.58000e+00	5.18411e-01	1.31223e-02
4.59000e+00	5.20178e-01	1.29960e-02
4.60000e+00	5.21942e-01	1.28706e-02
4.61000e+00	5.23702e-01	1.27460e-02
4.62000e+00	5.25458e-01	1.26223e-02
4.63000e+00	5.27210e-01	1.24995e-02
4.64000e+00	5.28958e-01	1.23776e-02
4.65000e+00	5.30703e-01	1.22565e-02
4.66000e+00	5.32443e-01	1.21363e-02
4.67000e+00	5.34179e-01	1.20170e-02
4.68000e+00	5.35912e-01	1.18985e-02
4.69000e+00	5.37640e-01	1.17809e-02
4.70000e+00	5.39365e-01	1.16641e-02
4.71000e+00	5.41085e-01	1.15482e-02
4.72000e+00	5.42801e-01	1.14331e-02
4.73000e+00	5.44513e-01	1.13189e-02
4.74000e+00	5.46220e-01	1.12055e-02
4.75000e+00	5.47924e-01	1.10930e-02
4.76000e+00	5.49623e-01	1.09813e-02
4.77000e+00	5.51318e-01	1.08705e-02
4.78000e+00	5.53009e-01	1.07604e-02
4.79000e+00	5.54695e-01	1.06513e-02
4.80000e+00	5.56377e-01	1.05429e-02
4.81000e+00	5.58054e-01	1.04353e-02
4.82000e+00	5.59727e-01	1.03286e-02
4.83000e+00	5.61395e-01	1.02227e-02
4.84000e+00	5.63059e-01	1.01176e-02
4.85000e+00	5.64719e-01	1.00134e-02
4.86000e+00	5.66374e-01	9.90989e-03
4.87000e+00	5.68024e-01	9.80723e-03
4.88000e+00	5.69670e-01	9.70536e-03
4.89000e+00	5.71311e-01	9.60430e-03
4.90000e+00	5.72948e-01	9.50403e-03
4.91000e+00	5.74579e-01	9.40455e-03
4.92000e+00	5.76206e-01	9.30586e-03
4.93000e+00	5.77829e-01	9.20796e-03
4.94000e+00	5.79446e-01	9.11084e-03
4.95000e+00	5.81059e-01	9.01449e-03
4.96000e+00	5.82667e-01	8.91893e-03
4.97000e+00	5.84270e-01	8.82413e-03
4.98000e+00	5.85868e-01	8.73010e-03
4.99000e+00	5.87462e-01	8.63683e-03
5.00000e+00	5.89050e-01	8.54433e-03
5.01000e+00	5.90634e-01	8.45258e-03
5.02000e+00	5.92212e-01	8.36159e-03
5.03000e+00	5.93786e-01	8.27134e-03
5.04000e+00	5.95354e-01	8.18185e-03
5.05000e+00	5.96918e-01	8.09309e-03
5.06000e+00	5.98477e-01	8.00508e-03
5.07000e+00	6.00030e-01	7.91780e-03
5.08000e+00	6.01578e-01	7.83125e-03
5.09000e+00	6.03122e-01	7.74544e-03
5.10000e+00	6.04660e-01	7.66034e-03
5.11000e+00	6.06193e-01	7.57597e-03
5.12000e+00	6.07721e-01	7.49232e-03
5.13000e+00	6.09244e-01	7.40938e-03
5.14000e+00	6.10761e-01	7.32715e-03
5.15000e+00	6.12274e-01	7.24563e-03
5.16000e+00	6.13781e-01	7.16481e-03
5.17000e+00	6.15283e-01	7.08468e-03
5.18000e+00	6.16779e-01	7.00526e-03
5.19000e+00	6.18270e-01	6.92652e-03
5.20000e+00	6.19756e-01	6.84848e-03
5.21000e+00	6.21237e-01	6.77111e-03
5.22000e+00	6.22712e-01	6.69443e-03
5.23000e+00	6.24183e-01	6.61842e-03
5.24000e+00	6.25647e-01	6.54309e-03
5.25000e+00	6.27106e-01	6.46842e-03
5.26000e+00	6.28560e-01	6.39442e-03
5.27000e+00	6.30009e-01	6.32108e-03
5.28000e+00	6.31452e-01	6.24840e-03
5.29000e+00	6.32889e-01	6.17637e-03
5.30000e+00	6.34322e-01	6.10499e-03
5.31000e+00	6.35748e-01	6.03426e-03
5.32000e+00	6.37170e-01	5.96417e-03
5.33000e+00	6.38585e-01	5.89472e-03
5.34000e+00	6.39995e-01	5.82590e-03
5.35000e+00	6.41400e-01	5.75771e-03
5.36000e+00	6.42799e-01	5.69015e-03
5.37000e+00	6.44193e-01	5.62321e-03
5.38000e+00	6.45581e-01	5.55689e-03
5.39000e+00	6.46964e-01	5.49119e-03
5.40000e+00	6.48341e-01	5.42609e-03
5.41000e+00	6.49712e-01	5.36161e-03
5.42000e+00	6.51078e-01	5.29773e-03
5.43000e+00	6.52438e-01	5.23444e-03
5.44000e+00	6.53792e-01	5.17176e-03
5.45000e+00	6.55141e-01	5.10966e-03
5.46000e+00	6.56485e-01	5.04816e-03
5.47000e+00	6.57822e-01	4.98724e-03
5.48000e+00	6.59154e-01	4.92690e-03
5.49000e+00	6.60481e-01	4.86714e-03
5.50000e+00	6.61801e-01	4.80795e-03
5.51000e+00	6.63116e-01	4.74932e-03
5.52000e+00	6.64426e-01	4.69127e-03
5.53000e+00	6.65729e-01	4.63378e-03
5.54000e+00	6.67027e-01	4.57684e-03
5.55000e+00	6.68320e-01	4.52046e-03
5.56000e+00	6.69606e-01	4.46463e-03
5.57000e+00	6.70887e-01	4.40934e-03
5.58000e+00	6.72162e-01	4.35460e-03
5.59000e+00	6.73431e-01	4.30040e-03
5.60000e+00	6.74695e-01	4.24673e-03
5.61000e+00	6.75953e-01	4.19359e-03
5.62000e+00	6.77205e-01	4.14099e-03
5.63000e+00	6.78451e-01	4.08890e-03
5.64000e+00	6.79692e-01	4.03734e-03
5.65000e+00	6.80927e-01	3.98629e-03
5.66000e+00	6.82156e-01	3.93576e-03
5.67000e+00	6.83379e-01	3.88573e-03
5.68000e+00	6.84596e-01	3.83621e-03
5.69000e+00	6.85808e-01	3.78719e-03
5.70000e+00	6.87014e-01	3.73867e-03
5.71000e+00	6.88214e-01	3.69065e-03
5.72000e+00	6.89409e-01	3.64311e-03
5.73000e+00	6.90597e-01	3.59607e-03
5.74000e+00	6.91780e-01	3.54950e-03
5.75000e+00	6.92957e-01	3.50342e-03
5.76000e+00	6.94128e-01	3.45781e-03
5.77000e+00	6.95294e-01	3.41268e-03
5.78000e+00	6.96453e-01	3.36802e-03
5.79000e+00	6.97607e-01	3.32382e-03
5.80000e+00	6.98755e-01	3.28008e-03
5.81000e+00	6.99897e-01	3.23680e-03
5.82000e+00	7.01034e-01	3.19398e-03
5.83000e+00	7.02164e-01	3.15161e-03
5.84000e+00	7.03289e-01	3.10968e-03
5.85000e+00	7.04408e-01	3.06820e-03
5.86000e+00	7.05521e-01	3.02716e-03
5.87000e+00	7.06629e-01	2.98656e-03
5.88000e+00	7.07730e-01	2.94640e-03
5.89000e+00	7.08826e-01	2.90666e-03
5.90000e+00	7.09916e-01	2.86735e-03
5.91000e+00	7.11000e-01	2.82847e-03
5.92000e+00	7.12078e-01	2.79000e-03
5.93000e+00	7.13151e-01	2.75195e-03
5.94000e+00	7.14218e-01	2.71432e-03
5.95000e+00	7.15279e-01	2.67710e-03
5.96000e+00	7.16334e-01	2.64028e-03
5.97000e+00	7.17383e-01	2.60387e-03
5.98000e+00	7.18427e-01	2.56785e-03
5.99000e+00	7.19465e-01	2.53224e-03
6.00000e+00	7.20497e-01	2.49702e-03
6.01000e+00	7.21523e-01	2.46219e-03
6.02000e+00	7.22543e-01	2.42774e-03
6.03000e+00	7.23558e-01	2.39368e-03
6.04000e+00	7.24567e-01	2.36000e-03
6.05000e+00	7.25570e-01	2.32670e-03
6.06000e+00	7.26567e-01	2.29377e-03
6.07000e+00	7.27559e-01	2.26122e-03
6.08000e+00	7.28545e-01	2.22903e-03
6.09000e+00	7.29525e-01	2.19721e-03
6.10000e+00	7.30499e-01	2.16574e-03
6.11000e+00	7.31468e-01	2.13464e-03
6.12000e+00	7.32431e-01	2.10389e-03
6.13000e+00	7.33388e-01	2.07350e-03
6.14000e+00	7.34340e-01	2.04345e-03
6.15000e+00	7.35285e-01	2.01375e-03
6.16000e+00	7.36225e-01	1.98440e-03
6.17000e+00	7.37160e-01	1.95538e-03
6.18000e+00	7.38088e-01	1.92671e-03
6.19000e+00	7.39011e-01	1.89836e-03
6.20000e+00	7.39928e-01	1.87035e-03
6.21000e+00	7.40840e-01	1.84267e-03
6.22000e+00	7.41746e-01	1.81531e-03
6.23000e+00	7.42646e-01	1.78827e-03
6.24000e+00	7.43540e-01	1.76156e-03
6.25000e+00	7.44429e-01	1.73516e-03
6.26000e+00	7.45312e-01	1.70907e-03
6.27000e+00	7.46190e-01	1.68330e-03
6.28000e+00	7.47062e-01	1.65783e-03
6.29000e+00	7.47928e-01	1.63267e-03
6.30000e+00	7.48789e-01	1.60781e-03
6.31000e+00	7.49644e-01	1.58325e-03
6.32000e+00	7.50494e-01	1.55899e-03
6.33000e+00	7.51337e-01	1.53503e-03
6.34000e+00	7.52176e-01	1.51135e-03
6.35000e+00	7.53008e-01	1.48797e-03
6.36000e+00	7.53836e-01	1.46487e-03
6.37000e+00	7.54657e-01	1.44205e-03
6.38000e+00	7.55473e-01	1.41952e-03
6.39000e+00	7.56284e-01	1.39726e-03
6.40000e+00	7.57089e-01	1.37528e-03
6.41000e+00	7.57888e-01	1.35357e-03
6.42000e+00	7.58682e-01	1.33213e-03
6.43000e+00	7.59470e-01	1.31096e-03
6.44000e+00	7.60253e-01	1.29006e-03
6.45000e+00	7.61031e-01	1.26942e-03
6.46000e+00	7.61803e-01	1.24904e-03
6.47000e+00	7.62569e-01	1.22891e-03
6.48000e+00	7.63330e-01	1.20904e-03
6.49000e+00	7.64086e-01	1.18943e-03
6.50000e+00	7.64836e-01	1.17006e-03
6.51000e+00	7.65581e-01	1.15095e-03
6.52000e+00	7.66320e-01	1.13207e-03
6.53000e+00	7.67054e-01	1.11344e-03
6.54000e+00	7.67783e-01	1.09506e-03
6.55000e+00	7.68506e-01	1.07691e-03
6.56000e+00	7.69223e-01	1.05899e-03
6.57000e+00	7.69936e-01	1.04131e-03
6.58000e+00	7.70643e-01	1.02386e-03
6.59000e+00	7.71345e-01	1.00664e-03
6.60000e+00	7.72041e-01	9.89648e-04
6.61000e+00	7.72732e-01	9.72878e-04
6.62000e+00	7.73418e-01	9.56331e-04
6.63000e+00	7.74098e-01	9.40004e-04
6.64000e+00	7.74774e-01	9.23894e-04
6.65000e+00	7.75444e-01	9.08000e-04
6.66000e+00	7.76108e-01	8.92319e-04
6.67000e+00	7.76768e-01	8.76850e-04
6.68000e+00	7.77422e-01	8.61589e-04
6.69000e+00	7.78071e-01	8.46535e-04
6.70000e+00	7.78715e-01	8.31685e-04
6.71000e+00	7.79354e-01	8.17038e-04
6.72000e+00	7.79987e-01	8.02592e-04
6.73000e+00	7.80615e-01	7.88344e-04
6.74000e+00	7.81238e-01	7.74292e-04
6.75000e+00	7.81856e-01	7.60435e-04
6.76000e+00	7.82469e-01	7.46770e-04
6.77000e+00	7.83077e-01	7.33295e-04
6.78000e+00	7.83680e-01	7.20008e-04
6.79000e+00	7.84277e-01	7.06908e-04
6.80000e+00	7.84870e-01	6.93992e-04
6.81000e+00	7.85457e-01	6.81258e-04
6.82000e+00	7.86040e-01	6.68704e-04
6.83000e+00	7.86617e-01	6.56329e-04
6.84000e+00	7.87189e-01	6.44130e-04
6.85000e+00	7.87757e-01	6.32107e-04
6.86000e+00	7.88319e-01	6.20255e-04
6.87000e+00	7.88877e-01	6.08575e-04
6.88000e+00	7.89429e-01	5.97064e-04
6.89000e+00	7.89976e-01	5.85720e-04
6.90000e+00	7.90519e-01	5.74542e-04
6.91000e+00	7.91057e-01	5.63527e-04
6.92000e+00	7.91589e-01	5.52674e-04
6.93000e+00	7.92117e-01	5.41981e-04
6.94000e+00	7.92640e-01	5.31446e-04
6.95000e+00	7.93159e-01	5.21068e-04
6.96000e+00	7.93672e-01	5.10844e-04
6.97000e+00	7.94180e-01	5.00774e-04
6.98000e+00	7.94684e-01	4.90855e-04
6.99000e+00	7.95183e-01	4.81086e-04
7.00000e+00	7.95677e-01	4.71465e-04
7.01000e+00	7.96166e-01	4.61990e-04
7.02000e+00	7.96651e-01	4.52660e-04
7.03000e+00	7.97131e-01	4.43473e-04
7.04000e+00	7.97606e-01	4.34427e-04
7.05000e+00	7.98076e-01	4.25521e-04
7.06000e+00	7.98542e-01	4.16754e-04
7.07000e+00	7.99003e-01	4.08123e-04
7.08000e+00	7.99459e-01	3.99628e-04
7.09000e+00	7.99911e-01	3.91266e-04
7.10000e+00	8.00358e-01	3.83036e-04
7.11000e+00	8.00801e-01	3.74937e-04
7.12000e+00	8.01239e-01	3.66966e-04
7.13000e+00	8.01672e-01	3.59124e-04
7.14000e+00	8.02101e-01	3.51407e-04
7.15000e+00	8.02526e-01	3.43815e-04
7.16000e+00	8.02945e-01	3.36346e-04
7.17000e+00	8.03361e-01	3.28998e-04
7.18000e+00	8.03771e-01	3.21771e-04
7.19000e+00	8.04178e-01	3.14663e-04
7.20000e+00	8.04580e-01	3.07672e-04
7.21000e+00	8.04977e-01	3.00797e-04
7.22000e+00	8.05370e-01	2.94036e-04
7.23000e+00	8.05759e-01	2.87389e-04
7.24000e+00	8.06143e-01	2.80854e-04
7.25000e+00	8.06523e-01	2.74429e-04
7.26000e+00	8.06898e-01	2.68114e-04
7.27000e+00	8.07269e-01	2.61907e-04
7.28000e+00	8.07636e-01	2.55806e-04
7.29000e+00	8.07999e-01	2.49810e-04
7.30000e+00	8.08357e-01	2.43918e-04
7.31000e+00	8.08711e-01	2.38129e-04
7.32000e+00	8.09061e-01	2.32442e-04
7.33000e+00	8.09406e-01	2.26855e-04
7.34000e+00	8.09747e-01	2.21366e-04
7.35000e+00	8.10085e-01	2.15976e-04
7.36000e+00	8.10418e-01	2.10682e-04
7.37000e+00	8.10746e-01	2.05483e-04
7.38000e+00	8.11071e-01	2.00378e-04
7.39000e+00	8.11392e-01	1.95367e-04
7.40000e+00	8.11708e-01	1.90447e-04
7.41000e+00	8.12020e-01	1.85617e-04
7.42000e+00	8.12329e-01	1.80877e-04
7.43000e+00	8.12633e-01	1.76226e-04
7.44000e+00	8.12933e-01	1.71661e-04
7.45000e+00	8.13229e-01	1.67183e-04
7.46000e+00	8.13522e-01	1.62789e-04
7.47000e+00	8.13810e-01	1.58480e-04
7.48000e+00	8.14094e-01	1.54253e-04
7.49000e+00	8.14375e-01	1.50108e-04
7.50000e+00	8.14651e-01	1.46043e-04
7.51000e+00	8.14924e-01	1.42058e-04
7.52000e+00	8.15192e-01	1.38151e-04
7.53000e+00	8.15457e-01	1.34322e-04
7.54000e+00	8.15718e-01	1.30569e-04
7.55000e+00	8.15975e-01	1.26892e-04
7.56000e+00	8.16229e-01	1.23289e-04
7.57000e+00	8.16479e-01	1.19760e-04
7.58000e+00	8.16724e-01	1.16302e-04
7.59000e+00	8.16967e-01	1.12917e-04
7.60000e+00	8.17205e-01	1.09601e-04
7.61000e+00	8.17440e-01	1.06355e-04
7.62000e+00	8.17671e-01	1.03178e-04
7.63000e+00	8.17898e-01	1.00068e-04
7.64000e+00	8.18122e-01	9.70252e-05
7.65000e+00	8.18342e-01	9.40477e-05
7.66000e+00	8.18559e-01	9.11351e-05
7.67000e+00	8.18772e-01	8.82863e-05
7.68000e+00	8.18981e-01	8.55005e-05
7.69000e+00	8.19187e-01	8.27768e-05
7.70000e+00	8.19390e-01	8.01143e-05
7.71000e+00	8.19589e-01	7.75121e-05
7.72000e+00	8.19784e-01	7.49694e-05
7.73000e+00	8.19976e-01	7.24852e-05
7.74000e+00	8.20165e-01	7.00588e-05
7.75000e+00	8.20350e-01	6.76893e-05
7.76000e+00	8.20532e-01	6.53759e-05
7.77000e+00	8.20711e-01	6.31177e-05
7.78000e+00	8.20886e-01	6.09139e-05
7.79000e+00	8.21058e-01	5.87637e-05
7.80000e+00	8.21226e-01	5.66663e-05
7.81000e+00	8.21392e-01	5.46210e-05
7.82000e+00	8.21554e-01	5.26268e-05
7.83000e+00	8.21712e-01	5.06831e-05
7.84000e+00	8.21868e-01	4.87890e-05
7.85000e+00	8.22020e-01	4.69438e-05
7.86000e+00	8.22170e-01	4.51467e-05
7.87000e+00	8.22316e-01	4.33971e-05
7.88000e+00	8.22459e-01	4.16940e-05
7.89000e+00	8.22599e-01	4.00369e-05
7.90000e+00	8.22736e-01	3.84249e-05
7.91000e+00	8.22870e-01	3.68573e-05
7.92000e+00	8.23001e-01	3.53335e-05
7.93000e+00	8.23128e-01	3.38527e-05
7.94000e+00	8.23253e-01	3.24142e-05
7.95000e+00	8.23375e-01	3.10173e-05
7.96000e+00	8.23494e-01	2.96613e-05
7.97000e+00	8.23610e-01	2.83455e-05
7.98000e+00	8.23724e-01	2.70693e-05
7.99000e+00	8.23834e-01	2.58319e-05
8.00000e+00	8.23942e-01	2.46328e-05
8.01000e+00	8.24046e-01	2.34712e-05
8.02000e+00	8.24148e-01	2.23464e-05
8.03000e+00	8.24248e-01	2.12580e-05
8.04000e+00	8.24344e-01	2.02051e-05
8.05000e+00	8.24438e-01	1.91872e-05
8.06000e+00	8.24529e-01	1.82036e-05
8.07000e+00	8.24618e-01	1.72537e-05
8.08000e+00	8.24704e-01	1.63368e-05
8.09000e+00	8.24787e-01	1.54525e-05
8.10000e+00	8.24868e-01	1.46000e-05
8.11000e+00	8.24946e-01	1.37787e-05
8.12000e+00	8.25022e-01	1.29880e-05
8.13000e+00	8.25095e-01	1.22274e-05
8.14000e+00	8.25166e-01	1.14963e-05
8.15000e+00	8.25234e-01	1.07940e-05
8.16000e+00	8.25300e-01	1.01199e-05
8.17000e+00	8.25364e-01	9.47362e-06
8.18000e+00	8.25425e-01	8.85441e-06
8.19000e+00	8.25484e-01	8.26176e-06
8.20000e+00	8.25541e-01	7.69510e-06
8.21000e+00	8.25595e-01	7.15385e-06
8.22000e+00	8.25647e-01	6.63747e-06
8.23000e+00	8.25697e-01	6.14540e-06
8.24000e+00	8.25745e-01	5.67708e-06
8.25000e+00	8.25791e-01	5.23197e-06
8.26000e+00	8.25834e-01	4.80952e-06
8.27000e+00	8.25876e-01	4.40919e-06
8.28000e+00	8.25916e-01	4.03043e-06
8.29000e+00	8.25953e-01	3.67270e-06
8.30000e+00	8.25989e-01	3.33548e-06
8.31000e+00	8.26022e-01	3.01823e-06
8.32000e+00	8.26054e-01	2.72042e-06
8.33000e+00	8.26084e-01	2.44150e-06
8.34000e+00	8.26112e-01	2.18097e-06
8.35000e+00	8.26139e-01	1.93827e-06
8.36000e+00	8.26163e-01	1.71290e-06
8.37000e+00	8.26186e-01	1.50431e-06
8.38000e+00	8.26207e-01	1.31198e-06
8.39000e+00	8.26227e-01	1.13538e-06
8.40000e+00	8.26245e-01	9.73973e-07
8.41000e+00	8.26261e-01	8.27230e-07
8.42000e+00	8.26276e-01	6.94613e-07
8.43000e+00	8.26290e-01	5.75581e-07
8.44000e+00	8.26302e-01	4.69587e-07
8.45000e+00	8.26312e-01	3.76080e-07
8.46000e+00	8.26322e-01	2.94501e-07
8.47000e+00	8.26330e-01	2.24281e-07
8.48000e+00	8.26337e-01	1.64840e-07
8.49000e+00	8.26342e-01	1.15586e-07
8.50000e+00	8.26347e-01	7.59081e-08
8.51000e+00	8.26351e-01	4.51775e-08
8.52000e+00	8.26353e-01	2.27416e-08
8.53000e+00	8.26355e-01	7.92776e-09
8.54000e+00	8.26356e-01	8.19962e-11
