1.00000e-02	6.81407e-23	1.00000e+00
2.00000e-02	4.76985e-07	1.00000e+00
3.00000e-02	1.77166e-06	9.99889e-01
4.00000e-02	4.29264e-06	9.99707e-01
5.00000e-02	8.44823e-06	9.99458e-01
6.00000e-02	1.46463e-05	9.99144e-01
7.00000e-02	2.32941e-05	9.98766e-01
8.00000e-02	3.47983e-05	9.98325e-01
9.00000e-02	4.95646e-05	9.97821e-01
1.00000e-01	6.79979e-05	9.97253e-01
1.10000e-01	9.05018e-05	9.96622e-01
1.20000e-01	1.17479e-04	9.95928e-01
1.30000e-01	1.49331e-04	9.95171e-01
1.40000e-01	1.86457e-04	9.94352e-01
1.50000e-01	2.29255e-04	9.93470e-01
1.60000e-01	2.78122e-04	9.92525e-01
1.70000e-01	3.33453e-04	9.91518e-01
1.80000e-01	3.95640e-04	9.90449e-01
1.90000e-01	4.65075e-04	9.89317e-01
2.00000e-01	5.42144e-04	9.88124e-01
2.10000e-01	6.27236e-04	9.86868e-01
2.20000e-01	7.20732e-04	9.85551e-01
2.30000e-01	8.23015e-04	9.84173e-01
2.40000e-01	9.34463e-04	9.82733e-01
2.50000e-01	1.05545e-03	9.81232e-01
2.60000e-01	1.18635e-03	9.79670e-01
2.70000e-01	1.32754e-03	9.78048e-01
2.80000e-01	1.47937e-03	9.76365e-01
2.90000e-01	1.64222e-03	9.74621e-01
3.00000e-01	1.81644e-03	9.72818e-01
3.10000e-01	2.00239e-03	9.70954e-01
3.20000e-01	2.20043e-03	9.69032e-01
3.30000e-01	2.41089e-03	9.67049e-01
3.40000e-01	2.63413e-03	9.65008e-01
3.50000e-01	2.87049e-03	9.62908e-01
3.60000e-01	3.12030e-03	9.60749e-01
3.70000e-01	3.38391e-03	9.58532e-01
3.80000e-01	3.66163e-03	9.56258e-01
3.90000e-01	3.95379e-03	9.53925e-01
4.00000e-01	4.26072e-03	9.51535e-01
4.10000e-01	4.58272e-03	9.49088e-01
4.20000e-01	4.92011e-03	9.46585e-01
4.30000e-01	5.27319e-03	9.44025e-01
4.40000e-01	5.64227e-03	9.41409e-01
4.50000e-01	6.02764e-03	9.38738e-01
4.60000e-01	6.42960e-03	9.36011e-01
4.70000e-01	6.84842e-03	9.33230e-01
4.80000e-01	7.28439e-03	9.30393e-01
4.90000e-01	7.73779e-03	9.27503e-01
5.00000e-01	8.20888e-03	9.24559e-01
5.10000e-01	8.69793e-03	9.21562e-01
5.20000e-01	9.20520e-03	9.18511e-01
5.30000e-01	9.73093e-03	9.15408e-01
5.40000e-01	1.02754e-02	9.12254e-01
5.50000e-01	1.08388e-02	9.09047e-01
5.60000e-01	1.14214e-02	9.05789e-01
5.70000e-01	1.20234e-02	9.02481e-01
5.80000e-01	1.26451e-02	8.99122e-01
5.90000e-01	1.32867e-02	8.95713e-01
6.00000e-01	1.39483e-02	8.92255e-01
6.10000e-01	1.46302e-02	8.88749e-01
6.20000e-01	1.53326e-02	8.85193e-01
6.30000e-01	1.60556e-02	8.81590e-01
6.40000e-01	1.67995e-02	8.77940e-01
6.50000e-01	1.75644e-02	8.74243e-01
6.60000e-01	1.83506e-02	8.70499e-01
6.70000e-01	1.91581e-02	8.66710e-01
6.80000e-01	1.99871e-02	8.62876e-01
6.90000e-01	2.08378e-02	8.58997e-01
7.00000e-01	2.17104e-02	8.55073e-01
7.10000e-01	2.26049e-02	8.51106e-01
7.20000e-01	2.35215e-02	8.47097e-01
7.30000e-01	2.44603e-02	8.43044e-01
7.40000e-01	2.54215e-02	8.38950e-01
7.50000e-01	2.64051e-02	8.34815e-01
7.60000e-01	2.74112e-02	8.30639e-01
7.70000e-01	2.84400e-02	8.26423e-01
7.80000e-01	2.94916e-02	8.22168e-01
7.90000e-01	3.05659e-02	8.17874e-01
8.00000e-01	3.16631e-02	8.13541e-01
8.10000e-01	3.27833e-02	8.09171e-01
8.20000e-01	3.39265e-02	8.04765e-01
8.30000e-01	3.50928e-02	8.00322e-01
8.40000e-01	3.62822e-02	7.95843e-01
8.50000e-01	3.74947e-02	7.91330e-01
8.60000e-01	3.87304e-02	7.86782e-01
8.70000e-01	3.99893e-02	7.82201e-01
8.80000e-01	4.12714e-02	7.77587e-01
8.90000e-01	4.25768e-02	7.72941e-01
9.00000e-01	4.39054e-02	7.68263e-01
9.10000e-01	4.52572e-02	7.63555e-01
9.20000e-01	4.66322e-02	7.58816e-01
9.30000e-01	4.80304e-02	7.54048e-01
9.40000e-01	4.94517e-02	7.49252e-01
9.50000e-01	5.08962e-02	7.44427e-01
9.60000e-01	5.23638e-02	7.39576e-01
9.70000e-01	5.38543e-02	7.34698e-01
9.80000e-01	5.53679e-02	7.29794e-01
9.90000e-01	5.69044e-02	7.24865e-01
1.00000e+00	5.84636e-02	7.19912e-01
1.01000e+00	6.00457e-02	7.14936e-01
1.02000e+00	6.16504e-02	7.09937e-01
1.03000e+00	6.32777e-02	7.04916e-01
1.04000e+00	6.49275e-02	6.99873e-01
1.05000e+00	6.65997e-02	6.94811e-01
1.06000e+00	6.82941e-02	6.89729e-01
1.07000e+00	7.00106e-02	6.84628e-01
1.08000e+00	7.17491e-02	6.79509e-01
1.09000e+00	7.35096e-02	6.74372e-01
1.10000e+00	7.52917e-02	6.69219e-01
1.11000e+00	7.70954e-02	6.64051e-01
1.12000e+00	7.89206e-02	6.58868e-01
1.13000e+00	8.07670e-02	6.53670e-01
1.14000e+00	8.26346e-02	6.48459e-01
1.15000e+00	8.45230e-02	6.43236e-01
1.16000e+00	8.64322e-02	6.38001e-01
1.17000e+00	8.83620e-02	6.32756e-01
1.18000e+00	9.03122e-02	6.27500e-01
1.19000e+00	9.22825e-02	6.22235e-01
1.20000e+00	9.42727e-02	6.16962e-01
1.21000e+00	9.62828e-02	6.11681e-01
1.22000e+00	9.83123e-02	6.06393e-01
1.23000e+00	1.00361e-01	6.01099e-01
1.24000e+00	1.02429e-01	5.95800e-01
1.25000e+00	1.04516e-01	5.90497e-01
1.26000e+00	1.06622e-01	5.85190e-01
1.27000e+00	1.08745e-01	5.79880e-01
1.28000e+00	1.10887e-01	5.74569e-01
1.29000e+00	1.13047e-01	5.69256e-01
1.30000e+00	1.15225e-01	5.63943e-01
1.31000e+00	1.17419e-01	5.58631e-01
1.32000e+00	1.19631e-01	5.53320e-01
1.33000e+00	1.21860e-01	5.48011e-01
1.34000e+00	1.24105e-01	5.42705e-01
1.35000e+00	1.26367e-01	5.37403e-01
1.36000e+00	1.28644e-01	5.32105e-01
1.37000e+00	1.30937e-01	5.26813e-01
1.38000e+00	1.33246e-01	5.21527e-01
1.39000e+00	1.35570e-01	5.16247e-01
1.40000e+00	1.37908e-01	5.10976e-01
1.41000e+00	1.40261e-01	5.05713e-01
1.42000e+00	1.42628e-01	5.00459e-01
1.43000e+00	1.45009e-01	4.95215e-01
1.44000e+00	1.47403e-01	4.89982e-01
1.45000e+00	1.49811e-01	4.84760e-01
1.46000e+00	1.52232e-01	4.79551e-01
1.47000e+00	1.54665e-01	4.74355e-01
1.48000e+00	1.57111e-01	4.69172e-01
1.49000e+00	1.59568e-01	4.64004e-01
1.50000e+00	1.62037e-01	4.58851e-01
1.51000e+00	1.64517e-01	4.53715e-01
1.52000e+00	1.67009e-01	4.48594e-01
1.53000e+00	1.69511e-01	4.43492e-01
1.54000e+00	1.72023e-01	4.38407e-01
1.55000e+00	1.74545e-01	4.33341e-01
1.56000e+00	1.77076e-01	4.28295e-01
1.57000e+00	1.79617e-01	4.23268e-01
1.58000e+00	1.82167e-01	4.18263e-01
1.59000e+00	1.84725e-01	4.13279e-01
1.60000e+00	1.87292e-01	4.08317e-01
1.61000e+00	1.89867e-01	4.03377e-01
1.62000e+00	1.92449e-01	3.98461e-01
1.63000e+00	1.95038e-01	3.93569e-01
1.64000e+00	1.97634e-01	3.88702e-01
1.65000e+00	2.00236e-01	3.83859e-01
1.66000e+00	2.02845e-01	3.79043e-01
1.67000e+00	2.05459e-01	3.74252e-01
1.68000e+00	2.08079e-01	3.69489e-01
1.69000e+00	2.10704e-01	3.64753e-01
1.70000e+00	2.13334e-01	3.60044e-01
1.71000e+00	2.15968e-01	3.55365e-01
1.72000e+00	2.18606e-01	3.50714e-01
1.73000e+00	2.21248e-01	3.46093e-01
1.74000e+00	2.23894e-01	3.41501e-01
1.75000e+00	2.26542e-01	3.36940e-01
1.76000e+00	2.29193e-01	3.32410e-01
1.77000e+00	2.31847e-01	3.27912e-01
1.78000e+00	2.34502e-01	3.23445e-01
1.79000e+00	2.37159e-01	3.19010e-01
1.80000e+00	2.39818e-01	3.14608e-01
1.81000e+00	2.42478e-01	3.10239e-01
1.82000e+00	2.45138e-01	3.05903e-01
1.83000e+00	2.47799e-01	3.01601e-01
1.84000e+00	2.50460e-01	2.97333e-01
1.85000e+00	2.53121e-01	2.93099e-01
1.86000e+00	2.55781e-01	2.88901e-01
1.87000e+00	2.58440e-01	2.84737e-01
1.88000e+00	2.61098e-01	2.80609e-01
1.89000e+00	2.63755e-01	2.76516e-01
1.90000e+00	2.66410e-01	2.72459e-01
1.91000e+00	2.69062e-01	2.68439e-01
1.92000e+00	2.71713e-01	2.64455e-01
1.93000e+00	2.74360e-01	2.60507e-01
1.94000e+00	2.77005e-01	2.56596e-01
1.95000e+00	2.79646e-01	2.52723e-01
1.96000e+00	2.82284e-01	2.48886e-01
1.97000e+00	2.84918e-01	2.45087e-01
1.98000e+00	2.87548e-01	2.41326e-01
1.99000e+00	2.90174e-01	2.37602e-01
2.00000e+00	2.92795e-01	2.33917e-01
2.01000e+00	2.95411e-01	2.30269e-01
2.02000e+00	2.98022e-01	2.26659e-01
2.03000e+00	3.00627e-01	2.23087e-01
2.04000e+00	3.03227e-01	2.19554e-01
2.05000e+00	3.05820e-01	2.16059e-01
2.06000e+00	3.08408e-01	2.12602e-01
2.07000e+00	3.10989e-01	2.09183e-01
2.08000e+00	3.13564e-01	2.05803e-01
2.09000e+00	3.16131e-01	2.02461e-01
2.10000e+00	3.18692e-01	1.99158e-01
2.11000e+00	3.21245e-01	1.95893e-01
2.12000e+00	3.23791e-01	1.92667e-01
2.13000e+00	3.26329e-01	1.89479e-01
2.14000e+00	3.28858e-01	1.86329e-01
2.15000e+00	3.31380e-01	1.83217e-01
2.16000e+00	3.33893e-01	1.80143e-01
2.17000e+00	3.36398e-01	1.77108e-01
2.18000e+00	3.38894e-01	1.74110e-01
2.19000e+00	3.41381e-01	1.71150e-01
2.20000e+00	3.43858e-01	1.68228e-01
2.21000e+00	3.46327e-01	1.65344e-01
2.22000e+00	3.48786e-01	1.62497e-01
2.23000e+00	3.51235e-01	1.59688e-01
2.24000e+00	3.53674e-01	1.56915e-01
2.25000e+00	3.56104e-01	1.54180e-01
2.26000e+00	3.58523e-01	1.51481e-01
2.27000e+00	3.60932e-01	1.48819e-01
2.28000e+00	3.63330e-01	1.46194e-01
2.29000e+00	3.65718e-01	1.43605e-01
2.30000e+00	3.68095e-01	1.41052e-01
2.31000e+00	3.70461e-01	1.38534e-01
2.32000e+00	3.72816e-01	1.36053e-01
2.33000e+00	3.75160e-01	1.33606e-01
2.34000e+00	3.77493e-01	1.31195e-01
2.35000e+00	3.79814e-01	1.28819e-01
2.36000e+00	3.82124e-01	1.26477e-01
2.37000e+00	3.84422e-01	1.24170e-01
2.38000e+00	3.86709e-01	1.21897e-01
2.39000e+00	3.88983e-01	1.19658e-01
2.40000e+00	3.91246e-01	1.17452e-01
2.41000e+00	3.93497e-01	1.15280e-01
2.42000e+00	3.95735e-01	1.13141e-01
2.43000e+00	3.97962e-01	1.11034e-01
2.44000e+00	4.00176e-01	1.08960e-01
2.45000e+00	4.02378e-01	1.06918e-01
2.46000e+00	4.04567e-01	1.04908e-01
2.47000e+00	4.06744e-01	1.02930e-01
2.48000e+00	4.08908e-01	1.00983e-01
2.49000e+00	4.11060e-01	9.90663e-02
2.50000e+00	4.13199e-01	9.71807e-02
2.51000e+00	4.15325e-01	9.53253e-02
2.52000e+00	4.17438e-01	9.35000e-02
2.53000e+00	4.19539e-01	9.17043e-02
2.54000e+00	4.21626e-01	8.99380e-02
2.55000e+00	4.23701e-01	8.82007e-02
2.56000e+00	4.25763e-01	8.64921e-02
2.57000e+00	4.27811e-01	8.48119e-02
2.58000e+00	4.29847e-01	8.31597e-02
2.59000e+00	4.31869e-01	8.15353e-02
2.60000e+00	4.33879e-01	7.99382e-02
2.61000e+00	4.35875e-01	7.83682e-02
2.62000e+00	4.37858e-01	7.68249e-02
2.63000e+00	4.39828e-01	7.53080e-02
2.64000e+00	4.41785e-01	7.38171e-02
2.65000e+00	4.43728e-01	7.23520e-02
2.66000e+00	4.45658e-01	7.09123e-02
2.67000e+00	4.47575e-01	6.94977e-02
2.68000e+00	4.49479e-01	6.81077e-02
2.69000e+00	4.51369e-01	6.67422e-02
2.70000e+00	4.53246e-01	6.54008e-02
2.71000e+00	4.55110e-01	6.40831e-02
2.72000e+00	4.56961e-01	6.27889e-02
2.73000e+00	4.58798e-01	6.15177e-02
2.74000e+00	4.60622e-01	6.02693e-02
2.75000e+00	4.62433e-01	5.90434e-02
2.76000e+00	4.64231e-01	5.78396e-02
2.77000e+00	4.66015e-01	5.66576e-02
2.78000e+00	4.67786e-01	5.54971e-02
2.79000e+00	4.69544e-01	5.43578e-02
2.80000e+00	4.71289e-01	5.32394e-02
2.81000e+00	4.73021e-01	5.21415e-02
2.82000e+00	4.74739e-01	5.10638e-02
2.83000e+00	4.76445e-01	5.00061e-02
2.84000e+00	4.78137e-01	4.89680e-02
2.85000e+00	4.79816e-01	4.79493e-02
2.86000e+00	4.81483e-01	4.69496e-02
2.87000e+00	4.83136e-01	4.59686e-02
2.88000e+00	4.84776e-01	4.50061e-02
2.89000e+00	4.86404e-01	4.40617e-02
2.90000e+00	4.88018e-01	4.31351e-02
2.91000e+00	4.89620e-01	4.22262e-02
2.92000e+00	4.91208e-01	4.13345e-02
2.93000e+00	4.92784e-01	4.04598e-02
2.94000e+00	4.94348e-01	3.96019e-02
2.95000e+00	4.95898e-01	3.87604e-02
2.96000e+00	4.97436e-01	3.79351e-02
2.97000e+00	4.98961e-01	3.71257e-02
2.98000e+00	5.00474e-01	3.63320e-02
2.99000e+00	5.01974e-01	3.55536e-02
3.00000e+00	5.03461e-01	3.47904e-02
3.01000e+00	5.04936e-01	3.40421e-02
3.02000e+00	5.06399e-01	3.33083e-02
3.03000e+00	5.07849e-01	3.25889e-02
3.04000e+00	5.09287e-01	3.18837e-02
3.05000e+00	5.10713e-01	3.11923e-02
3.06000e+00	5.12126e-01	3.05145e-02
3.07000e+00	5.13528e-01	2.98502e-02
3.08000e+00	5.14917e-01	2.91989e-02
3.09000e+00	5.16294e-01	2.85607e-02
3.10000e+00	5.17659e-01	2.79351e-02
3.11000e+00	5.19013e-01	2.73220e-02
3.12000e+00	5.20354e-01	2.67211e-02
3.13000e+00	5.21683e-01	2.61323e-02
3.14000e+00	5.23001e-01	2.55553e-02
3.15000e+00	5.24307e-01	2.49898e-02
3.16000e+00	5.25601e-01	2.44358e-02
3.17000e+00	5.26884e-01	2.38930e-02
3.18000e+00	5.28155e-01	2.33611e-02
3.19000e+00	5.29414e-01	2.28401e-02
3.20000e+00	5.30662e-01	2.23296e-02
3.21000e+00	5.31899e-01	2.18295e-02
3.22000e+00	5.33124e-01	2.13395e-02
3.23000e+00	5.34338e-01	2.08596e-02
3.24000e+00	5.35541e-01	2.03896e-02
3.25000e+00	5.36733e-01	1.99291e-02
3.26000e+00	5.37913e-01	1.94781e-02
3.27000e+00	5.39083e-01	1.90364e-02
3.28000e+00	5.40241e-01	1.86038e-02
3.29000e+00	5.41389e-01	1.81802e-02
3.30000e+00	5.42525e-01	1.77653e-02
3.31000e+00	5.43651e-01	1.73590e-02
3.32000e+00	5.44766e-01	1.69611e-02
3.33000e+00	5.45871e-01	1.65716e-02
3.34000e+00	5.46965e-01	1.61901e-02
3.35000e+00	5.48048e-01	1.58166e-02
3.36000e+00	5.49120e-01	1.54509e-02
3.37000e+00	5.50183e-01	1.50929e-02
3.38000e+00	5.51234e-01	1.47424e-02
3.39000e+00	5.52276e-01	1.43992e-02
3.40000e+00	5.53307e-01	1.40633e-02
3.41000e+00	5.54328e-01	1.37345e-02
3.42000e+00	5.55339e-01	1.34126e-02
3.43000e+00	5.56340e-01	1.30975e-02
3.44000e+00	5.57330e-01	1.27891e-02
3.45000e+00	5.58311e-01	1.24873e-02
3.46000e+00	5.59282e-01	1.21918e-02
3.47000e+00	5.60243e-01	1.19027e-02
3.48000e+00	5.61194e-01	1.16198e-02
3.49000e+00	5.62135e-01	1.13429e-02
3.50000e+00	5.63067e-01	1.10719e-02
3.51000e+00	5.63989e-01	1.08067e-02
3.52000e+00	5.64901e-01	1.05473e-02
3.53000e+00	5.65804e-01	1.02934e-02
3.54000e+00	5.66698e-01	1.00450e-02
3.55000e+00	5.67582e-01	9.80197e-03
3.56000e+00	5.68457e-01	9.56420e-03
3.57000e+00	5.69323e-01	9.33158e-03
3.58000e+00	5.70179e-01	9.10402e-03
3.59000e+00	5.71026e-01	8.88141e-03
3.60000e+00	5.71864e-01	8.66365e-03
3.61000e+00	5.72693e-01	8.45064e-03
3.62000e+00	5.73514e-01	8.24229e-03
3.63000e+00	5.74325e-01	8.03851e-03
3.64000e+00	5.75127e-01	7.83920e-03
3.65000e+00	5.75921e-01	7.64428e-03
3.66000e+00	5.76705e-01	7.45365e-03
3.67000e+00	5.77481e-01	7.26723e-03
3.68000e+00	5.78249e-01	7.08493e-03
3.69000e+00	5.79008e-01	6.90667e-03
3.70000e+00	5.79758e-01	6.73237e-03
3.71000e+00	5.80500e-01	6.56195e-03
3.72000e+00	5.81233e-01	6.39532e-03
3.73000e+00	5.81959e-01	6.23242e-03
3.74000e+00	5.82675e-01	6.07315e-03
3.75000e+00	5.83384e-01	5.91746e-03
3.76000e+00	5.84084e-01	5.76527e-03
3.77000e+00	5.84777e-01	5.61650e-03
3.78000e+00	5.85461e-01	5.47109e-03
3.79000e+00	5.86137e-01	5.32897e-03
3.80000e+00	5.86805e-01	5.19006e-03
3.81000e+00	5.87465e-01	5.05431e-03
3.82000e+00	5.88118e-01	4.92165e-03
3.83000e+00	5.88762e-01	4.79201e-03
3.84000e+00	5.89399e-01	4.66533e-03
3.85000e+00	5.90028e-01	4.54156e-03
3.86000e+00	5.90650e-01	4.42062e-03
3.87000e+00	5.91263e-01	4.30247e-03
3.88000e+00	5.91870e-01	4.18704e-03
3.89000e+00	5.92468e-01	4.07428e-03
3.90000e+00	5.93060e-01	3.96413e-03
3.91000e+00	5.93644e-01	3.85654e-03
3.92000e+00	5.94220e-01	3.75146e-03
3.93000e+00	5.94790e-01	3.64883e-03
3.94000e+00	5.95352e-01	3.54860e-03
3.95000e+00	5.95907e-01	3.45072e-03
3.96000e+00	5.96455e-01	3.35515e-03
3.97000e+00	5.96995e-01	3.26182e-03
3.98000e+00	5.97529e-01	3.17071e-03
3.99000e+00	5.98056e-01	3.08176e-03
4.00000e+00	5.98575e-01	2.99492e-03
4.01000e+00	5.99088e-01	2.91015e-03
4.02000e+00	5.99594e-01	2.82741e-03
4.03000e+00	6.00093e-01	2.74665e-03
4.04000e+00	6.00586e-01	2.66784e-03
4.05000e+00	6.01072e-01	2.59093e-03
4.06000e+00	6.01551e-01	2.51588e-03
4.07000e+00	6.02023e-01	2.44265e-03
4.08000e+00	6.02489e-01	2.37120e-03
4.09000e+00	6.02949e-01	2.30150e-03
4.10000e+00	6.03402e-01	2.23351e-03
4.11000e+00	6.03848e-01	2.16719e-03
4.12000e+00	6.04289e-01	2.10251e-03
4.13000e+00	6.04723e-01	2.03942e-03
4.14000e+00	6.05150e-01	1.97791e-03
4.15000e+00	6.05572e-01	1.91793e-03
4.16000e+00	6.05987e-01	1.85945e-03
4.17000e+00	6.06396e-01	1.80243e-03
4.18000e+00	6.06799e-01	1.74686e-03
4.19000e+00	6.07196e-01	1.69269e-03
4.20000e+00	6.07587e-01	1.63990e-03
4.21000e+00	6.07972e-01	1.58845e-03
4.22000e+00	6.08352e-01	1.53832e-03
4.23000e+00	6.08725e-01	1.48948e-03
4.24000e+00	6.09093e-01	1.44189e-03
4.25000e+00	6.09454e-01	1.39555e-03
4.26000e+00	6.09811e-01	1.35040e-03
4.27000e+00	6.10161e-01	1.30644e-03
4.28000e+00	6.10506e-01	1.26364e-03
4.29000e+00	6.10845e-01	1.22196e-03
4.30000e+00	6.11179e-01	1.18138e-03
4.31000e+00	6.11507e-01	1.14189e-03
4.32000e+00	6.11829e-01	1.10345e-03
4.33000e+00	6.12147e-01	1.06605e-03
4.34000e+00	6.12459e-01	1.02965e-03
4.35000e+00	6.12765e-01	9.94248e-04
4.36000e+00	6.13067e-01	9.59809e-04
4.37000e+00	6.13363e-01	9.26314e-04
4.38000e+00	6.13654e-01	8.93743e-04
4.39000e+00	6.13939e-01	8.62075e-04
4.40000e+00	6.14220e-01	8.31290e-04
4.41000e+00	6.14496e-01	8.01368e-04
4.42000e+00	6.14766e-01	7.72290e-04
4.43000e+00	6.15032e-01	7.44037e-04
4.44000e+00	6.15292e-01	7.16590e-04
4.45000e+00	6.15548e-01	6.89932e-04
4.46000e+00	6.15799e-01	6.64043e-04
4.47000e+00	6.16045e-01	6.38908e-04
4.48000e+00	6.16286e-01	6.14508e-04
4.49000e+00	6.16523e-01	5.90827e-04
4.50000e+00	6.16754e-01	5.67848e-04
4.51000e+00	6.16982e-01	5.45555e-04
4.52000e+00	6.17204e-01	5.23934e-04
4.53000e+00	6.17422e-01	5.02967e-04
4.54000e+00	6.17636e-01	4.82640e-04
4.55000e+00	6.17845e-01	4.62938e-04
4.56000e+00	6.18049e-01	4.43846e-04
4.57000e+00	6.18250e-01	4.25351e-04
4.58000e+00	6.18445e-01	4.07438e-04
4.59000e+00	6.18637e-01	3.90093e-04
4.60000e+00	6.18824e-01	3.73304e-04
4.61000e+00	6.19007e-01	3.57056e-04
4.62000e+00	6.19186e-01	3.41337e-04
4.63000e+00	6.19360e-01	3.26135e-04
4.64000e+00	6.19531e-01	3.11437e-04
4.65000e+00	6.19697e-01	2.97231e-04
4.66000e+00	6.19860e-01	2.83505e-04
4.67000e+00	6.20018e-01	2.70247e-04
4.68000e+00	6.20173e-01	2.57446e-04
4.69000e+00	6.20323e-01	2.45091e-04
4.70000e+00	6.20470e-01	2.33171e-04
4.71000e+00	6.20613e-01	2.21675e-04
4.72000e+00	6.20752e-01	2.10592e-04
4.73000e+00	6.20887e-01	1.99912e-04
4.74000e+00	6.21018e-01	1.89626e-04
4.75000e+00	6.21146e-01	1.79723e-04
4.76000e+00	6.21271e-01	1.70193e-04
4.77000e+00	6.21391e-01	1.61027e-04
4.78000e+00	6.21509e-01	1.52215e-04
4.79000e+00	6.21622e-01	1.43749e-04
4.80000e+00	6.21732e-01	1.35620e-04
4.81000e+00	6.21839e-01	1.27817e-04
4.82000e+00	6.21943e-01	1.20334e-04
4.83000e+00	6.22043e-01	1.13162e-04
4.84000e+00	6.22139e-01	1.06291e-04
4.85000e+00	6.22233e-01	9.97144e-05
4.86000e+00	6.22323e-01	9.34238e-05
4.87000e+00	6.22410e-01	8.74114e-05
4.88000e+00	6.22494e-01	8.16695e-05
4.89000e+00	6.22575e-01	7.61906e-05
4.90000e+00	6.22653e-01	7.09672e-05
4.91000e+00	6.22728e-01	6.59921e-05
4.92000e+00	6.22800e-01	6.12581e-05
4.93000e+00	6.22869e-01	5.67583e-05
4.94000e+00	6.22935e-01	5.24858e-05
4.95000e+00	6.22998e-01	4.84338e-05
4.96000e+00	6.23059e-01	4.45957e-05
4.97000e+00	6.23117e-01	4.09650e-05
4.98000e+00	6.23172e-01	3.75354e-05
4.99000e+00	6.23224e-01	3.43005e-05
5.00000e+00	6.23274e-01	3.12542e-05
5.01000e+00	6.23322e-01	2.83904e-05
5.02000e+00	6.23366e-01	2.57031e-05
5.03000e+00	6.23409e-01	2.31865e-05
5.04000e+00	6.23449e-01	2.08348e-05
5.05000e+00	6.23486e-01	1.86422e-05
5.06000e+00	6.23522e-01	1.66033e-05
5.07000e+00	6.23555e-01	1.47125e-05
5.08000e+00	6.23586e-01	1.29644e-05
5.09000e+00	6.23614e-01	1.13535e-05
5.10000e+00	6.23641e-01	9.87460e-06
5.11000e+00	6.23665e-01	8.52245e-06
5.12000e+00	6.23688e-01	7.29188e-06
5.13000e+00	6.23708e-01	6.17776e-06
5.14000e+00	6.23727e-01	5.17500e-06
5.15000e+00	6.23744e-01	4.27858e-06
5.16000e+00	6.23759e-01	3.48349e-06
5.17000e+00	6.23772e-01	2.78473e-06
5.18000e+00	6.23784e-01	2.17734e-06
5.19000e+00	6.23794e-01	1.65634e-06
5.20000e+00	6.23803e-01	1.21674e-06
5.21000e+00	6.23810e-01	8.53515e-07
5.22000e+00	6.23816e-01	5.61587e-07
5.23000e+00	6.23820e-01	3.35806e-07
5.24000e+00	6.23824e-01	1.70924e-07
5.25000e+00	6.23826e-01	6.16094e-08
5.26000e+00	6.23827e-01	2.69432e-09
