1.00000e-02	2.01767e-24	8.00000e-03
2.00000e-02	1.41237e-08	8.00000e-03
3.00000e-02	5.24594e-08	7.99991e-03
4.00000e-02	1.27113e-07	7.99977e-03
5.00000e-02	2.50188e-07	7.99958e-03
6.00000e-02	4.33790e-07	7.99934e-03
7.00000e-02	6.90020e-07	7.99904e-03
8.00000e-02	1.03098e-06	7.99870e-03
9.00000e-02	1.46877e-06	7.99831e-03
1.00000e-01	2.01548e-06	7.99787e-03
1.10000e-01	2.68321e-06	7.99738e-03
1.20000e-01	3.48405e-06	7.99684e-03
1.30000e-01	4.43010e-06	7.99625e-03
1.40000e-01	5.53342e-06	7.99562e-03
1.50000e-01	6.80611e-06	7.99493e-03
1.60000e-01	8.26025e-06	7.99420e-03
1.70000e-01	9.90790e-06	7.99341e-03
1.80000e-01	1.17611e-05	7.99258e-03
1.90000e-01	1.38320e-05	7.99170e-03
2.00000e-01	1.61326e-05	7.99077e-03
2.10000e-01	1.86750e-05	7.98979e-03
2.20000e-01	2.14711e-05	7.98876e-03
2.30000e-01	2.45331e-05	7.98769e-03
2.40000e-01	2.78730e-05	7.98656e-03
2.50000e-01	3.15028e-05	7.98539e-03
2.60000e-01	3.54345e-05	7.98416e-03
2.70000e-01	3.96802e-05	7.98289e-03
2.80000e-01	4.42519e-05	7.98157e-03
2.90000e-01	4.91615e-05	7.98020e-03
3.00000e-01	5.44210e-05	7.97878e-03
3.10000e-01	6.00425e-05	7.97731e-03
3.20000e-01	6.60379e-05	7.97580e-03
3.30000e-01	7.24191e-05	7.97423e-03
3.40000e-01	7.91982e-05	7.97262e-03
3.50000e-01	8.63871e-05	7.97096e-03
3.60000e-01	9.39976e-05	7.96925e-03
3.70000e-01	1.02042e-04	7.96749e-03
3.80000e-01	1.10532e-04	7.96568e-03
3.90000e-01	1.19479e-04	7.96383e-03
4.00000e-01	1.28895e-04	7.96192e-03
4.10000e-01	1.38793e-04	7.95997e-03
4.20000e-01	1.49184e-04	7.95797e-03
4.30000e-01	1.60080e-04	7.95592e-03
4.40000e-01	1.71493e-04	7.95382e-03
4.50000e-01	1.83434e-04	7.95168e-03
4.60000e-01	1.95916e-04	7.94948e-03
4.70000e-01	2.08950e-04	7.94724e-03
4.80000e-01	2.22548e-04	7.94495e-03
4.90000e-01	2.36722e-04	7.94261e-03
5.00000e-01	2.51484e-04	7.94023e-03
5.10000e-01	2.66845e-04	7.93779e-03
5.20000e-01	2.82818e-04	7.93531e-03
5.30000e-01	2.99413e-04	7.93278e-03
5.40000e-01	3.16643e-04	7.93020e-03
5.50000e-01	3.34519e-04	7.92757e-03
5.60000e-01	3.53053e-04	7.92490e-03
5.70000e-01	3.72256e-04	7.92217e-03
5.80000e-01	3.92141e-04	7.91940e-03
5.90000e-01	4.12719e-04	7.91659e-03
6.00000e-01	4.34001e-04	7.91372e-03
6.10000e-01	4.55999e-04	7.91081e-03
6.20000e-01	4.78726e-04	7.90785e-03
6.30000e-01	5.02191e-04	7.90484e-03
6.40000e-01	5.26407e-04	7.90178e-03
6.50000e-01	5.51386e-04	7.89868e-03
6.60000e-01	5.77138e-04	7.89553e-03
6.70000e-01	6.03676e-04	7.89233e-03
6.80000e-01	6.31010e-04	7.88908e-03
6.90000e-01	6.59153e-04	7.88579e-03
7.00000e-01	6.88116e-04	7.88245e-03
7.10000e-01	7.17910e-04	7.87906e-03
7.20000e-01	7.48546e-04	7.87563e-03
7.30000e-01	7.80036e-04	7.87215e-03
7.40000e-01	8.12391e-04	7.86862e-03
7.50000e-01	8.45623e-04	7.86504e-03
7.60000e-01	8.79743e-04	7.86142e-03
7.70000e-01	9.14762e-04	7.85775e-03
7.80000e-01	9.50691e-04	7.85404e-03
7.90000e-01	9.87543e-04	7.85027e-03
8.00000e-01	1.02533e-03	7.84647e-03
8.10000e-01	1.06406e-03	7.84261e-03
8.20000e-01	1.10374e-03	7.83871e-03
8.30000e-01	1.14439e-03	7.83476e-03
8.40000e-01	1.18602e-03	7.83076e-03
8.50000e-01	1.22863e-03	7.82672e-03
8.60000e-01	1.27225e-03	7.82263e-03
8.70000e-01	1.31688e-03	7.81850e-03
8.80000e-01	1.36252e-03	7.81432e-03
8.90000e-01	1.40921e-03	7.81009e-03
9.00000e-01	1.45693e-03	7.80582e-03
9.10000e-01	1.50571e-03	7.80150e-03
9.20000e-01	1.55556e-03	7.79714e-03
9.30000e-01	1.60648e-03	7.79273e-03
9.40000e-01	1.65849e-03	7.78828e-03
9.50000e-01	1.71160e-03	7.78377e-03
9.60000e-01	1.76582e-03	7.77923e-03
9.70000e-01	1.82116e-03	7.77464e-03
9.80000e-01	1.87763e-03	7.77000e-03
9.90000e-01	1.93524e-03	7.76531e-03
1.00000e+00	1.99401e-03	7.76059e-03
1.01000e+00	2.05393e-03	7.75581e-03
1.02000e+00	2.11503e-03	7.75099e-03
1.03000e+00	2.17732e-03	7.74613e-03
1.04000e+00	2.24080e-03	7.74122e-03
1.05000e+00	2.30548e-03	7.73627e-03
1.06000e+00	2.37138e-03	7.73127e-03
1.07000e+00	2.43851e-03	7.72623e-03
1.08000e+00	2.50688e-03	7.72114e-03
1.09000e+00	2.57649e-03	7.71601e-03
1.10000e+00	2.64736e-03	7.71083e-03
1.11000e+00	2.71950e-03	7.70561e-03
1.12000e+00	2.79292e-03	7.70034e-03
1.13000e+00	2.86763e-03	7.69503e-03
1.14000e+00	2.94364e-03	7.68968e-03
1.15000e+00	3.02095e-03	7.68428e-03
1.16000e+00	3.09959e-03	7.67884e-03
1.17000e+00	3.17956e-03	7.67335e-03
1.18000e+00	3.26087e-03	7.66782e-03
1.19000e+00	3.34353e-03	7.66225e-03
1.20000e+00	3.42755e-03	7.65663e-03
1.21000e+00	3.51294e-03	7.65097e-03
1.22000e+00	3.59971e-03	7.64526e-03
1.23000e+00	3.68787e-03	7.63952e-03
1.24000e+00	3.77743e-03	7.63372e-03
1.25000e+00	3.86841e-03	7.62789e-03
1.26000e+00	3.96080e-03	7.62201e-03
1.27000e+00	4.05463e-03	7.61609e-03
1.28000e+00	4.14989e-03	7.61013e-03
1.29000e+00	4.24661e-03	7.60412e-03
1.30000e+00	4.34479e-03	7.59807e-03
1.31000e+00	4.44443e-03	7.59198e-03
1.32000e+00	4.54556e-03	7.58585e-03
1.33000e+00	4.64818e-03	7.57967e-03
1.34000e+00	4.75229e-03	7.57345e-03
1.35000e+00	4.85791e-03	7.56719e-03
1.36000e+00	4.96506e-03	7.56089e-03
1.37000e+00	5.07372e-03	7.55454e-03
1.38000e+00	5.18393e-03	7.54815e-03
1.39000e+00	5.29568e-03	7.54172e-03
1.40000e+00	5.40899e-03	7.53525e-03
1.41000e+00	5.52387e-03	7.52874e-03
1.42000e+00	5.64032e-03	7.52219e-03
1.43000e+00	5.75835e-03	7.51559e-03
1.44000e+00	5.87798e-03	7.50895e-03
1.45000e+00	5.99921e-03	7.50227e-03
1.46000e+00	6.12205e-03	7.49555e-03
1.47000e+00	6.24651e-03	7.48879e-03
1.48000e+00	6.37260e-03	7.48199e-03
1.49000e+00	6.50033e-03	7.47515e-03
1.50000e+00	6.62971e-03	7.46827e-03
1.51000e+00	6.76075e-03	7.46134e-03
1.52000e+00	6.89345e-03	7.45438e-03
1.53000e+00	7.02783e-03	7.44738e-03
1.54000e+00	7.16390e-03	7.44033e-03
1.55000e+00	7.30165e-03	7.43325e-03
1.56000e+00	7.44111e-03	7.42612e-03
1.57000e+00	7.58228e-03	7.41896e-03
1.58000e+00	7.72516e-03	7.41175e-03
1.59000e+00	7.86978e-03	7.40451e-03
1.60000e+00	8.01613e-03	7.39722e-03
1.61000e+00	8.16423e-03	7.38990e-03
1.62000e+00	8.31408e-03	7.38254e-03
1.63000e+00	8.46569e-03	7.37514e-03
1.64000e+00	8.61907e-03	7.36769e-03
1.65000e+00	8.77423e-03	7.36021e-03
1.66000e+00	8.93118e-03	7.35270e-03
1.67000e+00	9.08992e-03	7.34514e-03
1.68000e+00	9.25047e-03	7.33754e-03
1.69000e+00	9.41283e-03	7.32991e-03
1.70000e+00	9.57702e-03	7.32223e-03
1.71000e+00	9.74303e-03	7.31452e-03
1.72000e+00	9.91087e-03	7.30677e-03
1.73000e+00	1.00806e-02	7.29898e-03
1.74000e+00	1.02521e-02	7.29116e-03
1.75000e+00	1.04255e-02	7.28329e-03
1.76000e+00	1.06008e-02	7.27539e-03
1.77000e+00	1.07779e-02	7.26745e-03
1.78000e+00	1.09570e-02	7.25948e-03
1.79000e+00	1.11379e-02	7.25146e-03
1.80000e+00	1.13207e-02	7.24341e-03
1.81000e+00	1.15055e-02	7.23532e-03
1.82000e+00	1.16921e-02	7.22720e-03
1.83000e+00	1.18807e-02	7.21904e-03
1.84000e+00	1.20712e-02	7.21084e-03
1.85000e+00	1.22637e-02	7.20260e-03
1.86000e+00	1.24580e-02	7.19433e-03
1.87000e+00	1.26544e-02	7.18602e-03
1.88000e+00	1.28527e-02	7.17768e-03
1.89000e+00	1.30530e-02	7.16930e-03
1.90000e+00	1.32552e-02	7.16088e-03
1.91000e+00	1.34594e-02	7.15243e-03
1.92000e+00	1.36657e-02	7.14394e-03
1.93000e+00	1.38739e-02	7.13542e-03
1.94000e+00	1.40841e-02	7.12686e-03
1.95000e+00	1.42963e-02	7.11827e-03
1.96000e+00	1.45106e-02	7.10964e-03
1.97000e+00	1.47269e-02	7.10098e-03
1.98000e+00	1.49452e-02	7.09228e-03
1.99000e+00	1.51655e-02	7.08355e-03
2.00000e+00	1.53879e-02	7.07478e-03
2.01000e+00	1.56124e-02	7.06598e-03
2.02000e+00	1.58389e-02	7.05714e-03
2.03000e+00	1.60674e-02	7.04827e-03
2.04000e+00	1.62981e-02	7.03936e-03
2.05000e+00	1.65308e-02	7.03043e-03
2.06000e+00	1.67656e-02	7.02145e-03
2.07000e+00	1.70025e-02	7.01245e-03
2.08000e+00	1.72415e-02	7.00341e-03
2.09000e+00	1.74826e-02	6.99434e-03
2.10000e+00	1.77259e-02	6.98523e-03
2.11000e+00	1.79712e-02	6.97609e-03
2.12000e+00	1.82186e-02	6.96692e-03
2.13000e+00	1.84682e-02	6.95771e-03
2.14000e+00	1.87200e-02	6.94848e-03
2.15000e+00	1.89738e-02	6.93921e-03
2.16000e+00	1.92298e-02	6.92990e-03
2.17000e+00	1.94880e-02	6.92057e-03
2.18000e+00	1.97483e-02	6.91120e-03
2.19000e+00	2.00108e-02	6.90180e-03
2.20000e+00	2.02755e-02	6.89237e-03
2.21000e+00	2.05424e-02	6.88291e-03
2.22000e+00	2.08114e-02	6.87342e-03
2.23000e+00	2.10826e-02	6.86389e-03
2.24000e+00	2.13560e-02	6.85434e-03
2.25000e+00	2.16316e-02	6.84475e-03
2.26000e+00	2.19094e-02	6.83513e-03
2.27000e+00	2.21895e-02	6.82548e-03
2.28000e+00	2.24717e-02	6.81581e-03
2.29000e+00	2.27562e-02	6.80610e-03
2.30000e+00	2.30429e-02	6.79636e-03
2.31000e+00	2.33318e-02	6.78659e-03
2.32000e+00	2.36230e-02	6.77679e-03
2.33000e+00	2.39164e-02	6.76696e-03
2.34000e+00	2.42121e-02	6.75710e-03
2.35000e+00	2.45100e-02	6.74721e-03
2.36000e+00	2.48101e-02	6.73729e-03
2.37000e+00	2.51126e-02	6.72734e-03
2.38000e+00	2.54173e-02	6.71736e-03
2.39000e+00	2.57242e-02	6.70736e-03
2.40000e+00	2.60335e-02	6.69732e-03
2.41000e+00	2.63450e-02	6.68726e-03
2.42000e+00	2.66588e-02	6.67717e-03
2.43000e+00	2.69749e-02	6.66705e-03
2.44000e+00	2.72934e-02	6.65690e-03
2.45000e+00	2.76141e-02	6.64672e-03
2.46000e+00	2.79371e-02	6.63652e-03
2.47000e+00	2.82624e-02	6.62628e-03
2.48000e+00	2.85900e-02	6.61602e-03
2.49000e+00	2.89200e-02	6.60574e-03
2.50000e+00	2.92523e-02	6.59542e-03
2.51000e+00	2.95869e-02	6.58508e-03
2.52000e+00	2.99238e-02	6.57471e-03
2.53000e+00	3.02630e-02	6.56432e-03
2.54000e+00	3.06047e-02	6.55390e-03
2.55000e+00	3.09486e-02	6.54345e-03
2.56000e+00	3.12949e-02	6.53297e-03
2.57000e+00	3.16435e-02	6.52247e-03
2.58000e+00	3.19945e-02	6.51195e-03
2.59000e+00	3.23479e-02	6.50139e-03
2.60000e+00	3.27036e-02	6.49081e-03
2.61000e+00	3.30617e-02	6.48021e-03
2.62000e+00	3.34221e-02	6.46958e-03
2.63000e+00	3.37849e-02	6.45893e-03
2.64000e+00	3.41501e-02	6.44825e-03
2.65000e+00	3.45177e-02	6.43754e-03
2.66000e+00	3.48877e-02	6.42681e-03
2.67000e+00	3.52600e-02	6.41606e-03
2.68000e+00	3.56348e-02	6.40528e-03
2.69000e+00	3.60119e-02	6.39448e-03
2.70000e+00	3.63914e-02	6.38365e-03
2.71000e+00	3.67733e-02	6.37280e-03
2.72000e+00	3.71576e-02	6.36193e-03
2.73000e+00	3.75444e-02	6.35103e-03
2.74000e+00	3.79335e-02	6.34011e-03
2.75000e+00	3.83250e-02	6.32917e-03
2.76000e+00	3.87190e-02	6.31820e-03
2.77000e+00	3.91153e-02	6.30721e-03
2.78000e+00	3.95141e-02	6.29620e-03
2.79000e+00	3.99153e-02	6.28516e-03
2.80000e+00	4.03190e-02	6.27410e-03
2.81000e+00	4.07250e-02	6.26302e-03
2.82000e+00	4.11335e-02	6.25192e-03
2.83000e+00	4.15444e-02	6.24079e-03
2.84000e+00	4.19577e-02	6.22965e-03
2.85000e+00	4.23735e-02	6.21848e-03
2.86000e+00	4.27917e-02	6.20729e-03
2.87000e+00	4.32124e-02	6.19608e-03
2.88000e+00	4.36355e-02	6.18485e-03
2.89000e+00	4.40610e-02	6.17359e-03
2.90000e+00	4.44890e-02	6.16232e-03
2.91000e+00	4.49195e-02	6.15103e-03
2.92000e+00	4.53523e-02	6.13971e-03
2.93000e+00	4.57877e-02	6.12837e-03
2.94000e+00	4.62255e-02	6.11702e-03
2.95000e+00	4.66657e-02	6.10564e-03
2.96000e+00	4.71084e-02	6.09425e-03
2.97000e+00	4.75535e-02	6.08283e-03
2.98000e+00	4.80012e-02	6.07140e-03
2.99000e+00	4.84512e-02	6.05995e-03
3.00000e+00	4.89038e-02	6.04847e-03
3.01000e+00	4.93588e-02	6.03698e-03
3.02000e+00	4.98162e-02	6.02547e-03
3.03000e+00	5.02762e-02	6.01394e-03
3.04000e+00	5.07386e-02	6.00240e-03
3.05000e+00	5.12034e-02	5.99083e-03
3.06000e+00	5.16708e-02	5.97925e-03
3.07000e+00	5.21406e-02	5.96764e-03
3.08000e+00	5.26128e-02	5.95602e-03
3.09000e+00	5.30876e-02	5.94439e-03
3.10000e+00	5.35648e-02	5.93273e-03
3.11000e+00	5.40445e-02	5.92106e-03
3.12000e+00	5.45267e-02	5.90937e-03
3.13000e+00	5.50113e-02	5.89766e-03
3.14000e+00	5.54984e-02	5.88594e-03
3.15000e+00	5.59880e-02	5.87420e-03
3.16000e+00	5.64801e-02	5.86245e-03
3.17000e+00	5.69747e-02	5.85067e-03
3.18000e+00	5.74717e-02	5.83889e-03
3.19000e+00	5.79712e-02	5.82708e-03
3.20000e+00	5.84732e-02	5.81526e-03
3.21000e+00	5.89777e-02	5.80343e-03
3.22000e+00	5.94846e-02	5.79157e-03
3.23000e+00	5.99940e-02	5.77971e-03
3.24000e+00	6.05059e-02	5.76783e-03
3.25000e+00	6.10203e-02	5.75593e-03
3.26000e+00	6.15372e-02	5.74402e-03
3.27000e+00	6.20565e-02	5.73209e-03
3.28000e+00	6.25783e-02	5.72015e-03
3.29000e+00	6.31026e-02	5.70820e-03
3.30000e+00	6.36294e-02	5.69623e-03
3.31000e+00	6.41586e-02	5.68425e-03
3.32000e+00	6.46903e-02	5.67225e-03
3.33000e+00	6.52245e-02	5.66024e-03
3.34000e+00	6.57612e-02	5.64822e-03
3.35000e+00	6.63004e-02	5.63618e-03
3.36000e+00	6.68420e-02	5.62413e-03
3.37000e+00	6.73861e-02	5.61207e-03
3.38000e+00	6.79327e-02	5.60000e-03
3.39000e+00	6.84817e-02	5.58791e-03
3.40000e+00	6.90332e-02	5.57581e-03
3.41000e+00	6.95872e-02	5.56370e-03
3.42000e+00	7.01437e-02	5.55157e-03
3.43000e+00	7.07026e-02	5.53944e-03
3.44000e+00	7.12640e-02	5.52729e-03
3.45000e+00	7.18278e-02	5.51513e-03
3.46000e+00	7.23942e-02	5.50296e-03
3.47000e+00	7.29629e-02	5.49078e-03
3.48000e+00	7.35342e-02	5.47859e-03
3.49000e+00	7.41079e-02	5.46638e-03
3.50000e+00	7.46841e-02	5.45417e-03
3.51000e+00	7.52627e-02	5.44195e-03
3.52000e+00	7.58438e-02	5.42971e-03
3.53000e+00	7.64273e-02	5.41747e-03
3.54000e+00	7.70133e-02	5.40521e-03
3.55000e+00	7.76018e-02	5.39295e-03
3.56000e+00	7.81927e-02	5.38067e-03
3.57000e+00	7.87860e-02	5.36839e-03
3.58000e+00	7.93818e-02	5.35609e-03
3.59000e+00	7.99800e-02	5.34379e-03
3.60000e+00	8.05807e-02	5.33148e-03
3.61000e+00	8.11838e-02	5.31916e-03
3.62000e+00	8.17894e-02	5.30683e-03
3.63000e+00	8.23974e-02	5.29449e-03
3.64000e+00	8.30078e-02	5.28215e-03
3.65000e+00	8.36207e-02	5.26979e-03
3.66000e+00	8.42359e-02	5.25743e-03
3.67000e+00	8.48537e-02	5.24506e-03
3.68000e+00	8.54738e-02	5.23269e-03
3.69000e+00	8.60963e-02	5.22030e-03
3.70000e+00	8.67213e-02	5.20791e-03
3.71000e+00	8.73487e-02	5.19551e-03
3.72000e+00	8.79785e-02	5.18310e-03
3.73000e+00	8.86107e-02	5.17069e-03
3.74000e+00	8.92454e-02	5.15827e-03
3.75000e+00	8.98824e-02	5.14585e-03
3.76000e+00	9.05218e-02	5.13341e-03
3.77000e+00	9.11637e-02	5.12098e-03
3.78000e+00	9.18079e-02	5.10853e-03
3.79000e+00	9.24545e-02	5.09608e-03
3.80000e+00	9.31036e-02	5.08363e-03
3.81000e+00	9.37550e-02	5.07117e-03
3.82000e+00	9.44088e-02	5.05870e-03
3.83000e+00	9.50649e-02	5.04623e-03
3.84000e+00	9.57235e-02	5.03375e-03
3.85000e+00	9.63844e-02	5.02127e-03
3.86000e+00	9.70477e-02	5.00878e-03
3.87000e+00	9.77134e-02	4.99629e-03
3.88000e+00	9.83814e-02	4.98380e-03
3.89000e+00	9.90518e-02	4.97130e-03
3.90000e+00	9.97245e-02	4.95880e-03
3.91000e+00	1.00400e-01	4.94629e-03
3.92000e+00	1.01077e-01	4.93378e-03
3.93000e+00	1.01757e-01	4.92127e-03
3.94000e+00	1.02439e-01	4.90875e-03
3.95000e+00	1.03123e-01	4.89623e-03
3.96000e+00	1.03810e-01	4.88371e-03
3.97000e+00	1.04499e-01	4.87118e-03
3.98000e+00	1.05191e-01	4.85865e-03
3.99000e+00	1.05885e-01	4.84612e-03
4.00000e+00	1.06581e-01	4.83359e-03
4.01000e+00	1.07279e-01	4.82105e-03
4.02000e+00	1.07980e-01	4.80852e-03
4.03000e+00	1.08683e-01	4.79598e-03
4.04000e+00	1.09388e-01	4.78344e-03
4.05000e+00	1.10096e-01	4.77089e-03
4.06000e+00	1.10806e-01	4.75835e-03
4.07000e+00	1.11518e-01	4.74581e-03
4.08000e+00	1.12233e-01	4.73326e-03
4.09000e+00	1.12949e-01	4.72071e-03
4.10000e+00	1.13668e-01	4.70816e-03
4.11000e+00	1.14390e-01	4.69562e-03
4.12000e+00	1.15113e-01	4.68307e-03
4.13000e+00	1.15839e-01	4.67052e-03
4.14000e+00	1.16567e-01	4.65797e-03
4.15000e+00	1.17298e-01	4.64542e-03
4.16000e+00	1.18030e-01	4.63287e-03
4.17000e+00	1.18765e-01	4.62032e-03
4.18000e+00	1.19502e-01	4.60778e-03
4.19000e+00	1.20241e-01	4.59523e-03
4.20000e+00	1.20983e-01	4.58268e-03
4.21000e+00	1.21727e-01	4.57014e-03
4.22000e+00	1.22473e-01	4.55759e-03
4.23000e+00	1.23221e-01	4.54505e-03
4.24000e+00	1.23971e-01	4.53251e-03
4.25000e+00	1.24724e-01	4.51997e-03
4.26000e+00	1.25479e-01	4.50743e-03
4.27000e+00	1.26236e-01	4.49490e-03
4.28000e+00	1.26995e-01	4.48236e-03
4.29000e+00	1.27756e-01	4.46983e-03
4.30000e+00	1.28519e-01	4.45730e-03
4.31000e+00	1.29285e-01	4.44478e-03
4.32000e+00	1.30053e-01	4.43226e-03
4.33000e+00	1.30823e-01	4.41973e-03
4.34000e+00	1.31595e-01	4.40722e-03
4.35000e+00	1.32369e-01	4.39470e-03
4.36000e+00	1.33146e-01	4.38219e-03
4.37000e+00	1.33924e-01	4.36968e-03
4.38000e+00	1.34705e-01	4.35718e-03
4.39000e+00	1.35488e-01	4.34468e-03
4.40000e+00	1.36273e-01	4.33218e-03
4.41000e+00	1.37060e-01	4.31969e-03
4.42000e+00	1.37849e-01	4.30720e-03
4.43000e+00	1.38640e-01	4.29472e-03
4.44000e+00	1.39433e-01	4.28224e-03
4.45000e+00	1.40228e-01	4.26977e-03
4.46000e+00	1.41026e-01	4.25730e-03
4.47000e+00	1.41825e-01	4.24483e-03
4.48000e+00	1.42627e-01	4.23237e-03
4.49000e+00	1.43431e-01	4.21992e-03
4.50000e+00	1.44236e-01	4.20747e-03
4.51000e+00	1.45044e-01	4.19503e-03
4.52000e+00	1.45854e-01	4.18259e-03
4.53000e+00	1.46666e-01	4.17016e-03
4.54000e+00	1.47479e-01	4.15773e-03
4.55000e+00	1.48295e-01	4.14531e-03
4.56000e+00	1.49113e-01	4.13290e-03
4.57000e+00	1.49933e-01	4.12050e-03
4.58000e+00	1.50755e-01	4.10810e-03
4.59000e+00	1.51578e-01	4.09570e-03
4.60000e+00	1.52404e-01	4.08332e-03
4.61000e+00	1.53232e-01	4.07094e-03
4.62000e+00	1.54062e-01	4.05856e-03
4.63000e+00	1.54894e-01	4.04620e-03
4.64000e+00	1.55727e-01	4.03384e-03
4.65000e+00	1.56563e-01	4.02149e-03
4.66000e+00	1.57400e-01	4.00915e-03
4.67000e+00	1.58240e-01	3.99682e-03
4.68000e+00	1.59081e-01	3.98449e-03
4.69000e+00	1.59925e-01	3.97217e-03
4.70000e+00	1.60770e-01	3.95986e-03
4.71000e+00	1.61617e-01	3.94756e-03
4.72000e+00	1.62466e-01	3.93527e-03
4.73000e+00	1.63317e-01	3.92298e-03
4.74000e+00	1.64170e-01	3.91071e-03
4.75000e+00	1.65025e-01	3.89844e-03
4.76000e+00	1.65881e-01	3.88618e-03
4.77000e+00	1.66740e-01	3.87393e-03
4.78000e+00	1.67600e-01	3.86170e-03
4.79000e+00	1.68462e-01	3.84947e-03
4.80000e+00	1.69326e-01	3.83725e-03
4.81000e+00	1.70192e-01	3.82504e-03
4.82000e+00	1.71059e-01	3.81284e-03
4.83000e+00	1.71929e-01	3.80065e-03
4.84000e+00	1.72800e-01	3.78847e-03
4.85000e+00	1.73673e-01	3.77630e-03
4.86000e+00	1.74548e-01	3.76414e-03
4.87000e+00	1.75424e-01	3.75199e-03
4.88000e+00	1.76303e-01	3.73985e-03
4.89000e+00	1.77183e-01	3.72772e-03
4.90000e+00	1.78065e-01	3.71561e-03
4.91000e+00	1.78948e-01	3.70350e-03
4.92000e+00	1.79834e-01	3.69141e-03
4.93000e+00	1.80721e-01	3.67933e-03
4.94000e+00	1.81610e-01	3.66726e-03
4.95000e+00	1.82500e-01	3.65520e-03
4.96000e+00	1.83393e-01	3.64315e-03
4.97000e+00	1.84287e-01	3.63111e-03
4.98000e+00	1.85182e-01	3.61909e-03
4.99000e+00	1.86080e-01	3.60708e-03
5.00000e+00	1.86979e-01	3.59508e-03
5.01000e+00	1.87879e-01	3.58309e-03
5.02000e+00	1.88782e-01	3.57111e-03
5.03000e+00	1.89686e-01	3.55915e-03
5.04000e+00	1.90591e-01	3.54720e-03
5.05000e+00	1.91499e-01	3.53526e-03
5.06000e+00	1.92408e-01	3.52334e-03
5.07000e+00	1.93318e-01	3.51143e-03
5.08000e+00	1.94230e-01	3.49953e-03
5.09000e+00	1.95144e-01	3.48764e-03
5.10000e+00	1.96059e-01	3.47577e-03
5.11000e+00	1.96976e-01	3.46391e-03
5.12000e+00	1.97895e-01	3.45207e-03
5.13000e+00	1.98815e-01	3.44024e-03
5.14000e+00	1.99736e-01	3.42842e-03
5.15000e+00	2.00659e-01	3.41662e-03
5.16000e+00	2.01584e-01	3.40483e-03
5.17000e+00	2.02510e-01	3.39306e-03
5.18000e+00	2.03438e-01	3.38130e-03
5.19000e+00	2.04367e-01	3.36955e-03
5.20000e+00	2.05298e-01	3.35782e-03
5.21000e+00	2.06230e-01	3.34610e-03
5.22000e+00	2.07164e-01	3.33440e-03
5.23000e+00	2.08099e-01	3.32272e-03
5.24000e+00	2.09036e-01	3.31104e-03
5.25000e+00	2.09974e-01	3.29939e-03
5.26000e+00	2.10913e-01	3.28775e-03
5.27000e+00	2.11854e-01	3.27612e-03
5.28000e+00	2.12797e-01	3.26451e-03
5.29000e+00	2.13741e-01	3.25291e-03
5.30000e+00	2.14686e-01	3.24133e-03
5.31000e+00	2.15633e-01	3.22977e-03
5.32000e+00	2.16581e-01	3.21822e-03
5.33000e+00	2.17530e-01	3.20669e-03
5.34000e+00	2.18481e-01	3.19517e-03
5.35000e+00	2.19433e-01	3.18367e-03
5.36000e+00	2.20387e-01	3.17219e-03
5.37000e+00	2.21341e-01	3.16072e-03
5.38000e+00	2.22298e-01	3.14927e-03
5.39000e+00	2.23255e-01	3.13784e-03
5.40000e+00	2.24214e-01	3.12642e-03
5.41000e+00	2.25174e-01	3.11502e-03
5.42000e+00	2.26136e-01	3.10363e-03
5.43000e+00	2.27098e-01	3.09227e-03
5.44000e+00	2.28062e-01	3.08092e-03
5.45000e+00	2.29028e-01	3.06958e-03
5.46000e+00	2.29994e-01	3.05827e-03
5.47000e+00	2.30962e-01	3.04697e-03
5.48000e+00	2.31931e-01	3.03569e-03
5.49000e+00	2.32901e-01	3.02443e-03
5.50000e+00	2.33873e-01	3.01318e-03
5.51000e+00	2.34845e-01	3.00195e-03
5.52000e+00	2.35819e-01	2.99074e-03
5.53000e+00	2.36794e-01	2.97955e-03
5.54000e+00	2.37771e-01	2.96838e-03
5.55000e+00	2.38748e-01	2.95722e-03
5.56000e+00	2.39727e-01	2.94608e-03
5.57000e+00	2.40707e-01	2.93496e-03
5.58000e+00	2.41687e-01	2.92386e-03
5.59000e+00	2.42670e-01	2.91278e-03
5.60000e+00	2.43653e-01	2.90172e-03
5.61000e+00	2.44637e-01	2.89067e-03
5.62000e+00	2.45622e-01	2.87964e-03
5.63000e+00	2.46609e-01	2.86864e-03
5.64000e+00	2.47596e-01	2.85765e-03
5.65000e+00	2.48585e-01	2.84668e-03
5.66000e+00	2.49575e-01	2.83573e-03
5.67000e+00	2.50565e-01	2.82479e-03
5.68000e+00	2.51557e-01	2.81388e-03
5.69000e+00	2.52550e-01	2.80299e-03
5.70000e+00	2.53544e-01	2.79211e-03
5.71000e+00	2.54539e-01	2.78126e-03
5.72000e+00	2.55535e-01	2.77043e-03
5.73000e+00	2.56532e-01	2.75961e-03
5.74000e+00	2.57529e-01	2.74882e-03
5.75000e+00	2.58528e-01	2.73804e-03
5.76000e+00	2.59528e-01	2.72728e-03
5.77000e+00	2.60529e-01	2.71655e-03
5.78000e+00	2.61530e-01	2.70583e-03
5.79000e+00	2.62533e-01	2.69514e-03
5.80000e+00	2.63536e-01	2.68446e-03
5.81000e+00	2.64541e-01	2.67381e-03
5.82000e+00	2.65546e-01	2.66317e-03
5.83000e+00	2.66552e-01	2.65256e-03
5.84000e+00	2.67560e-01	2.64196e-03
5.85000e+00	2.68568e-01	2.63139e-03
5.86000e+00	2.69576e-01	2.62084e-03
5.87000e+00	2.70586e-01	2.61031e-03
5.88000e+00	2.71597e-01	2.59979e-03
5.89000e+00	2.72608e-01	2.58930e-03
5.90000e+00	2.73620e-01	2.57884e-03
5.91000e+00	2.74633e-01	2.56839e-03
5.92000e+00	2.75647e-01	2.55796e-03
5.93000e+00	2.76662e-01	2.54755e-03
5.94000e+00	2.77677e-01	2.53717e-03
5.95000e+00	2.78693e-01	2.52680e-03
5.96000e+00	2.79710e-01	2.51646e-03
5.97000e+00	2.80728e-01	2.50614e-03
5.98000e+00	2.81746e-01	2.49584e-03
5.99000e+00	2.82765e-01	2.48556e-03
6.00000e+00	2.83785e-01	2.47531e-03
6.01000e+00	2.84805e-01	2.46507e-03
6.02000e+00	2.85827e-01	2.45486e-03
6.03000e+00	2.86849e-01	2.44467e-03
6.04000e+00	2.87871e-01	2.43450e-03
6.05000e+00	2.88894e-01	2.42435e-03
6.06000e+00	2.89918e-01	2.41423e-03
6.07000e+00	2.90943e-01	2.40412e-03
6.08000e+00	2.91968e-01	2.39404e-03
6.09000e+00	2.92994e-01	2.38398e-03
6.10000e+00	2.94020e-01	2.37394e-03
6.11000e+00	2.95047e-01	2.36393e-03
6.12000e+00	2.96075e-01	2.35394e-03
6.13000e+00	2.97103e-01	2.34397e-03
6.14000e+00	2.98132e-01	2.33402e-03
6.15000e+00	2.99161e-01	2.32409e-03
6.16000e+00	3.00191e-01	2.31419e-03
6.17000e+00	3.01221e-01	2.30431e-03
6.18000e+00	3.02252e-01	2.29445e-03
6.19000e+00	3.03284e-01	2.28462e-03
6.20000e+00	3.04316e-01	2.27480e-03
6.21000e+00	3.05348e-01	2.26502e-03
6.22000e+00	3.06381e-01	2.25525e-03
6.23000e+00	3.07414e-01	2.24550e-03
6.24000e+00	3.08448e-01	2.23578e-03
6.25000e+00	3.09483e-01	2.22609e-03
6.26000e+00	3.10517e-01	2.21641e-03
6.27000e+00	3.11553e-01	2.20676e-03
6.28000e+00	3.12588e-01	2.19713e-03
6.29000e+00	3.13624e-01	2.18752e-03
6.30000e+00	3.14661e-01	2.17794e-03
6.31000e+00	3.15698e-01	2.16838e-03
6.32000e+00	3.16735e-01	2.15885e-03
6.33000e+00	3.17772e-01	2.14933e-03
6.34000e+00	3.18810e-01	2.13985e-03
6.35000e+00	3.19849e-01	2.13038e-03
6.36000e+00	3.20887e-01	2.12094e-03
6.37000e+00	3.21926e-01	2.11152e-03
6.38000e+00	3.22966e-01	2.10212e-03
6.39000e+00	3.24005e-01	2.09275e-03
6.40000e+00	3.25045e-01	2.08340e-03
6.41000e+00	3.26085e-01	2.07408e-03
6.42000e+00	3.27126e-01	2.06478e-03
6.43000e+00	3.28166e-01	2.05550e-03
6.44000e+00	3.29207e-01	2.04625e-03
6.45000e+00	3.30249e-01	2.03702e-03
6.46000e+00	3.31290e-01	2.02781e-03
6.47000e+00	3.32332e-01	2.01863e-03
6.48000e+00	3.33374e-01	2.00947e-03
6.49000e+00	3.34416e-01	2.00034e-03
6.50000e+00	3.35458e-01	1.99123e-03
6.51000e+00	3.36501e-01	1.98214e-03
6.52000e+00	3.37543e-01	1.97308e-03
6.53000e+00	3.38586e-01	1.96404e-03
6.54000e+00	3.39629e-01	1.95503e-03
6.55000e+00	3.40672e-01	1.94604e-03
6.56000e+00	3.41715e-01	1.93708e-03
6.57000e+00	3.42759e-01	1.92813e-03
6.58000e+00	3.43802e-01	1.91922e-03
6.59000e+00	3.44846e-01	1.91033e-03
6.60000e+00	3.45889e-01	1.90146e-03
6.61000e+00	3.46933e-01	1.89261e-03
6.62000e+00	3.47977e-01	1.88379e-03
6.63000e+00	3.49021e-01	1.87500e-03
6.64000e+00	3.50064e-01	1.86623e-03
6.65000e+00	3.51108e-01	1.85748e-03
6.66000e+00	3.52152e-01	1.84876e-03
6.67000e+00	3.53196e-01	1.84006e-03
6.68000e+00	3.54240e-01	1.83138e-03
6.69000e+00	3.55284e-01	1.82274e-03
6.70000e+00	3.56328e-01	1.81411e-03
6.71000e+00	3.57372e-01	1.80551e-03
6.72000e+00	3.58416e-01	1.79693e-03
6.73000e+00	3.59460e-01	1.78838e-03
6.74000e+00	3.60504e-01	1.77986e-03
6.75000e+00	3.61547e-01	1.77136e-03
6.76000e+00	3.62591e-01	1.76288e-03
6.77000e+00	3.63634e-01	1.75443e-03
6.78000e+00	3.64678e-01	1.74600e-03
6.79000e+00	3.65721e-01	1.73759e-03
6.80000e+00	3.66765e-01	1.72922e-03
6.81000e+00	3.67808e-01	1.72086e-03
6.82000e+00	3.68851e-01	1.71253e-03
6.83000e+00	3.69893e-01	1.70423e-03
6.84000e+00	3.70936e-01	1.69595e-03
6.85000e+00	3.71978e-01	1.68769e-03
6.86000e+00	3.73021e-01	1.67946e-03
6.87000e+00	3.74063e-01	1.67126e-03
6.88000e+00	3.75105e-01	1.66308e-03
6.89000e+00	3.76146e-01	1.65492e-03
6.90000e+00	3.77188e-01	1.64679e-03
6.91000e+00	3.78229e-01	1.63868e-03
6.92000e+00	3.79270e-01	1.63060e-03
6.93000e+00	3.80311e-01	1.62254e-03
6.94000e+00	3.81351e-01	1.61451e-03
6.95000e+00	3.82392e-01	1.60650e-03
6.96000e+00	3.83432e-01	1.59852e-03
6.97000e+00	3.84471e-01	1.59056e-03
6.98000e+00	3.85511e-01	1.58263e-03
6.99000e+00	3.86550e-01	1.57472e-03
7.00000e+00	3.87588e-01	1.56684e-03
7.01000e+00	3.88627e-01	1.55898e-03
7.02000e+00	3.89665e-01	1.55115e-03
7.03000e+00	3.90702e-01	1.54334e-03
7.04000e+00	3.91740e-01	1.53556e-03
7.05000e+00	3.92777e-01	1.52780e-03
7.06000e+00	3.93813e-01	1.52006e-03
7.07000e+00	3.94849e-01	1.51235e-03
7.08000e+00	3.95885e-01	1.50467e-03
7.09000e+00	3.96921e-01	1.49701e-03
7.10000e+00	3.97956e-01	1.48938e-03
7.11000e+00	3.98990e-01	1.48177e-03
7.12000e+00	4.00024e-01	1.47418e-03
7.13000e+00	4.01058e-01	1.46662e-03
7.14000e+00	4.02091e-01	1.45909e-03
7.15000e+00	4.03124e-01	1.45158e-03
7.16000e+00	4.04156e-01	1.44409e-03
7.17000e+00	4.05188e-01	1.43663e-03
7.18000e+00	4.06219e-01	1.42920e-03
7.19000e+00	4.07250e-01	1.42179e-03
7.20000e+00	4.08280e-01	1.41440e-03
7.21000e+00	4.09310e-01	1.40704e-03
7.22000e+00	4.10339e-01	1.39970e-03
7.23000e+00	4.11367e-01	1.39239e-03
7.24000e+00	4.12395e-01	1.38510e-03
7.25000e+00	4.13423e-01	1.37784e-03
7.26000e+00	4.14450e-01	1.37061e-03
7.27000e+00	4.15476e-01	1.36339e-03
7.28000e+00	4.16502e-01	1.35621e-03
7.29000e+00	4.17527e-01	1.34904e-03
7.30000e+00	4.18551e-01	1.34190e-03
7.31000e+00	4.19575e-01	1.33479e-03
7.32000e+00	4.20599e-01	1.32770e-03
7.33000e+00	4.21621e-01	1.32064e-03
7.34000e+00	4.22643e-01	1.31360e-03
7.35000e+00	4.23664e-01	1.30658e-03
7.36000e+00	4.24685e-01	1.29959e-03
7.37000e+00	4.25705e-01	1.29263e-03
7.38000e+00	4.26724e-01	1.28569e-03
7.39000e+00	4.27743e-01	1.27877e-03
7.40000e+00	4.28761e-01	1.27188e-03
7.41000e+00	4.29778e-01	1.26501e-03
7.42000e+00	4.30794e-01	1.25817e-03
7.43000e+00	4.31810e-01	1.25135e-03
7.44000e+00	4.32825e-01	1.24456e-03
7.45000e+00	4.33839e-01	1.23779e-03
7.46000e+00	4.34853e-01	1.23105e-03
7.47000e+00	4.35865e-01	1.22433e-03
7.48000e+00	4.36877e-01	1.21763e-03
7.49000e+00	4.37888e-01	1.21096e-03
7.50000e+00	4.38898e-01	1.20432e-03
7.51000e+00	4.39908e-01	1.19770e-03
7.52000e+00	4.40917e-01	1.19110e-03
7.53000e+00	4.41924e-01	1.18452e-03
7.54000e+00	4.42931e-01	1.17798e-03
7.55000e+00	4.43938e-01	1.17145e-03
7.56000e+00	4.44943e-01	1.16495e-03
7.57000e+00	4.45947e-01	1.15848e-03
7.58000e+00	4.46951e-01	1.15202e-03
7.59000e+00	4.47954e-01	1.14560e-03
7.60000e+00	4.48955e-01	1.13919e-03
7.61000e+00	4.49956e-01	1.13281e-03
7.62000e+00	4.50956e-01	1.12646e-03
7.63000e+00	4.51955e-01	1.12013e-03
7.64000e+00	4.52954e-01	1.11382e-03
7.65000e+00	4.53951e-01	1.10754e-03
7.66000e+00	4.54947e-01	1.10128e-03
7.67000e+00	4.55942e-01	1.09505e-03
7.68000e+00	4.56937e-01	1.08884e-03
7.69000e+00	4.57930e-01	1.08265e-03
7.70000e+00	4.58923e-01	1.07649e-03
7.71000e+00	4.59914e-01	1.07035e-03
7.72000e+00	4.60905e-01	1.06423e-03
7.73000e+00	4.61894e-01	1.05814e-03
7.74000e+00	4.62883e-01	1.05208e-03
7.75000e+00	4.63870e-01	1.04603e-03
7.76000e+00	4.64857e-01	1.04001e-03
7.77000e+00	4.65842e-01	1.03402e-03
7.78000e+00	4.66826e-01	1.02805e-03
7.79000e+00	4.67810e-01	1.02210e-03
7.80000e+00	4.68792e-01	1.01617e-03
7.81000e+00	4.69773e-01	1.01027e-03
7.82000e+00	4.70753e-01	1.00440e-03
7.83000e+00	4.71732e-01	9.98542e-04
7.84000e+00	4.72710e-01	9.92712e-04
7.85000e+00	4.73687e-01	9.86905e-04
7.86000e+00	4.74663e-01	9.81122e-04
7.87000e+00	4.75637e-01	9.75362e-04
7.88000e+00	4.76611e-01	9.69625e-04
7.89000e+00	4.77583e-01	9.63912e-04
7.90000e+00	4.78554e-01	9.58222e-04
7.91000e+00	4.79524e-01	9.52556e-04
7.92000e+00	4.80493e-01	9.46912e-04
7.93000e+00	4.81461e-01	9.41292e-04
7.94000e+00	4.82428e-01	9.35695e-04
7.95000e+00	4.83393e-01	9.30122e-04
7.96000e+00	4.84357e-01	9.24571e-04
7.97000e+00	4.85320e-01	9.19043e-04
7.98000e+00	4.86282e-01	9.13539e-04
7.99000e+00	4.87243e-01	9.08057e-04
8.00000e+00	4.88202e-01	9.02599e-04
8.01000e+00	4.89160e-01	8.97163e-04
8.02000e+00	4.90117e-01	8.91750e-04
8.03000e+00	4.91073e-01	8.86360e-04
8.04000e+00	4.92027e-01	8.80993e-04
8.05000e+00	4.92980e-01	8.75649e-04
8.06000e+00	4.93932e-01	8.70327e-04
8.07000e+00	4.94883e-01	8.65028e-04
8.08000e+00	4.95832e-01	8.59752e-04
8.09000e+00	4.96780e-01	8.54498e-04
8.10000e+00	4.97727e-01	8.49267e-04
8.11000e+00	4.98672e-01	8.44058e-04
8.12000e+00	4.99617e-01	8.38872e-04
8.13000e+00	5.00559e-01	8.33708e-04
8.14000e+00	5.01501e-01	8.28567e-04
8.15000e+00	5.02441e-01	8.23448e-04
8.16000e+00	5.03380e-01	8.18352e-04
8.17000e+00	5.04318e-01	8.13277e-04
8.18000e+00	5.05254e-01	8.08225e-04
8.19000e+00	5.06188e-01	8.03195e-04
8.20000e+00	5.07122e-01	7.98187e-04
8.21000e+00	5.08054e-01	7.93202e-04
8.22000e+00	5.08985e-01	7.88238e-04
8.23000e+00	5.09914e-01	7.83296e-04
8.24000e+00	5.10842e-01	7.78377e-04
8.25000e+00	5.11768e-01	7.73479e-04
8.26000e+00	5.12693e-01	7.68603e-04
8.27000e+00	5.13617e-01	7.63749e-04
8.28000e+00	5.14539e-01	7.58917e-04
8.29000e+00	5.15460e-01	7.54106e-04
8.30000e+00	5.16379e-01	7.49318e-04
8.31000e+00	5.17297e-01	7.44550e-04
8.32000e+00	5.18214e-01	7.39805e-04
8.33000e+00	5.19129e-01	7.35081e-04
8.34000e+00	5.20042e-01	7.30379e-04
8.35000e+00	5.20954e-01	7.25698e-04
8.36000e+00	5.21865e-01	7.21038e-04
8.37000e+00	5.22774e-01	7.16400e-04
8.38000e+00	5.23682e-01	7.11783e-04
8.39000e+00	5.24588e-01	7.07187e-04
8.40000e+00	5.25492e-01	7.02613e-04
8.41000e+00	5.26396e-01	6.98060e-04
8.42000e+00	5.27297e-01	6.93528e-04
8.43000e+00	5.28197e-01	6.89017e-04
8.44000e+00	5.29096e-01	6.84527e-04
8.45000e+00	5.29993e-01	6.80058e-04
8.46000e+00	5.30888e-01	6.75610e-04
8.47000e+00	5.31782e-01	6.71183e-04
8.48000e+00	5.32674e-01	6.66777e-04
8.49000e+00	5.33565e-01	6.62391e-04
8.50000e+00	5.34455e-01	6.58027e-04
8.51000e+00	5.35342e-01	6.53683e-04
8.52000e+00	5.36228e-01	6.49359e-04
8.53000e+00	5.37113e-01	6.45056e-04
8.54000e+00	5.37996e-01	6.40774e-04
8.55000e+00	5.38877e-01	6.36512e-04
8.56000e+00	5.39757e-01	6.32271e-04
8.57000e+00	5.40635e-01	6.28050e-04
8.58000e+00	5.41511e-01	6.23850e-04
8.59000e+00	5.42386e-01	6.19669e-04
8.60000e+00	5.43259e-01	6.15509e-04
8.61000e+00	5.44131e-01	6.11370e-04
8.62000e+00	5.45001e-01	6.07250e-04
8.63000e+00	5.45869e-01	6.03150e-04
8.64000e+00	5.46736e-01	5.99071e-04
8.65000e+00	5.47601e-01	5.95011e-04
8.66000e+00	5.48464e-01	5.90971e-04
8.67000e+00	5.49326e-01	5.86952e-04
8.68000e+00	5.50186e-01	5.82952e-04
8.69000e+00	5.51044e-01	5.78971e-04
8.70000e+00	5.51901e-01	5.75011e-04
8.71000e+00	5.52756e-01	5.71070e-04
8.72000e+00	5.53609e-01	5.67149e-04
8.73000e+00	5.54460e-01	5.63247e-04
8.74000e+00	5.55310e-01	5.59365e-04
8.75000e+00	5.56158e-01	5.55502e-04
8.76000e+00	5.57005e-01	5.51659e-04
8.77000e+00	5.57850e-01	5.47835e-04
8.78000e+00	5.58692e-01	5.44030e-04
8.79000e+00	5.59534e-01	5.40245e-04
8.80000e+00	5.60373e-01	5.36479e-04
8.81000e+00	5.61211e-01	5.32732e-04
8.82000e+00	5.62047e-01	5.29004e-04
8.83000e+00	5.62881e-01	5.25295e-04
8.84000e+00	5.63714e-01	5.21605e-04
8.85000e+00	5.64544e-01	5.17933e-04
8.86000e+00	5.65373e-01	5.14281e-04
8.87000e+00	5.66201e-01	5.10648e-04
8.88000e+00	5.67026e-01	5.07033e-04
8.89000e+00	5.67850e-01	5.03437e-04
8.90000e+00	5.68671e-01	4.99860e-04
8.91000e+00	5.69491e-01	4.96301e-04
8.92000e+00	5.70310e-01	4.92761e-04
8.93000e+00	5.71126e-01	4.89239e-04
8.94000e+00	5.71941e-01	4.85735e-04
8.95000e+00	5.72753e-01	4.82250e-04
8.96000e+00	5.73564e-01	4.78784e-04
8.97000e+00	5.74374e-01	4.75335e-04
8.98000e+00	5.75181e-01	4.71905e-04
8.99000e+00	5.75987e-01	4.68493e-04
9.00000e+00	5.76790e-01	4.65099e-04
9.01000e+00	5.77592e-01	4.61723e-04
9.02000e+00	5.78392e-01	4.58365e-04
9.03000e+00	5.79190e-01	4.55025e-04
9.04000e+00	5.79986e-01	4.51703e-04
9.05000e+00	5.80781e-01	4.48398e-04
9.06000e+00	5.81573e-01	4.45112e-04
9.07000e+00	5.82364e-01	4.41843e-04
9.08000e+00	5.83153e-01	4.38591e-04
9.09000e+00	5.83940e-01	4.35357e-04
9.10000e+00	5.84725e-01	4.32141e-04
9.11000e+00	5.85508e-01	4.28943e-04
9.12000e+00	5.86290e-01	4.25761e-04
9.13000e+00	5.87069e-01	4.22597e-04
9.14000e+00	5.87847e-01	4.19451e-04
9.15000e+00	5.88622e-01	4.16321e-04
9.16000e+00	5.89396e-01	4.13209e-04
9.17000e+00	5.90168e-01	4.10114e-04
9.18000e+00	5.90938e-01	4.07036e-04
9.19000e+00	5.91706e-01	4.03975e-04
9.20000e+00	5.92472e-01	4.00931e-04
9.21000e+00	5.93236e-01	3.97904e-04
9.22000e+00	5.93998e-01	3.94893e-04
9.23000e+00	5.94758e-01	3.91900e-04
9.24000e+00	5.95517e-01	3.88923e-04
9.25000e+00	5.96273e-01	3.85963e-04
9.26000e+00	5.97028e-01	3.83019e-04
9.27000e+00	5.97780e-01	3.80092e-04
9.28000e+00	5.98531e-01	3.77182e-04
9.29000e+00	5.99279e-01	3.74288e-04
9.30000e+00	6.00026e-01	3.71411e-04
9.31000e+00	6.00771e-01	3.68549e-04
9.32000e+00	6.01513e-01	3.65704e-04
9.33000e+00	6.02254e-01	3.62876e-04
9.34000e+00	6.02993e-01	3.60063e-04
9.35000e+00	6.03730e-01	3.57267e-04
9.36000e+00	6.04465e-01	3.54486e-04
9.37000e+00	6.05198e-01	3.51722e-04
9.38000e+00	6.05928e-01	3.48973e-04
9.39000e+00	6.06657e-01	3.46241e-04
9.40000e+00	6.07384e-01	3.43524e-04
9.41000e+00	6.08109e-01	3.40823e-04
9.42000e+00	6.08832e-01	3.38138e-04
9.43000e+00	6.09553e-01	3.35468e-04
9.44000e+00	6.10272e-01	3.32814e-04
9.45000e+00	6.10989e-01	3.30176e-04
9.46000e+00	6.11704e-01	3.27553e-04
9.47000e+00	6.12417e-01	3.24945e-04
9.48000e+00	6.13128e-01	3.22353e-04
9.49000e+00	6.13837e-01	3.19776e-04
9.50000e+00	6.14543e-01	3.17215e-04
9.51000e+00	6.15248e-01	3.14668e-04
9.52000e+00	6.15951e-01	3.12137e-04
9.53000e+00	6.16652e-01	3.09621e-04
9.54000e+00	6.17351e-01	3.07119e-04
9.55000e+00	6.18047e-01	3.04633e-04
9.56000e+00	6.18742e-01	3.02162e-04
9.57000e+00	6.19435e-01	2.99706e-04
9.58000e+00	6.20125e-01	2.97264e-04
9.59000e+00	6.20814e-01	2.94837e-04
9.60000e+00	6.21500e-01	2.92425e-04
9.61000e+00	6.22185e-01	2.90027e-04
9.62000e+00	6.22867e-01	2.87644e-04
9.63000e+00	6.23547e-01	2.85276e-04
9.64000e+00	6.24226e-01	2.82922e-04
9.65000e+00	6.24902e-01	2.80582e-04
9.66000e+00	6.25576e-01	2.78257e-04
9.67000e+00	6.26248e-01	2.75946e-04
9.68000e+00	6.26918e-01	2.73649e-04
9.69000e+00	6.27586e-01	2.71367e-04
9.70000e+00	6.28252e-01	2.69098e-04
9.71000e+00	6.28916e-01	2.66844e-04
9.72000e+00	6.29578e-01	2.64604e-04
9.73000e+00	6.30237e-01	2.62377e-04
9.74000e+00	6.30895e-01	2.60165e-04
9.75000e+00	6.31551e-01	2.57966e-04
9.76000e+00	6.32204e-01	2.55781e-04
9.77000e+00	6.32855e-01	2.53610e-04
9.78000e+00	6.33505e-01	2.51453e-04
9.79000e+00	6.34152e-01	2.49309e-04
9.80000e+00	6.34797e-01	2.47179e-04
9.81000e+00	6.35440e-01	2.45062e-04
9.82000e+00	6.36081e-01	2.42959e-04
9.83000e+00	6.36720e-01	2.40869e-04
9.84000e+00	6.37356e-01	2.38792e-04
9.85000e+00	6.37991e-01	2.36729e-04
9.86000e+00	6.38623e-01	2.34679e-04
9.87000e+00	6.39254e-01	2.32642e-04
9.88000e+00	6.39882e-01	2.30619e-04
9.89000e+00	6.40508e-01	2.28608e-04
9.90000e+00	6.41132e-01	2.26610e-04
9.91000e+00	6.41754e-01	2.24626e-04
9.92000e+00	6.42374e-01	2.22654e-04
9.93000e+00	6.42992e-01	2.20695e-04
9.94000e+00	6.43608e-01	2.18749e-04
9.95000e+00	6.44221e-01	2.16815e-04
9.96000e+00	6.44833e-01	2.14895e-04
9.97000e+00	6.45442e-01	2.12987e-04
9.98000e+00	6.46049e-01	2.11091e-04
9.99000e+00	6.46654e-01	2.09208e-04
1.00000e+01	6.47257e-01	2.07338e-04
1.00100e+01	6.47858e-01	2.05479e-04
1.00200e+01	6.48457e-01	2.03634e-04
1.00300e+01	6.49053e-01	2.01800e-04
1.00400e+01	6.49648e-01	1.99979e-04
1.00500e+01	6.50240e-01	1.98170e-04
1.00600e+01	6.50830e-01	1.96373e-04
1.00700e+01	6.51418e-01	1.94588e-04
1.00800e+01	6.52004e-01	1.92816e-04
1.00900e+01	6.52588e-01	1.91055e-04
1.01000e+01	6.53169e-01	1.89306e-04
1.01100e+01	6.53749e-01	1.87569e-04
1.01200e+01	6.54326e-01	1.85844e-04
1.01300e+01	6.54902e-01	1.84130e-04
1.01400e+01	6.55475e-01	1.82429e-04
1.01500e+01	6.56046e-01	1.80739e-04
1.01600e+01	6.56615e-01	1.79060e-04
1.01700e+01	6.57181e-01	1.77394e-04
1.01800e+01	6.57746e-01	1.75738e-04
1.01900e+01	6.58308e-01	1.74094e-04
1.02000e+01	6.58869e-01	1.72462e-04
1.02100e+01	6.59427e-01	1.70841e-04
1.02200e+01	6.59983e-01	1.69231e-04
1.02300e+01	6.60537e-01	1.67632e-04
1.02400e+01	6.61088e-01	1.66045e-04
1.02500e+01	6.61638e-01	1.64469e-04
1.02600e+01	6.62185e-01	1.62903e-04
1.02700e+01	6.62731e-01	1.61349e-04
1.02800e+01	6.63274e-01	1.59806e-04
1.02900e+01	6.63815e-01	1.58274e-04
1.03000e+01	6.64354e-01	1.56752e-04
1.03100e+01	6.64891e-01	1.55242e-04
1.03200e+01	6.65425e-01	1.53742e-04
1.03300e+01	6.65958e-01	1.52253e-04
1.03400e+01	6.66488e-01	1.50775e-04
1.03500e+01	6.67016e-01	1.49307e-04
1.03600e+01	6.67542e-01	1.47850e-04
1.03700e+01	6.68066e-01	1.46403e-04
1.03800e+01	6.68588e-01	1.44967e-04
1.03900e+01	6.69107e-01	1.43541e-04
1.04000e+01	6.69625e-01	1.42125e-04
1.04100e+01	6.70140e-01	1.40720e-04
1.04200e+01	6.70653e-01	1.39326e-04
1.04300e+01	6.71164e-01	1.37941e-04
1.04400e+01	6.71673e-01	1.36566e-04
1.04500e+01	6.72180e-01	1.35202e-04
1.04600e+01	6.72684e-01	1.33848e-04
1.04700e+01	6.73187e-01	1.32504e-04
1.04800e+01	6.73687e-01	1.31169e-04
1.04900e+01	6.74185e-01	1.29845e-04
1.05000e+01	6.74681e-01	1.28531e-04
1.05100e+01	6.75175e-01	1.27226e-04
1.05200e+01	6.75667e-01	1.25931e-04
1.05300e+01	6.76156e-01	1.24646e-04
1.05400e+01	6.76644e-01	1.23370e-04
1.05500e+01	6.77129e-01	1.22104e-04
1.05600e+01	6.77612e-01	1.20848e-04
1.05700e+01	6.78093e-01	1.19601e-04
1.05800e+01	6.78572e-01	1.18364e-04
1.05900e+01	6.79048e-01	1.17136e-04
1.06000e+01	6.79523e-01	1.15918e-04
1.06100e+01	6.79996e-01	1.14709e-04
1.06200e+01	6.80466e-01	1.13509e-04
1.06300e+01	6.80934e-01	1.12318e-04
1.06400e+01	6.81400e-01	1.11137e-04
1.06500e+01	6.81864e-01	1.09965e-04
1.06600e+01	6.82326e-01	1.08801e-04
1.06700e+01	6.82785e-01	1.07647e-04
1.06800e+01	6.83243e-01	1.06502e-04
1.06900e+01	6.83698e-01	1.05366e-04
1.07000e+01	6.84151e-01	1.04239e-04
1.07100e+01	6.84602e-01	1.03120e-04
1.07200e+01	6.85051e-01	1.02011e-04
1.07300e+01	6.85498e-01	1.00910e-04
1.07400e+01	6.85943e-01	9.98179e-05
1.07500e+01	6.86386e-01	9.87345e-05
1.07600e+01	6.86826e-01	9.76597e-05
1.07700e+01	6.87264e-01	9.65935e-05
1.07800e+01	6.87701e-01	9.55358e-05
1.07900e+01	6.88135e-01	9.44867e-05
1.08000e+01	6.88567e-01	9.34460e-05
1.08100e+01	6.88997e-01	9.24137e-05
1.08200e+01	6.89424e-01	9.13897e-05
1.08300e+01	6.89850e-01	9.03741e-05
1.08400e+01	6.90273e-01	8.93667e-05
1.08500e+01	6.90695e-01	8.83676e-05
1.08600e+01	6.91114e-01	8.73766e-05
1.08700e+01	6.91531e-01	8.63938e-05
1.08800e+01	6.91946e-01	8.54190e-05
1.08900e+01	6.92359e-01	8.44523e-05
1.09000e+01	6.92770e-01	8.34936e-05
1.09100e+01	6.93179e-01	8.25429e-05
1.09200e+01	6.93585e-01	8.16000e-05
1.09300e+01	6.93990e-01	8.06650e-05
1.09400e+01	6.94392e-01	7.97379e-05
1.09500e+01	6.94793e-01	7.88185e-05
1.09600e+01	6.95191e-01	7.79069e-05
1.09700e+01	6.95587e-01	7.70029e-05
1.09800e+01	6.95981e-01	7.61067e-05
1.09900e+01	6.96373e-01	7.52180e-05
1.10000e+01	6.96763e-01	7.43369e-05
1.10100e+01	6.97151e-01	7.34633e-05
1.10200e+01	6.97536e-01	7.25971e-05
1.10300e+01	6.97920e-01	7.17384e-05
1.10400e+01	6.98301e-01	7.08872e-05
1.10500e+01	6.98681e-01	7.00432e-05
1.10600e+01	6.99058e-01	6.92066e-05
1.10700e+01	6.99433e-01	6.83772e-05
1.10800e+01	6.99807e-01	6.75551e-05
1.10900e+01	7.00178e-01	6.67401e-05
1.11000e+01	7.00547e-01	6.59323e-05
1.11100e+01	7.00914e-01	6.51316e-05
1.11200e+01	7.01279e-01	6.43379e-05
1.11300e+01	7.01642e-01	6.35513e-05
1.11400e+01	7.02002e-01	6.27716e-05
1.11500e+01	7.02361e-01	6.19989e-05
1.11600e+01	7.02718e-01	6.12331e-05
1.11700e+01	7.03072e-01	6.04741e-05
1.11800e+01	7.03425e-01	5.97219e-05
1.11900e+01	7.03775e-01	5.89765e-05
1.12000e+01	7.04124e-01	5.82379e-05
1.12100e+01	7.04470e-01	5.75059e-05
1.12200e+01	7.04815e-01	5.67806e-05
1.12300e+01	7.05157e-01	5.60619e-05
1.12400e+01	7.05497e-01	5.53498e-05
1.12500e+01	7.05835e-01	5.46442e-05
1.12600e+01	7.06172e-01	5.39451e-05
1.12700e+01	7.06506e-01	5.32525e-05
1.12800e+01	7.06838e-01	5.25663e-05
1.12900e+01	7.07168e-01	5.18864e-05
1.13000e+01	7.07496e-01	5.12129e-05
1.13100e+01	7.07822e-01	5.05457e-05
1.13200e+01	7.08146e-01	4.98848e-05
1.13300e+01	7.08468e-01	4.92300e-05
1.13400e+01	7.08788e-01	4.85815e-05
1.13500e+01	7.09106e-01	4.79391e-05
1.13600e+01	7.09422e-01	4.73028e-05
1.13700e+01	7.09736e-01	4.66726e-05
1.13800e+01	7.10048e-01	4.60484e-05
1.13900e+01	7.10358e-01	4.54303e-05
1.14000e+01	7.10666e-01	4.48180e-05
1.14100e+01	7.10972e-01	4.42117e-05
1.14200e+01	7.11276e-01	4.36113e-05
1.14300e+01	7.11578e-01	4.30167e-05
1.14400e+01	7.11878e-01	4.24279e-05
1.14500e+01	7.12176e-01	4.18449e-05
1.14600e+01	7.12472e-01	4.12677e-05
1.14700e+01	7.12766e-01	4.06961e-05
1.14800e+01	7.13058e-01	4.01302e-05
1.14900e+01	7.13348e-01	3.95699e-05
1.15000e+01	7.13636e-01	3.90152e-05
1.15100e+01	7.13922e-01	3.84661e-05
1.15200e+01	7.14207e-01	3.79225e-05
1.15300e+01	7.14489e-01	3.73843e-05
1.15400e+01	7.14769e-01	3.68517e-05
1.15500e+01	7.15048e-01	3.63244e-05
1.15600e+01	7.15324e-01	3.58025e-05
1.15700e+01	7.15598e-01	3.52859e-05
1.15800e+01	7.15871e-01	3.47747e-05
1.15900e+01	7.16142e-01	3.42687e-05
1.16000e+01	7.16410e-01	3.37679e-05
1.16100e+01	7.16677e-01	3.32724e-05
1.16200e+01	7.16942e-01	3.27820e-05
1.16300e+01	7.17204e-01	3.22967e-05
1.16400e+01	7.17465e-01	3.18166e-05
1.16500e+01	7.17724e-01	3.13415e-05
1.16600e+01	7.17981e-01	3.08714e-05
1.16700e+01	7.18237e-01	3.04064e-05
1.16800e+01	7.18490e-01	2.99462e-05
1.16900e+01	7.18741e-01	2.94911e-05
1.17000e+01	7.18991e-01	2.90408e-05
1.17100e+01	7.19238e-01	2.85954e-05
1.17200e+01	7.19484e-01	2.81548e-05
1.17300e+01	7.19728e-01	2.77190e-05
1.17400e+01	7.19970e-01	2.72879e-05
1.17500e+01	7.20210e-01	2.68616e-05
1.17600e+01	7.20448e-01	2.64400e-05
1.17700e+01	7.20684e-01	2.60231e-05
1.17800e+01	7.20919e-01	2.56108e-05
1.17900e+01	7.21151e-01	2.52030e-05
1.18000e+01	7.21382e-01	2.47999e-05
1.18100e+01	7.21611e-01	2.44013e-05
1.18200e+01	7.21838e-01	2.40072e-05
1.18300e+01	7.22063e-01	2.36175e-05
1.18400e+01	7.22286e-01	2.32323e-05
1.18500e+01	7.22507e-01	2.28515e-05
1.18600e+01	7.22727e-01	2.24751e-05
1.18700e+01	7.22945e-01	2.21031e-05
1.18800e+01	7.23161e-01	2.17353e-05
1.18900e+01	7.23375e-01	2.13718e-05
1.19000e+01	7.23587e-01	2.10126e-05
1.19100e+01	7.23797e-01	2.06576e-05
1.19200e+01	7.24006e-01	2.03068e-05
1.19300e+01	7.24213e-01	1.99602e-05
1.19400e+01	7.24418e-01	1.96176e-05
1.19500e+01	7.24621e-01	1.92792e-05
1.19600e+01	7.24823e-01	1.89449e-05
1.19700e+01	7.25022e-01	1.86146e-05
1.19800e+01	7.25220e-01	1.82883e-05
1.19900e+01	7.25416e-01	1.79659e-05
1.20000e+01	7.25610e-01	1.76476e-05
1.20100e+01	7.25803e-01	1.73331e-05
1.20200e+01	7.25994e-01	1.70226e-05
1.20300e+01	7.26183e-01	1.67159e-05
1.20400e+01	7.26370e-01	1.64130e-05
1.20500e+01	7.26555e-01	1.61139e-05
1.20600e+01	7.26739e-01	1.58187e-05
1.20700e+01	7.26921e-01	1.55271e-05
1.20800e+01	7.27101e-01	1.52393e-05
1.20900e+01	7.27280e-01	1.49552e-05
1.21000e+01	7.27457e-01	1.46747e-05
1.21100e+01	7.27632e-01	1.43979e-05
1.21200e+01	7.27805e-01	1.41246e-05
1.21300e+01	7.27977e-01	1.38550e-05
1.21400e+01	7.28147e-01	1.35889e-05
1.21500e+01	7.28315e-01	1.33263e-05
1.21600e+01	7.28481e-01	1.30672e-05
1.21700e+01	7.28646e-01	1.28115e-05
1.21800e+01	7.28809e-01	1.25593e-05
1.21900e+01	7.28971e-01	1.23106e-05
1.22000e+01	7.29130e-01	1.20651e-05
1.22100e+01	7.29288e-01	1.18231e-05
1.22200e+01	7.29445e-01	1.15844e-05
1.22300e+01	7.29600e-01	1.13490e-05
1.22400e+01	7.29753e-01	1.11168e-05
1.22500e+01	7.29904e-01	1.08879e-05
1.22600e+01	7.30054e-01	1.06622e-05
1.22700e+01	7.30202e-01	1.04398e-05
1.22800e+01	7.30348e-01	1.02205e-05
1.22900e+01	7.30493e-01	1.00043e-05
1.23000e+01	7.30637e-01	9.79124e-06
1.23100e+01	7.30778e-01	9.58128e-06
1.23200e+01	7.30918e-01	9.37439e-06
1.23300e+01	7.31056e-01	9.17053e-06
1.23400e+01	7.31193e-01	8.96969e-06
1.23500e+01	7.31328e-01	8.77183e-06
1.23600e+01	7.31462e-01	8.57694e-06
1.23700e+01	7.31594e-01	8.38498e-06
1.23800e+01	7.31724e-01	8.19594e-06
1.23900e+01	7.31853e-01	8.00978e-06
1.24000e+01	7.31981e-01	7.82648e-06
1.24100e+01	7.32106e-01	7.64602e-06
1.24200e+01	7.32230e-01	7.46837e-06
1.24300e+01	7.32353e-01	7.29351e-06
1.24400e+01	7.32474e-01	7.12141e-06
1.24500e+01	7.32593e-01	6.95205e-06
1.24600e+01	7.32711e-01	6.78540e-06
1.24700e+01	7.32828e-01	6.62144e-06
1.24800e+01	7.32943e-01	6.46015e-06
1.24900e+01	7.33056e-01	6.30150e-06
1.25000e+01	7.33168e-01	6.14546e-06
1.25100e+01	7.33278e-01	5.99202e-06
1.25200e+01	7.33387e-01	5.84115e-06
1.25300e+01	7.33495e-01	5.69282e-06
1.25400e+01	7.33601e-01	5.54701e-06
1.25500e+01	7.33705e-01	5.40371e-06
1.25600e+01	7.33808e-01	5.26288e-06
1.25700e+01	7.33909e-01	5.12450e-06
1.25800e+01	7.34009e-01	4.98855e-06
1.25900e+01	7.34108e-01	4.85500e-06
1.26000e+01	7.34205e-01	4.72384e-06
1.26100e+01	7.34301e-01	4.59504e-06
1.26200e+01	7.34395e-01	4.46857e-06
1.26300e+01	7.34488e-01	4.34442e-06
1.26400e+01	7.34579e-01	4.22256e-06
1.26500e+01	7.34669e-01	4.10297e-06
1.26600e+01	7.34758e-01	3.98562e-06
1.26700e+01	7.34845e-01	3.87050e-06
1.26800e+01	7.34931e-01	3.75758e-06
1.26900e+01	7.35015e-01	3.64684e-06
1.27000e+01	7.35098e-01	3.53826e-06
1.27100e+01	7.35180e-01	3.43182e-06
1.27200e+01	7.35260e-01	3.32748e-06
1.27300e+01	7.35339e-01	3.22524e-06
1.27400e+01	7.35417e-01	3.12507e-06
1.27500e+01	7.35493e-01	3.02695e-06
1.27600e+01	7.35568e-01	2.93086e-06
1.27700e+01	7.35641e-01	2.83677e-06
1.27800e+01	7.35714e-01	2.74466e-06
1.27900e+01	7.35784e-01	2.65452e-06
1.28000e+01	7.35854e-01	2.56632e-06
1.28100e+01	7.35922e-01	2.48003e-06
1.28200e+01	7.35989e-01	2.39565e-06
1.28300e+01	7.36055e-01	2.31314e-06
1.28400e+01	7.36120e-01	2.23250e-06
1.28500e+01	7.36183e-01	2.15368e-06
1.28600e+01	7.36245e-01	2.07669e-06
1.28700e+01	7.36306e-01	2.00148e-06
1.28800e+01	7.36365e-01	1.92805e-06
1.28900e+01	7.36423e-01	1.85638e-06
1.29000e+01	7.36480e-01	1.78643e-06
1.29100e+01	7.36536e-01	1.71820e-06
1.29200e+01	7.36591e-01	1.65166e-06
1.29300e+01	7.36644e-01	1.58679e-06
1.29400e+01	7.36696e-01	1.52358e-06
1.29500e+01	7.36747e-01	1.46199e-06
1.29600e+01	7.36797e-01	1.40201e-06
1.29700e+01	7.36846e-01	1.34363e-06
1.29800e+01	7.36893e-01	1.28681e-06
1.29900e+01	7.36940e-01	1.23154e-06
1.30000e+01	7.36985e-01	1.17781e-06
1.30100e+01	7.37029e-01	1.12558e-06
1.30200e+01	7.37072e-01	1.07485e-06
1.30300e+01	7.37114e-01	1.02558e-06
1.30400e+01	7.37155e-01	9.77770e-07
1.30500e+01	7.37194e-01	9.31387e-07
1.30600e+01	7.37233e-01	8.86416e-07
1.30700e+01	7.37270e-01	8.42837e-07
1.30800e+01	7.37307e-01	8.00630e-07
1.30900e+01	7.37342e-01	7.59775e-07
1.31000e+01	7.37377e-01	7.20254e-07
1.31100e+01	7.37410e-01	6.82045e-07
1.31200e+01	7.37442e-01	6.45130e-07
1.31300e+01	7.37473e-01	6.09490e-07
1.31400e+01	7.37504e-01	5.75104e-07
1.31500e+01	7.37533e-01	5.41954e-07
1.31600e+01	7.37561e-01	5.10020e-07
1.31700e+01	7.37589e-01	4.79281e-07
1.31800e+01	7.37615e-01	4.49720e-07
1.31900e+01	7.37640e-01	4.21317e-07
1.32000e+01	7.37665e-01	3.94051e-07
1.32100e+01	7.37688e-01	3.67904e-07
1.32200e+01	7.37711e-01	3.42855e-07
1.32300e+01	7.37733e-01	3.18886e-07
1.32400e+01	7.37753e-01	2.95978e-07
1.32500e+01	7.37773e-01	2.74109e-07
1.32600e+01	7.37792e-01	2.53261e-07
1.32700e+01	7.37811e-01	2.33414e-07
1.32800e+01	7.37828e-01	2.14549e-07
1.32900e+01	7.37844e-01	1.96645e-07
1.33000e+01	7.37860e-01	1.79682e-07
1.33100e+01	7.37875e-01	1.63641e-07
1.33200e+01	7.37889e-01	1.48502e-07
1.33300e+01	7.37903e-01	1.34245e-07
1.33400e+01	7.37915e-01	1.20848e-07
1.33500e+01	7.37927e-01	1.08293e-07
1.33600e+01	7.37938e-01	9.65573e-08
1.33700e+01	7.37948e-01	8.56215e-08
1.33800e+01	7.37958e-01	7.54643e-08
1.33900e+01	7.37967e-01	6.60646e-08
1.34000e+01	7.37975e-01	5.74012e-08
1.34100e+01	7.37983e-01	4.94523e-08
1.34200e+01	7.37990e-01	4.21961e-08
1.34300e+01	7.37996e-01	3.56103e-08
1.34400e+01	7.38002e-01	2.96724e-08
1.34500e+01	7.38007e-01	2.43594e-08
1.34600e+01	7.38012e-01	1.96478e-08
1.34700e+01	7.38016e-01	1.55134e-08
1.34800e+01	7.38019e-01	1.19318e-08
1.34900e+01	7.38022e-01	8.87736e-09
1.35000e+01	7.38025e-01	6.32396e-09
1.35100e+01	7.38027e-01	4.24433e-09
1.35200e+01	7.38028e-01	2.61008e-09
1.35300e+01	7.38030e-01	1.39146e-09
1.35400e+01	7.38030e-01	5.57396e-10
1.35500e+01	7.38031e-01	7.64998e-11
