1.00000e-02	5.31504e-25	1.00000e-03
2.00000e-02	3.72053e-09	1.00000e-03
3.00000e-02	1.38191e-08	9.99994e-04
4.00000e-02	3.34847e-08	9.99985e-04
5.00000e-02	6.59061e-08	9.99972e-04
6.00000e-02	1.14272e-07	9.99955e-04
7.00000e-02	1.81771e-07	9.99935e-04
8.00000e-02	2.71592e-07	9.99912e-04
9.00000e-02	3.86922e-07	9.99886e-04
1.00000e-01	5.30949e-07	9.99856e-04
1.10000e-01	7.06860e-07	9.99823e-04
1.20000e-01	9.17844e-07	9.99786e-04
1.30000e-01	1.16709e-06	9.99747e-04
1.40000e-01	1.45777e-06	9.99704e-04
1.50000e-01	1.79309e-06	9.99657e-04
1.60000e-01	2.17622e-06	9.99608e-04
1.70000e-01	2.61035e-06	9.99555e-04
1.80000e-01	3.09867e-06	9.99498e-04
1.90000e-01	3.64435e-06	9.99439e-04
2.00000e-01	4.25058e-06	9.99376e-04
2.10000e-01	4.92054e-06	9.99310e-04
2.20000e-01	5.65742e-06	9.99240e-04
2.30000e-01	6.46439e-06	9.99167e-04
2.40000e-01	7.34463e-06	9.99091e-04
2.50000e-01	8.30132e-06	9.99011e-04
2.60000e-01	9.33764e-06	9.98929e-04
2.70000e-01	1.04568e-05	9.98843e-04
2.80000e-01	1.16619e-05	9.98753e-04
2.90000e-01	1.29561e-05	9.98661e-04
3.00000e-01	1.43427e-05	9.98565e-04
3.10000e-01	1.58248e-05	9.98465e-04
3.20000e-01	1.74056e-05	9.98363e-04
3.30000e-01	1.90882e-05	9.98257e-04
3.40000e-01	2.08758e-05	9.98148e-04
3.50000e-01	2.27716e-05	9.98035e-04
3.60000e-01	2.47787e-05	9.97919e-04
3.70000e-01	2.69004e-05	9.97800e-04
3.80000e-01	2.91397e-05	9.97678e-04
3.90000e-01	3.14998e-05	9.97552e-04
4.00000e-01	3.39840e-05	9.97423e-04
4.10000e-01	3.65953e-05	9.97291e-04
4.20000e-01	3.93369e-05	9.97155e-04
4.30000e-01	4.22119e-05	9.97017e-04
4.40000e-01	4.52236e-05	9.96874e-04
4.50000e-01	4.83751e-05	9.96729e-04
4.60000e-01	5.16695e-05	9.96580e-04
4.70000e-01	5.51099e-05	9.96428e-04
4.80000e-01	5.86996e-05	9.96273e-04
4.90000e-01	6.24417e-05	9.96114e-04
5.00000e-01	6.63392e-05	9.95953e-04
5.10000e-01	7.03954e-05	9.95788e-04
5.20000e-01	7.46134e-05	9.95619e-04
5.30000e-01	7.89963e-05	9.95448e-04
5.40000e-01	8.35473e-05	9.95273e-04
5.50000e-01	8.82694e-05	9.95094e-04
5.60000e-01	9.31659e-05	9.94913e-04
5.70000e-01	9.82398e-05	9.94728e-04
5.80000e-01	1.03494e-04	9.94540e-04
5.90000e-01	1.08933e-04	9.94349e-04
6.00000e-01	1.14558e-04	9.94154e-04
6.10000e-01	1.20373e-04	9.93957e-04
6.20000e-01	1.26381e-04	9.93756e-04
6.30000e-01	1.32585e-04	9.93551e-04
6.40000e-01	1.38988e-04	9.93344e-04
6.50000e-01	1.45594e-04	9.93133e-04
6.60000e-01	1.52406e-04	9.92919e-04
6.70000e-01	1.59426e-04	9.92701e-04
6.80000e-01	1.66658e-04	9.92481e-04
6.90000e-01	1.74104e-04	9.92257e-04
7.00000e-01	1.81769e-04	9.92030e-04
7.10000e-01	1.89654e-04	9.91800e-04
7.20000e-01	1.97764e-04	9.91566e-04
7.30000e-01	2.06101e-04	9.91329e-04
7.40000e-01	2.14668e-04	9.91089e-04
7.50000e-01	2.23469e-04	9.90846e-04
7.60000e-01	2.32505e-04	9.90600e-04
7.70000e-01	2.41782e-04	9.90350e-04
7.80000e-01	2.51301e-04	9.90097e-04
7.90000e-01	2.61066e-04	9.89841e-04
8.00000e-01	2.71079e-04	9.89581e-04
8.10000e-01	2.81344e-04	9.89319e-04
8.20000e-01	2.91864e-04	9.89053e-04
8.30000e-01	3.02642e-04	9.88784e-04
8.40000e-01	3.13682e-04	9.88511e-04
8.50000e-01	3.24985e-04	9.88236e-04
8.60000e-01	3.36555e-04	9.87957e-04
8.70000e-01	3.48395e-04	9.87675e-04
8.80000e-01	3.60508e-04	9.87390e-04
8.90000e-01	3.72898e-04	9.87102e-04
9.00000e-01	3.85567e-04	9.86811e-04
9.10000e-01	3.98518e-04	9.86516e-04
9.20000e-01	4.11755e-04	9.86218e-04
9.30000e-01	4.25279e-04	9.85917e-04
9.40000e-01	4.39096e-04	9.85613e-04
9.50000e-01	4.53206e-04	9.85305e-04
9.60000e-01	4.67614e-04	9.84995e-04
9.70000e-01	4.82323e-04	9.84681e-04
9.80000e-01	4.97334e-04	9.84364e-04
9.90000e-01	5.12653e-04	9.84044e-04
1.00000e+00	5.28280e-04	9.83720e-04
1.01000e+00	5.44220e-04	9.83394e-04
1.02000e+00	5.60476e-04	9.83064e-04
1.03000e+00	5.77049e-04	9.82731e-04
1.04000e+00	5.93945e-04	9.82395e-04
1.05000e+00	6.11164e-04	9.82056e-04
1.06000e+00	6.28711e-04	9.81714e-04
1.07000e+00	6.46588e-04	9.81368e-04
1.08000e+00	6.64799e-04	9.81020e-04
1.09000e+00	6.83345e-04	9.80668e-04
1.10000e+00	7.02231e-04	9.80313e-04
1.11000e+00	7.21459e-04	9.79955e-04
1.12000e+00	7.41032e-04	9.79594e-04
1.13000e+00	7.60953e-04	9.79230e-04
1.14000e+00	7.81226e-04	9.78862e-04
1.15000e+00	8.01852e-04	9.78492e-04
1.16000e+00	8.22835e-04	9.78118e-04
1.17000e+00	8.44178e-04	9.77742e-04
1.18000e+00	8.65883e-04	9.77362e-04
1.19000e+00	8.87954e-04	9.76979e-04
1.20000e+00	9.10394e-04	9.76593e-04
1.21000e+00	9.33205e-04	9.76203e-04
1.22000e+00	9.56391e-04	9.75811e-04
1.23000e+00	9.79953e-04	9.75416e-04
1.24000e+00	1.00390e-03	9.75017e-04
1.25000e+00	1.02822e-03	9.74616e-04
1.26000e+00	1.05293e-03	9.74211e-04
1.27000e+00	1.07804e-03	9.73803e-04
1.28000e+00	1.10353e-03	9.73392e-04
1.29000e+00	1.12942e-03	9.72979e-04
1.30000e+00	1.15570e-03	9.72562e-04
1.31000e+00	1.18238e-03	9.72142e-04
1.32000e+00	1.20947e-03	9.71718e-04
1.33000e+00	1.23697e-03	9.71292e-04
1.34000e+00	1.26487e-03	9.70863e-04
1.35000e+00	1.29319e-03	9.70431e-04
1.36000e+00	1.32191e-03	9.69995e-04
1.37000e+00	1.35106e-03	9.69557e-04
1.38000e+00	1.38063e-03	9.69116e-04
1.39000e+00	1.41062e-03	9.68671e-04
1.40000e+00	1.44103e-03	9.68224e-04
1.41000e+00	1.47188e-03	9.67773e-04
1.42000e+00	1.50316e-03	9.67320e-04
1.43000e+00	1.53487e-03	9.66863e-04
1.44000e+00	1.56701e-03	9.66404e-04
1.45000e+00	1.59960e-03	9.65941e-04
1.46000e+00	1.63263e-03	9.65476e-04
1.47000e+00	1.66611e-03	9.65007e-04
1.48000e+00	1.70003e-03	9.64535e-04
1.49000e+00	1.73440e-03	9.64061e-04
1.50000e+00	1.76923e-03	9.63583e-04
1.51000e+00	1.80452e-03	9.63103e-04
1.52000e+00	1.84026e-03	9.62619e-04
1.53000e+00	1.87647e-03	9.62133e-04
1.54000e+00	1.91314e-03	9.61643e-04
1.55000e+00	1.95028e-03	9.61151e-04
1.56000e+00	1.98789e-03	9.60655e-04
1.57000e+00	2.02597e-03	9.60157e-04
1.58000e+00	2.06453e-03	9.59656e-04
1.59000e+00	2.10356e-03	9.59151e-04
1.60000e+00	2.14308e-03	9.58644e-04
1.61000e+00	2.18308e-03	9.58134e-04
1.62000e+00	2.22357e-03	9.57621e-04
1.63000e+00	2.26454e-03	9.57105e-04
1.64000e+00	2.30601e-03	9.56586e-04
1.65000e+00	2.34797e-03	9.56064e-04
1.66000e+00	2.39043e-03	9.55539e-04
1.67000e+00	2.43339e-03	9.55011e-04
1.68000e+00	2.47686e-03	9.54481e-04
1.69000e+00	2.52082e-03	9.53947e-04
1.70000e+00	2.56530e-03	9.53411e-04
1.71000e+00	2.61029e-03	9.52871e-04
1.72000e+00	2.65578e-03	9.52329e-04
1.73000e+00	2.70180e-03	9.51784e-04
1.74000e+00	2.74833e-03	9.51236e-04
1.75000e+00	2.79539e-03	9.50685e-04
1.76000e+00	2.84296e-03	9.50131e-04
1.77000e+00	2.89107e-03	9.49575e-04
1.78000e+00	2.93970e-03	9.49015e-04
1.79000e+00	2.98886e-03	9.48453e-04
1.80000e+00	3.03856e-03	9.47888e-04
1.81000e+00	3.08879e-03	9.47320e-04
1.82000e+00	3.13957e-03	9.46749e-04
1.83000e+00	3.19088e-03	9.46175e-04
1.84000e+00	3.24274e-03	9.45599e-04
1.85000e+00	3.29515e-03	9.45019e-04
1.86000e+00	3.34810e-03	9.44437e-04
1.87000e+00	3.40161e-03	9.43852e-04
1.88000e+00	3.45567e-03	9.43264e-04
1.89000e+00	3.51029e-03	9.42674e-04
1.90000e+00	3.56546e-03	9.42080e-04
1.91000e+00	3.62120e-03	9.41484e-04
1.92000e+00	3.67750e-03	9.40885e-04
1.93000e+00	3.73437e-03	9.40283e-04
1.94000e+00	3.79181e-03	9.39679e-04
1.95000e+00	3.84983e-03	9.39071e-04
1.96000e+00	3.90841e-03	9.38461e-04
1.97000e+00	3.96757e-03	9.37848e-04
1.98000e+00	4.02732e-03	9.37233e-04
1.99000e+00	4.08764e-03	9.36614e-04
2.00000e+00	4.14855e-03	9.35993e-04
2.01000e+00	4.21004e-03	9.35369e-04
2.02000e+00	4.27212e-03	9.34743e-04
2.03000e+00	4.33480e-03	9.34113e-04
2.04000e+00	4.39806e-03	9.33481e-04
2.05000e+00	4.46193e-03	9.32846e-04
2.06000e+00	4.52639e-03	9.32209e-04
2.07000e+00	4.59146e-03	9.31569e-04
2.08000e+00	4.65712e-03	9.30926e-04
2.09000e+00	4.72340e-03	9.30280e-04
2.10000e+00	4.79028e-03	9.29632e-04
2.11000e+00	4.85777e-03	9.28981e-04
2.12000e+00	4.92587e-03	9.28327e-04
2.13000e+00	4.99459e-03	9.27671e-04
2.14000e+00	5.06393e-03	9.27012e-04
2.15000e+00	5.13389e-03	9.26350e-04
2.16000e+00	5.20447e-03	9.25686e-04
2.17000e+00	5.27567e-03	9.25019e-04
2.18000e+00	5.34750e-03	9.24349e-04
2.19000e+00	5.41996e-03	9.23677e-04
2.20000e+00	5.49305e-03	9.23002e-04
2.21000e+00	5.56678e-03	9.22325e-04
2.22000e+00	5.64114e-03	9.21644e-04
2.23000e+00	5.71614e-03	9.20962e-04
2.24000e+00	5.79178e-03	9.20276e-04
2.25000e+00	5.86806e-03	9.19588e-04
2.26000e+00	5.94499e-03	9.18898e-04
2.27000e+00	6.02256e-03	9.18205e-04
2.28000e+00	6.10079e-03	9.17509e-04
2.29000e+00	6.17966e-03	9.16811e-04
2.30000e+00	6.25919e-03	9.16110e-04
2.31000e+00	6.33938e-03	9.15406e-04
2.32000e+00	6.42022e-03	9.14700e-04
2.33000e+00	6.50173e-03	9.13992e-04
2.34000e+00	6.58389e-03	9.13281e-04
2.35000e+00	6.66673e-03	9.12567e-04
2.36000e+00	6.75022e-03	9.11851e-04
2.37000e+00	6.83439e-03	9.11132e-04
2.38000e+00	6.91923e-03	9.10411e-04
2.39000e+00	7.00475e-03	9.09687e-04
2.40000e+00	7.09094e-03	9.08961e-04
2.41000e+00	7.17780e-03	9.08232e-04
2.42000e+00	7.26535e-03	9.07501e-04
2.43000e+00	7.35358e-03	9.06767e-04
2.44000e+00	7.44249e-03	9.06031e-04
2.45000e+00	7.53209e-03	9.05292e-04
2.46000e+00	7.62238e-03	9.04551e-04
2.47000e+00	7.71335e-03	9.03807e-04
2.48000e+00	7.80502e-03	9.03061e-04
2.49000e+00	7.89739e-03	9.02312e-04
2.50000e+00	7.99045e-03	9.01561e-04
2.51000e+00	8.08421e-03	9.00808e-04
2.52000e+00	8.17867e-03	9.00052e-04
2.53000e+00	8.27383e-03	8.99294e-04
2.54000e+00	8.36970e-03	8.98533e-04
2.55000e+00	8.46627e-03	8.97770e-04
2.56000e+00	8.56355e-03	8.97004e-04
2.57000e+00	8.66154e-03	8.96236e-04
2.58000e+00	8.76025e-03	8.95466e-04
2.59000e+00	8.85967e-03	8.94693e-04
2.60000e+00	8.95980e-03	8.93918e-04
2.61000e+00	9.06066e-03	8.93140e-04
2.62000e+00	9.16223e-03	8.92361e-04
2.63000e+00	9.26453e-03	8.91578e-04
2.64000e+00	9.36755e-03	8.90794e-04
2.65000e+00	9.47130e-03	8.90007e-04
2.66000e+00	9.57578e-03	8.89218e-04
2.67000e+00	9.68098e-03	8.88426e-04
2.68000e+00	9.78692e-03	8.87632e-04
2.69000e+00	9.89359e-03	8.86836e-04
2.70000e+00	1.00010e-02	8.86037e-04
2.71000e+00	1.01091e-02	8.85237e-04
2.72000e+00	1.02180e-02	8.84433e-04
2.73000e+00	1.03277e-02	8.83628e-04
2.74000e+00	1.04380e-02	8.82820e-04
2.75000e+00	1.05491e-02	8.82010e-04
2.76000e+00	1.06610e-02	8.81198e-04
2.77000e+00	1.07736e-02	8.80383e-04
2.78000e+00	1.08870e-02	8.79567e-04
2.79000e+00	1.10011e-02	8.78748e-04
2.80000e+00	1.11159e-02	8.77926e-04
2.81000e+00	1.12316e-02	8.77103e-04
2.82000e+00	1.13479e-02	8.76277e-04
2.83000e+00	1.14651e-02	8.75449e-04
2.84000e+00	1.15830e-02	8.74619e-04
2.85000e+00	1.17016e-02	8.73786e-04
2.86000e+00	1.18211e-02	8.72952e-04
2.87000e+00	1.19412e-02	8.72115e-04
2.88000e+00	1.20622e-02	8.71276e-04
2.89000e+00	1.21839e-02	8.70435e-04
2.90000e+00	1.23064e-02	8.69592e-04
2.91000e+00	1.24297e-02	8.68746e-04
2.92000e+00	1.25538e-02	8.67898e-04
2.93000e+00	1.26786e-02	8.67049e-04
2.94000e+00	1.28042e-02	8.66197e-04
2.95000e+00	1.29306e-02	8.65343e-04
2.96000e+00	1.30577e-02	8.64486e-04
2.97000e+00	1.31857e-02	8.63628e-04
2.98000e+00	1.33144e-02	8.62768e-04
2.99000e+00	1.34439e-02	8.61905e-04
3.00000e+00	1.35742e-02	8.61041e-04
3.01000e+00	1.37053e-02	8.60174e-04
3.02000e+00	1.38372e-02	8.59305e-04
3.03000e+00	1.39699e-02	8.58434e-04
3.04000e+00	1.41033e-02	8.57561e-04
3.05000e+00	1.42376e-02	8.56686e-04
3.06000e+00	1.43727e-02	8.55809e-04
3.07000e+00	1.45085e-02	8.54930e-04
3.08000e+00	1.46452e-02	8.54049e-04
3.09000e+00	1.47826e-02	8.53166e-04
3.10000e+00	1.49209e-02	8.52280e-04
3.11000e+00	1.50600e-02	8.51393e-04
3.12000e+00	1.51998e-02	8.50504e-04
3.13000e+00	1.53405e-02	8.49613e-04
3.14000e+00	1.54820e-02	8.48719e-04
3.15000e+00	1.56243e-02	8.47824e-04
3.16000e+00	1.57674e-02	8.46927e-04
3.17000e+00	1.59113e-02	8.46028e-04
3.18000e+00	1.60561e-02	8.45127e-04
3.19000e+00	1.62016e-02	8.44223e-04
3.20000e+00	1.63480e-02	8.43318e-04
3.21000e+00	1.64952e-02	8.42411e-04
3.22000e+00	1.66432e-02	8.41502e-04
3.23000e+00	1.67921e-02	8.40592e-04
3.24000e+00	1.69417e-02	8.39679e-04
3.25000e+00	1.70922e-02	8.38764e-04
3.26000e+00	1.72435e-02	8.37848e-04
3.27000e+00	1.73956e-02	8.36929e-04
3.28000e+00	1.75486e-02	8.36009e-04
3.29000e+00	1.77024e-02	8.35086e-04
3.30000e+00	1.78570e-02	8.34162e-04
3.31000e+00	1.80125e-02	8.33236e-04
3.32000e+00	1.81688e-02	8.32308e-04
3.33000e+00	1.83259e-02	8.31379e-04
3.34000e+00	1.84838e-02	8.30447e-04
3.35000e+00	1.86426e-02	8.29514e-04
3.36000e+00	1.88023e-02	8.28579e-04
3.37000e+00	1.89627e-02	8.27642e-04
3.38000e+00	1.91241e-02	8.26703e-04
3.39000e+00	1.92862e-02	8.25762e-04
3.40000e+00	1.94492e-02	8.24820e-04
3.41000e+00	1.96131e-02	8.23876e-04
3.42000e+00	1.97778e-02	8.22930e-04
3.43000e+00	1.99433e-02	8.21982e-04
3.44000e+00	2.01097e-02	8.21032e-04
3.45000e+00	2.02769e-02	8.20081e-04
3.46000e+00	2.04450e-02	8.19128e-04
3.47000e+00	2.06139e-02	8.18173e-04
3.48000e+00	2.07837e-02	8.17217e-04
3.49000e+00	2.09544e-02	8.16258e-04
3.50000e+00	2.11259e-02	8.15298e-04
3.51000e+00	2.12982e-02	8.14337e-04
3.52000e+00	2.14714e-02	8.13373e-04
3.53000e+00	2.16455e-02	8.12408e-04
3.54000e+00	2.18204e-02	8.11442e-04
3.55000e+00	2.19962e-02	8.10473e-04
3.56000e+00	2.21729e-02	8.09503e-04
3.57000e+00	2.23504e-02	8.08531e-04
3.58000e+00	2.25287e-02	8.07558e-04
3.59000e+00	2.27080e-02	8.06583e-04
3.60000e+00	2.28881e-02	8.05606e-04
3.61000e+00	2.30691e-02	8.04628e-04
3.62000e+00	2.32509e-02	8.03648e-04
3.63000e+00	2.34336e-02	8.02667e-04
3.64000e+00	2.36172e-02	8.01683e-04
3.65000e+00	2.38016e-02	8.00699e-04
3.66000e+00	2.39869e-02	7.99712e-04
3.67000e+00	2.41731e-02	7.98724e-04
3.68000e+00	2.43602e-02	7.97735e-04
3.69000e+00	2.45481e-02	7.96744e-04
3.70000e+00	2.47369e-02	7.95751e-04
3.71000e+00	2.49266e-02	7.94757e-04
3.72000e+00	2.51172e-02	7.93761e-04
3.73000e+00	2.53086e-02	7.92764e-04
3.74000e+00	2.55009e-02	7.91765e-04
3.75000e+00	2.56941e-02	7.90765e-04
3.76000e+00	2.58882e-02	7.89763e-04
3.77000e+00	2.60831e-02	7.88760e-04
3.78000e+00	2.62790e-02	7.87755e-04
3.79000e+00	2.64757e-02	7.86749e-04
3.80000e+00	2.66733e-02	7.85741e-04
3.81000e+00	2.68717e-02	7.84732e-04
3.82000e+00	2.70711e-02	7.83722e-04
3.83000e+00	2.72714e-02	7.82709e-04
3.84000e+00	2.74725e-02	7.81696e-04
3.85000e+00	2.76745e-02	7.80681e-04
3.86000e+00	2.78774e-02	7.79665e-04
3.87000e+00	2.80812e-02	7.78647e-04
3.88000e+00	2.82859e-02	7.77627e-04
3.89000e+00	2.84915e-02	7.76607e-04
3.90000e+00	2.86980e-02	7.75585e-04
3.91000e+00	2.89053e-02	7.74561e-04
3.92000e+00	2.91136e-02	7.73537e-04
3.93000e+00	2.93227e-02	7.72510e-04
3.94000e+00	2.95327e-02	7.71483e-04
3.95000e+00	2.97437e-02	7.70454e-04
3.96000e+00	2.99555e-02	7.69424e-04
3.97000e+00	3.01682e-02	7.68392e-04
3.98000e+00	3.03818e-02	7.67359e-04
3.99000e+00	3.05963e-02	7.66325e-04
4.00000e+00	3.08117e-02	7.65290e-04
4.01000e+00	3.10280e-02	7.64253e-04
4.02000e+00	3.12452e-02	7.63215e-04
4.03000e+00	3.14633e-02	7.62175e-04
4.04000e+00	3.16823e-02	7.61135e-04
4.05000e+00	3.19022e-02	7.60093e-04
4.06000e+00	3.21230e-02	7.59050e-04
4.07000e+00	3.23447e-02	7.58005e-04
4.08000e+00	3.25673e-02	7.56959e-04
4.09000e+00	3.27908e-02	7.55912e-04
4.10000e+00	3.30152e-02	7.54864e-04
4.11000e+00	3.32405e-02	7.53815e-04
4.12000e+00	3.34667e-02	7.52764e-04
4.13000e+00	3.36938e-02	7.51712e-04
4.14000e+00	3.39218e-02	7.50659e-04
4.15000e+00	3.41507e-02	7.49605e-04
4.16000e+00	3.43805e-02	7.48550e-04
4.17000e+00	3.46112e-02	7.47493e-04
4.18000e+00	3.48428e-02	7.46436e-04
4.19000e+00	3.50753e-02	7.45377e-04
4.20000e+00	3.53088e-02	7.44317e-04
4.21000e+00	3.55431e-02	7.43256e-04
4.22000e+00	3.57784e-02	7.42193e-04
4.23000e+00	3.60145e-02	7.41130e-04
4.24000e+00	3.62516e-02	7.40065e-04
4.25000e+00	3.64895e-02	7.39000e-04
4.26000e+00	3.67284e-02	7.37933e-04
4.27000e+00	3.69682e-02	7.36865e-04
4.28000e+00	3.72088e-02	7.35796e-04
4.29000e+00	3.74504e-02	7.34726e-04
4.30000e+00	3.76929e-02	7.33655e-04
4.31000e+00	3.79364e-02	7.32583e-04
4.32000e+00	3.81807e-02	7.31510e-04
4.33000e+00	3.84259e-02	7.30436e-04
4.34000e+00	3.86720e-02	7.29361e-04
4.35000e+00	3.89191e-02	7.28285e-04
4.36000e+00	3.91670e-02	7.27208e-04
4.37000e+00	3.94159e-02	7.26129e-04
4.38000e+00	3.96657e-02	7.25050e-04
4.39000e+00	3.99164e-02	7.23970e-04
4.40000e+00	4.01680e-02	7.22889e-04
4.41000e+00	4.04205e-02	7.21807e-04
4.42000e+00	4.06739e-02	7.20723e-04
4.43000e+00	4.09282e-02	7.19639e-04
4.44000e+00	4.11835e-02	7.18554e-04
4.45000e+00	4.14396e-02	7.17468e-04
4.46000e+00	4.16967e-02	7.16382e-04
4.47000e+00	4.19546e-02	7.15294e-04
4.48000e+00	4.22135e-02	7.14205e-04
4.49000e+00	4.24733e-02	7.13115e-04
4.50000e+00	4.27340e-02	7.12025e-04
4.51000e+00	4.29956e-02	7.10933e-04
4.52000e+00	4.32582e-02	7.09841e-04
4.53000e+00	4.35216e-02	7.08748e-04
4.54000e+00	4.37859e-02	7.07654e-04
4.55000e+00	4.40512e-02	7.06559e-04
4.56000e+00	4.43174e-02	7.05463e-04
4.57000e+00	4.45845e-02	7.04367e-04
4.58000e+00	4.48524e-02	7.03269e-04
4.59000e+00	4.51214e-02	7.02171e-04
4.60000e+00	4.53912e-02	7.01072e-04
4.61000e+00	4.56619e-02	6.99972e-04
4.62000e+00	4.59335e-02	6.98872e-04
4.63000e+00	4.62061e-02	6.97770e-04
4.64000e+00	4.64795e-02	6.96668e-04
4.65000e+00	4.67539e-02	6.95565e-04
4.66000e+00	4.70292e-02	6.94461e-04
4.67000e+00	4.73054e-02	6.93357e-04
4.68000e+00	4.75825e-02	6.92252e-04
4.69000e+00	4.78605e-02	6.91146e-04
4.70000e+00	4.81394e-02	6.90039e-04
4.71000e+00	4.84192e-02	6.88931e-04
4.72000e+00	4.87000e-02	6.87823e-04
4.73000e+00	4.89816e-02	6.86714e-04
4.74000e+00	4.92641e-02	6.85605e-04
4.75000e+00	4.95476e-02	6.84495e-04
4.76000e+00	4.98320e-02	6.83384e-04
4.77000e+00	5.01173e-02	6.82272e-04
4.78000e+00	5.04034e-02	6.81160e-04
4.79000e+00	5.06905e-02	6.80047e-04
4.80000e+00	5.09785e-02	6.78933e-04
4.81000e+00	5.12674e-02	6.77819e-04
4.82000e+00	5.15573e-02	6.76704e-04
4.83000e+00	5.18480e-02	6.75589e-04
4.84000e+00	5.21396e-02	6.74473e-04
4.85000e+00	5.24321e-02	6.73356e-04
4.86000e+00	5.27256e-02	6.72239e-04
4.87000e+00	5.30199e-02	6.71121e-04
4.88000e+00	5.33152e-02	6.70002e-04
4.89000e+00	5.36113e-02	6.68883e-04
4.90000e+00	5.39084e-02	6.67764e-04
4.91000e+00	5.42063e-02	6.66644e-04
4.92000e+00	5.45052e-02	6.65523e-04
4.93000e+00	5.48049e-02	6.64402e-04
4.94000e+00	5.51056e-02	6.63280e-04
4.95000e+00	5.54072e-02	6.62158e-04
4.96000e+00	5.57096e-02	6.61035e-04
4.97000e+00	5.60130e-02	6.59911e-04
4.98000e+00	5.63173e-02	6.58788e-04
4.99000e+00	5.66225e-02	6.57663e-04
5.00000e+00	5.69285e-02	6.56538e-04
5.01000e+00	5.72355e-02	6.55413e-04
5.02000e+00	5.75434e-02	6.54287e-04
5.03000e+00	5.78521e-02	6.53161e-04
5.04000e+00	5.81618e-02	6.52034e-04
5.05000e+00	5.84723e-02	6.50907e-04
5.06000e+00	5.87838e-02	6.49780e-04
5.07000e+00	5.90961e-02	6.48652e-04
5.08000e+00	5.94094e-02	6.47523e-04
5.09000e+00	5.97235e-02	6.46395e-04
5.10000e+00	6.00385e-02	6.45265e-04
5.11000e+00	6.03545e-02	6.44136e-04
5.12000e+00	6.06713e-02	6.43006e-04
5.13000e+00	6.09890e-02	6.41875e-04
5.14000e+00	6.13076e-02	6.40745e-04
5.15000e+00	6.16271e-02	6.39614e-04
5.16000e+00	6.19475e-02	6.38482e-04
5.17000e+00	6.22687e-02	6.37350e-04
5.18000e+00	6.25909e-02	6.36218e-04
5.19000e+00	6.29139e-02	6.35086e-04
5.20000e+00	6.32379e-02	6.33953e-04
5.21000e+00	6.35627e-02	6.32820e-04
5.22000e+00	6.38884e-02	6.31686e-04
5.23000e+00	6.42150e-02	6.30552e-04
5.24000e+00	6.45425e-02	6.29418e-04
5.25000e+00	6.48708e-02	6.28284e-04
5.26000e+00	6.52001e-02	6.27150e-04
5.27000e+00	6.55302e-02	6.26015e-04
5.28000e+00	6.58612e-02	6.24880e-04
5.29000e+00	6.61931e-02	6.23744e-04
5.30000e+00	6.65259e-02	6.22609e-04
5.31000e+00	6.68595e-02	6.21473e-04
5.32000e+00	6.71940e-02	6.20337e-04
5.33000e+00	6.75294e-02	6.19200e-04
5.34000e+00	6.78657e-02	6.18064e-04
5.35000e+00	6.82029e-02	6.16927e-04
5.36000e+00	6.85409e-02	6.15790e-04
5.37000e+00	6.88798e-02	6.14653e-04
5.38000e+00	6.92196e-02	6.13516e-04
5.39000e+00	6.95602e-02	6.12378e-04
5.40000e+00	6.99017e-02	6.11241e-04
5.41000e+00	7.02441e-02	6.10103e-04
5.42000e+00	7.05874e-02	6.08965e-04
5.43000e+00	7.09315e-02	6.07827e-04
5.44000e+00	7.12765e-02	6.06689e-04
5.45000e+00	7.16224e-02	6.05550e-04
5.46000e+00	7.19691e-02	6.04412e-04
5.47000e+00	7.23167e-02	6.03273e-04
5.48000e+00	7.26651e-02	6.02135e-04
5.49000e+00	7.30144e-02	6.00996e-04
5.50000e+00	7.33646e-02	5.99857e-04
5.51000e+00	7.37157e-02	5.98718e-04
5.52000e+00	7.40676e-02	5.97579e-04
5.53000e+00	7.44203e-02	5.96440e-04
5.54000e+00	7.47739e-02	5.95301e-04
5.55000e+00	7.51284e-02	5.94162e-04
5.56000e+00	7.54837e-02	5.93023e-04
5.57000e+00	7.58399e-02	5.91883e-04
5.58000e+00	7.61969e-02	5.90744e-04
5.59000e+00	7.65548e-02	5.89605e-04
5.60000e+00	7.69136e-02	5.88465e-04
5.61000e+00	7.72732e-02	5.87326e-04
5.62000e+00	7.76336e-02	5.86187e-04
5.63000e+00	7.79949e-02	5.85047e-04
5.64000e+00	7.83570e-02	5.83908e-04
5.65000e+00	7.87200e-02	5.82769e-04
5.66000e+00	7.90838e-02	5.81630e-04
5.67000e+00	7.94485e-02	5.80491e-04
5.68000e+00	7.98140e-02	5.79351e-04
5.69000e+00	8.01803e-02	5.78212e-04
5.70000e+00	8.05475e-02	5.77073e-04
5.71000e+00	8.09155e-02	5.75934e-04
5.72000e+00	8.12844e-02	5.74795e-04
5.73000e+00	8.16541e-02	5.73657e-04
5.74000e+00	8.20246e-02	5.72518e-04
5.75000e+00	8.23960e-02	5.71379e-04
5.76000e+00	8.27682e-02	5.70241e-04
5.77000e+00	8.31412e-02	5.69103e-04
5.78000e+00	8.35151e-02	5.67964e-04
5.79000e+00	8.38898e-02	5.66826e-04
5.80000e+00	8.42653e-02	5.65688e-04
5.81000e+00	8.46416e-02	5.64551e-04
5.82000e+00	8.50188e-02	5.63413e-04
5.83000e+00	8.53968e-02	5.62275e-04
5.84000e+00	8.57756e-02	5.61138e-04
5.85000e+00	8.61553e-02	5.60001e-04
5.86000e+00	8.65357e-02	5.58864e-04
5.87000e+00	8.69170e-02	5.57727e-04
5.88000e+00	8.72991e-02	5.56590e-04
5.89000e+00	8.76820e-02	5.55454e-04
5.90000e+00	8.80657e-02	5.54318e-04
5.91000e+00	8.84502e-02	5.53182e-04
5.92000e+00	8.88356e-02	5.52046e-04
5.93000e+00	8.92217e-02	5.50911e-04
5.94000e+00	8.96087e-02	5.49775e-04
5.95000e+00	8.99964e-02	5.48640e-04
5.96000e+00	9.03850e-02	5.47506e-04
5.97000e+00	9.07744e-02	5.46371e-04
5.98000e+00	9.11646e-02	5.45237e-04
5.99000e+00	9.15556e-02	5.44103e-04
6.00000e+00	9.19473e-02	5.42969e-04
6.01000e+00	9.23399e-02	5.41836e-04
6.02000e+00	9.27333e-02	5.40703e-04
6.03000e+00	9.31275e-02	5.39570e-04
6.04000e+00	9.35224e-02	5.38438e-04
6.05000e+00	9.39182e-02	5.37305e-04
6.06000e+00	9.43147e-02	5.36174e-04
6.07000e+00	9.47121e-02	5.35042e-04
6.08000e+00	9.51102e-02	5.33911e-04
6.09000e+00	9.55091e-02	5.32780e-04
6.10000e+00	9.59088e-02	5.31650e-04
6.11000e+00	9.63093e-02	5.30519e-04
6.12000e+00	9.67106e-02	5.29390e-04
6.13000e+00	9.71126e-02	5.28260e-04
6.14000e+00	9.75154e-02	5.27131e-04
6.15000e+00	9.79190e-02	5.26003e-04
6.16000e+00	9.83234e-02	5.24875e-04
6.17000e+00	9.87285e-02	5.23747e-04
6.18000e+00	9.91345e-02	5.22619e-04
6.19000e+00	9.95412e-02	5.21492e-04
6.20000e+00	9.99486e-02	5.20366e-04
6.21000e+00	1.00357e-01	5.19240e-04
6.22000e+00	1.00766e-01	5.18114e-04
6.23000e+00	1.01176e-01	5.16989e-04
6.24000e+00	1.01586e-01	5.15864e-04
6.25000e+00	1.01997e-01	5.14740e-04
6.26000e+00	1.02409e-01	5.13616e-04
6.27000e+00	1.02822e-01	5.12492e-04
6.28000e+00	1.03236e-01	5.11369e-04
6.29000e+00	1.03650e-01	5.10247e-04
6.30000e+00	1.04065e-01	5.09125e-04
6.31000e+00	1.04481e-01	5.08003e-04
6.32000e+00	1.04897e-01	5.06882e-04
6.33000e+00	1.05315e-01	5.05762e-04
6.34000e+00	1.05733e-01	5.04642e-04
6.35000e+00	1.06152e-01	5.03523e-04
6.36000e+00	1.06571e-01	5.02404e-04
6.37000e+00	1.06991e-01	5.01285e-04
6.38000e+00	1.07412e-01	5.00167e-04
6.39000e+00	1.07834e-01	4.99050e-04
6.40000e+00	1.08257e-01	4.97933e-04
6.41000e+00	1.08680e-01	4.96817e-04
6.42000e+00	1.09104e-01	4.95702e-04
6.43000e+00	1.09528e-01	4.94587e-04
6.44000e+00	1.09954e-01	4.93472e-04
6.45000e+00	1.10380e-01	4.92358e-04
6.46000e+00	1.10807e-01	4.91245e-04
6.47000e+00	1.11234e-01	4.90132e-04
6.48000e+00	1.11663e-01	4.89020e-04
6.49000e+00	1.12092e-01	4.87909e-04
6.50000e+00	1.12521e-01	4.86798e-04
6.51000e+00	1.12952e-01	4.85688e-04
6.52000e+00	1.13383e-01	4.84578e-04
6.53000e+00	1.13815e-01	4.83469e-04
6.54000e+00	1.14248e-01	4.82361e-04
6.55000e+00	1.14681e-01	4.81253e-04
6.56000e+00	1.15115e-01	4.80146e-04
6.57000e+00	1.15549e-01	4.79040e-04
6.58000e+00	1.15985e-01	4.77934e-04
6.59000e+00	1.16421e-01	4.76829e-04
6.60000e+00	1.16858e-01	4.75725e-04
6.61000e+00	1.17295e-01	4.74621e-04
6.62000e+00	1.17733e-01	4.73518e-04
6.63000e+00	1.18172e-01	4.72416e-04
6.64000e+00	1.18612e-01	4.71314e-04
6.65000e+00	1.19052e-01	4.70213e-04
6.66000e+00	1.19493e-01	4.69113e-04
6.67000e+00	1.19935e-01	4.68014e-04
6.68000e+00	1.20377e-01	4.66915e-04
6.69000e+00	1.20820e-01	4.65817e-04
6.70000e+00	1.21263e-01	4.64720e-04
6.71000e+00	1.21708e-01	4.63624e-04
6.72000e+00	1.22153e-01	4.62528e-04
6.73000e+00	1.22598e-01	4.61433e-04
6.74000e+00	1.23045e-01	4.60339e-04
6.75000e+00	1.23492e-01	4.59245e-04
6.76000e+00	1.23939e-01	4.58153e-04
6.77000e+00	1.24388e-01	4.57061e-04
6.78000e+00	1.24837e-01	4.55970e-04
6.79000e+00	1.25286e-01	4.54880e-04
6.80000e+00	1.25737e-01	4.53790e-04
6.81000e+00	1.26188e-01	4.52701e-04
6.82000e+00	1.26639e-01	4.51613e-04
6.83000e+00	1.27092e-01	4.50526e-04
6.84000e+00	1.27545e-01	4.49440e-04
6.85000e+00	1.27998e-01	4.48355e-04
6.86000e+00	1.28452e-01	4.47270e-04
6.87000e+00	1.28907e-01	4.46186e-04
6.88000e+00	1.29363e-01	4.45104e-04
6.89000e+00	1.29819e-01	4.44021e-04
6.90000e+00	1.30275e-01	4.42940e-04
6.91000e+00	1.30733e-01	4.41860e-04
6.92000e+00	1.31191e-01	4.40780e-04
6.93000e+00	1.31650e-01	4.39702e-04
6.94000e+00	1.32109e-01	4.38624e-04
6.95000e+00	1.32569e-01	4.37547e-04
6.96000e+00	1.33029e-01	4.36471e-04
6.97000e+00	1.33490e-01	4.35396e-04
6.98000e+00	1.33952e-01	4.34322e-04
6.99000e+00	1.34415e-01	4.33249e-04
7.00000e+00	1.34878e-01	4.32177e-04
7.01000e+00	1.35341e-01	4.31105e-04
7.02000e+00	1.35805e-01	4.30035e-04
7.03000e+00	1.36270e-01	4.28965e-04
7.04000e+00	1.36736e-01	4.27896e-04
7.05000e+00	1.37202e-01	4.26829e-04
7.06000e+00	1.37668e-01	4.25762e-04
7.07000e+00	1.38136e-01	4.24696e-04
7.08000e+00	1.38603e-01	4.23631e-04
7.09000e+00	1.39072e-01	4.22567e-04
7.10000e+00	1.39541e-01	4.21504e-04
7.11000e+00	1.40010e-01	4.20442e-04
7.12000e+00	1.40481e-01	4.19381e-04
7.13000e+00	1.40951e-01	4.18321e-04
7.14000e+00	1.41423e-01	4.17262e-04
7.15000e+00	1.41895e-01	4.16204e-04
7.16000e+00	1.42367e-01	4.15147e-04
7.17000e+00	1.42840e-01	4.14091e-04
7.18000e+00	1.43314e-01	4.13036e-04
7.19000e+00	1.43788e-01	4.11982e-04
7.20000e+00	1.44263e-01	4.10929e-04
7.21000e+00	1.44738e-01	4.09877e-04
7.22000e+00	1.45214e-01	4.08826e-04
7.23000e+00	1.45691e-01	4.07776e-04
7.24000e+00	1.46168e-01	4.06727e-04
7.25000e+00	1.46645e-01	4.05679e-04
7.26000e+00	1.47124e-01	4.04632e-04
7.27000e+00	1.47602e-01	4.03586e-04
7.28000e+00	1.48081e-01	4.02541e-04
7.29000e+00	1.48561e-01	4.01497e-04
7.30000e+00	1.49042e-01	4.00455e-04
7.31000e+00	1.49523e-01	3.99413e-04
7.32000e+00	1.50004e-01	3.98373e-04
7.33000e+00	1.50486e-01	3.97333e-04
7.34000e+00	1.50968e-01	3.96295e-04
7.35000e+00	1.51451e-01	3.95257e-04
7.36000e+00	1.51935e-01	3.94221e-04
7.37000e+00	1.52419e-01	3.93186e-04
7.38000e+00	1.52904e-01	3.92152e-04
7.39000e+00	1.53389e-01	3.91119e-04
7.40000e+00	1.53875e-01	3.90087e-04
7.41000e+00	1.54361e-01	3.89057e-04
7.42000e+00	1.54847e-01	3.88027e-04
7.43000e+00	1.55335e-01	3.86999e-04
7.44000e+00	1.55822e-01	3.85971e-04
7.45000e+00	1.56311e-01	3.84945e-04
7.46000e+00	1.56799e-01	3.83920e-04
7.47000e+00	1.57289e-01	3.82896e-04
7.48000e+00	1.57778e-01	3.81873e-04
7.49000e+00	1.58269e-01	3.80852e-04
7.50000e+00	1.58759e-01	3.79831e-04
7.51000e+00	1.59251e-01	3.78812e-04
7.52000e+00	1.59742e-01	3.77794e-04
7.53000e+00	1.60234e-01	3.76777e-04
7.54000e+00	1.60727e-01	3.75761e-04
7.55000e+00	1.61220e-01	3.74746e-04
7.56000e+00	1.61714e-01	3.73733e-04
7.57000e+00	1.62208e-01	3.72720e-04
7.58000e+00	1.62703e-01	3.71709e-04
7.59000e+00	1.63198e-01	3.70699e-04
7.60000e+00	1.63693e-01	3.69691e-04
7.61000e+00	1.64189e-01	3.68683e-04
7.62000e+00	1.64686e-01	3.67677e-04
7.63000e+00	1.65183e-01	3.66672e-04
7.64000e+00	1.65680e-01	3.65668e-04
7.65000e+00	1.66178e-01	3.64665e-04
7.66000e+00	1.66676e-01	3.63663e-04
7.67000e+00	1.67175e-01	3.62663e-04
7.68000e+00	1.67675e-01	3.61664e-04
7.69000e+00	1.68174e-01	3.60666e-04
7.70000e+00	1.68674e-01	3.59670e-04
7.71000e+00	1.69175e-01	3.58675e-04
7.72000e+00	1.69676e-01	3.57680e-04
7.73000e+00	1.70177e-01	3.56688e-04
7.74000e+00	1.70679e-01	3.55696e-04
7.75000e+00	1.71182e-01	3.54706e-04
7.76000e+00	1.71684e-01	3.53717e-04
7.77000e+00	1.72187e-01	3.52729e-04
7.78000e+00	1.72691e-01	3.51742e-04
7.79000e+00	1.73195e-01	3.50757e-04
7.80000e+00	1.73700e-01	3.49773e-04
7.81000e+00	1.74204e-01	3.48790e-04
7.82000e+00	1.74710e-01	3.47809e-04
7.83000e+00	1.75215e-01	3.46829e-04
7.84000e+00	1.75721e-01	3.45850e-04
7.85000e+00	1.76228e-01	3.44872e-04
7.86000e+00	1.76735e-01	3.43896e-04
7.87000e+00	1.77242e-01	3.42921e-04
7.88000e+00	1.77750e-01	3.41947e-04
7.89000e+00	1.78258e-01	3.40975e-04
7.90000e+00	1.78766e-01	3.40004e-04
7.91000e+00	1.79275e-01	3.39034e-04
7.92000e+00	1.79785e-01	3.38066e-04
7.93000e+00	1.80294e-01	3.37099e-04
7.94000e+00	1.80804e-01	3.36133e-04
7.95000e+00	1.81315e-01	3.35168e-04
7.96000e+00	1.81825e-01	3.34205e-04
7.97000e+00	1.82337e-01	3.33243e-04
7.98000e+00	1.82848e-01	3.32283e-04
7.99000e+00	1.83360e-01	3.31324e-04
8.00000e+00	1.83872e-01	3.30366e-04
8.01000e+00	1.84385e-01	3.29410e-04
8.02000e+00	1.84898e-01	3.28454e-04
8.03000e+00	1.85411e-01	3.27501e-04
8.04000e+00	1.85925e-01	3.26548e-04
8.05000e+00	1.86439e-01	3.25597e-04
8.06000e+00	1.86953e-01	3.24648e-04
8.07000e+00	1.87468e-01	3.23699e-04
8.08000e+00	1.87983e-01	3.22752e-04
8.09000e+00	1.88499e-01	3.21807e-04
8.10000e+00	1.89015e-01	3.20863e-04
8.11000e+00	1.89531e-01	3.19920e-04
8.12000e+00	1.90047e-01	3.18979e-04
8.13000e+00	1.90564e-01	3.18038e-04
8.14000e+00	1.91081e-01	3.17100e-04
8.15000e+00	1.91599e-01	3.16163e-04
8.16000e+00	1.92116e-01	3.15227e-04
8.17000e+00	1.92634e-01	3.14292e-04
8.18000e+00	1.93153e-01	3.13359e-04
8.19000e+00	1.93671e-01	3.12428e-04
8.20000e+00	1.94191e-01	3.11497e-04
8.21000e+00	1.94710e-01	3.10568e-04
8.22000e+00	1.95230e-01	3.09641e-04
8.23000e+00	1.95749e-01	3.08715e-04
8.24000e+00	1.96270e-01	3.07790e-04
8.25000e+00	1.96790e-01	3.06867e-04
8.26000e+00	1.97311e-01	3.05945e-04
8.27000e+00	1.97832e-01	3.05025e-04
8.28000e+00	1.98354e-01	3.04106e-04
8.29000e+00	1.98875e-01	3.03189e-04
8.30000e+00	1.99397e-01	3.02273e-04
8.31000e+00	1.99920e-01	3.01358e-04
8.32000e+00	2.00442e-01	3.00445e-04
8.33000e+00	2.00965e-01	2.99533e-04
8.34000e+00	2.01488e-01	2.98623e-04
8.35000e+00	2.02012e-01	2.97714e-04
8.36000e+00	2.02535e-01	2.96807e-04
8.37000e+00	2.03059e-01	2.95901e-04
8.38000e+00	2.03583e-01	2.94996e-04
8.39000e+00	2.04108e-01	2.94093e-04
8.40000e+00	2.04633e-01	2.93192e-04
8.41000e+00	2.05158e-01	2.92292e-04
8.42000e+00	2.05683e-01	2.91393e-04
8.43000e+00	2.06208e-01	2.90496e-04
8.44000e+00	2.06734e-01	2.89600e-04
8.45000e+00	2.07260e-01	2.88706e-04
8.46000e+00	2.07786e-01	2.87813e-04
8.47000e+00	2.08313e-01	2.86922e-04
8.48000e+00	2.08839e-01	2.86032e-04
8.49000e+00	2.09366e-01	2.85144e-04
8.50000e+00	2.09893e-01	2.84257e-04
8.51000e+00	2.10421e-01	2.83371e-04
8.52000e+00	2.10948e-01	2.82487e-04
8.53000e+00	2.11476e-01	2.81605e-04
8.54000e+00	2.12004e-01	2.80724e-04
8.55000e+00	2.12532e-01	2.79845e-04
8.56000e+00	2.13061e-01	2.78967e-04
8.57000e+00	2.13589e-01	2.78090e-04
8.58000e+00	2.14118e-01	2.77215e-04
8.59000e+00	2.14647e-01	2.76342e-04
8.60000e+00	2.15177e-01	2.75470e-04
8.61000e+00	2.15706e-01	2.74600e-04
8.62000e+00	2.16236e-01	2.73731e-04
8.63000e+00	2.16766e-01	2.72863e-04
8.64000e+00	2.17296e-01	2.71998e-04
8.65000e+00	2.17826e-01	2.71133e-04
8.66000e+00	2.18356e-01	2.70270e-04
8.67000e+00	2.18887e-01	2.69409e-04
8.68000e+00	2.19418e-01	2.68549e-04
8.69000e+00	2.19949e-01	2.67691e-04
8.70000e+00	2.20480e-01	2.66834e-04
8.71000e+00	2.21011e-01	2.65979e-04
8.72000e+00	2.21542e-01	2.65125e-04
8.73000e+00	2.22074e-01	2.64273e-04
8.74000e+00	2.22606e-01	2.63422e-04
8.75000e+00	2.23138e-01	2.62573e-04
8.76000e+00	2.23670e-01	2.61726e-04
8.77000e+00	2.24202e-01	2.60880e-04
8.78000e+00	2.24735e-01	2.60035e-04
8.79000e+00	2.25267e-01	2.59192e-04
8.80000e+00	2.25800e-01	2.58351e-04
8.81000e+00	2.26333e-01	2.57511e-04
8.82000e+00	2.26866e-01	2.56672e-04
8.83000e+00	2.27399e-01	2.55836e-04
8.84000e+00	2.27932e-01	2.55000e-04
8.85000e+00	2.28466e-01	2.54167e-04
8.86000e+00	2.28999e-01	2.53335e-04
8.87000e+00	2.29533e-01	2.52504e-04
8.88000e+00	2.30067e-01	2.51675e-04
8.89000e+00	2.30600e-01	2.50847e-04
8.90000e+00	2.31134e-01	2.50021e-04
8.91000e+00	2.31669e-01	2.49197e-04
8.92000e+00	2.32203e-01	2.48374e-04
8.93000e+00	2.32737e-01	2.47553e-04
8.94000e+00	2.33272e-01	2.46733e-04
8.95000e+00	2.33806e-01	2.45915e-04
8.96000e+00	2.34341e-01	2.45099e-04
8.97000e+00	2.34876e-01	2.44284e-04
8.98000e+00	2.35410e-01	2.43470e-04
8.99000e+00	2.35945e-01	2.42658e-04
9.00000e+00	2.36480e-01	2.41848e-04
9.01000e+00	2.37015e-01	2.41039e-04
9.02000e+00	2.37551e-01	2.40232e-04
9.03000e+00	2.38086e-01	2.39426e-04
9.04000e+00	2.38621e-01	2.38622e-04
9.05000e+00	2.39157e-01	2.37820e-04
9.06000e+00	2.39692e-01	2.37019e-04
9.07000e+00	2.40228e-01	2.36220e-04
9.08000e+00	2.40763e-01	2.35422e-04
9.09000e+00	2.41299e-01	2.34626e-04
9.10000e+00	2.41835e-01	2.33832e-04
9.11000e+00	2.42371e-01	2.33039e-04
9.12000e+00	2.42907e-01	2.32247e-04
9.13000e+00	2.43443e-01	2.31457e-04
9.14000e+00	2.43978e-01	2.30669e-04
9.15000e+00	2.44515e-01	2.29883e-04
9.16000e+00	2.45051e-01	2.29098e-04
9.17000e+00	2.45587e-01	2.28314e-04
9.18000e+00	2.46123e-01	2.27532e-04
9.19000e+00	2.46659e-01	2.26752e-04
9.20000e+00	2.47195e-01	2.25973e-04
9.21000e+00	2.47731e-01	2.25196e-04
9.22000e+00	2.48268e-01	2.24421e-04
9.23000e+00	2.48804e-01	2.23647e-04
9.24000e+00	2.49340e-01	2.22875e-04
9.25000e+00	2.49877e-01	2.22104e-04
9.26000e+00	2.50413e-01	2.21335e-04
9.27000e+00	2.50949e-01	2.20567e-04
9.28000e+00	2.51486e-01	2.19801e-04
9.29000e+00	2.52022e-01	2.19037e-04
9.30000e+00	2.52559e-01	2.18274e-04
9.31000e+00	2.53095e-01	2.17513e-04
9.32000e+00	2.53631e-01	2.16754e-04
9.33000e+00	2.54168e-01	2.15996e-04
9.34000e+00	2.54704e-01	2.15240e-04
9.35000e+00	2.55240e-01	2.14485e-04
9.36000e+00	2.55777e-01	2.13732e-04
9.37000e+00	2.56313e-01	2.12980e-04
9.38000e+00	2.56849e-01	2.12230e-04
9.39000e+00	2.57386e-01	2.11482e-04
9.40000e+00	2.57922e-01	2.10735e-04
9.41000e+00	2.58458e-01	2.09990e-04
9.42000e+00	2.58994e-01	2.09247e-04
9.43000e+00	2.59531e-01	2.08505e-04
9.44000e+00	2.60067e-01	2.07765e-04
9.45000e+00	2.60603e-01	2.07026e-04
9.46000e+00	2.61139e-01	2.06289e-04
9.47000e+00	2.61675e-01	2.05554e-04
9.48000e+00	2.62211e-01	2.04820e-04
9.49000e+00	2.62747e-01	2.04088e-04
9.50000e+00	2.63283e-01	2.03357e-04
9.51000e+00	2.63819e-01	2.02628e-04
9.52000e+00	2.64354e-01	2.01900e-04
9.53000e+00	2.64890e-01	2.01175e-04
9.54000e+00	2.65426e-01	2.00451e-04
9.55000e+00	2.65961e-01	1.99728e-04
9.56000e+00	2.66497e-01	1.99007e-04
9.57000e+00	2.67032e-01	1.98288e-04
9.58000e+00	2.67568e-01	1.97570e-04
9.59000e+00	2.68103e-01	1.96854e-04
9.60000e+00	2.68638e-01	1.96139e-04
9.61000e+00	2.69173e-01	1.95426e-04
9.62000e+00	2.69708e-01	1.94715e-04
9.63000e+00	2.70243e-01	1.94006e-04
9.64000e+00	2.70778e-01	1.93297e-04
9.65000e+00	2.71313e-01	1.92591e-04
9.66000e+00	2.71848e-01	1.91886e-04
9.67000e+00	2.72382e-01	1.91183e-04
9.68000e+00	2.72917e-01	1.90481e-04
9.69000e+00	2.73451e-01	1.89781e-04
9.70000e+00	2.73986e-01	1.89083e-04
9.71000e+00	2.74520e-01	1.88386e-04
9.72000e+00	2.75054e-01	1.87691e-04
9.73000e+00	2.75588e-01	1.86998e-04
9.74000e+00	2.76121e-01	1.86306e-04
9.75000e+00	2.76655e-01	1.85615e-04
9.76000e+00	2.77189e-01	1.84927e-04
9.77000e+00	2.77722e-01	1.84240e-04
9.78000e+00	2.78256e-01	1.83554e-04
9.79000e+00	2.78789e-01	1.82870e-04
9.80000e+00	2.79322e-01	1.82188e-04
9.81000e+00	2.79855e-01	1.81507e-04
9.82000e+00	2.80388e-01	1.80828e-04
9.83000e+00	2.80920e-01	1.80151e-04
9.84000e+00	2.81453e-01	1.79475e-04
9.85000e+00	2.81985e-01	1.78801e-04
9.86000e+00	2.82517e-01	1.78128e-04
9.87000e+00	2.83049e-01	1.77457e-04
9.88000e+00	2.83581e-01	1.76788e-04
9.89000e+00	2.84113e-01	1.76120e-04
9.90000e+00	2.84644e-01	1.75454e-04
9.91000e+00	2.85176e-01	1.74789e-04
9.92000e+00	2.85707e-01	1.74127e-04
9.93000e+00	2.86238e-01	1.73465e-04
9.94000e+00	2.86769e-01	1.72806e-04
9.95000e+00	2.87300e-01	1.72147e-04
9.96000e+00	2.87830e-01	1.71491e-04
9.97000e+00	2.88361e-01	1.70836e-04
9.98000e+00	2.88891e-01	1.70183e-04
9.99000e+00	2.89421e-01	1.69531e-04
1.00000e+01	2.89951e-01	1.68881e-04
1.00100e+01	2.90480e-01	1.68233e-04
1.00200e+01	2.91010e-01	1.67586e-04
1.00300e+01	2.91539e-01	1.66940e-04
1.00400e+01	2.92068e-01	1.66297e-04
1.00500e+01	2.92597e-01	1.65655e-04
1.00600e+01	2.93126e-01	1.65014e-04
1.00700e+01	2.93654e-01	1.64375e-04
1.00800e+01	2.94182e-01	1.63738e-04
1.00900e+01	2.94710e-01	1.63103e-04
1.01000e+01	2.95238e-01	1.62469e-04
1.01100e+01	2.95766e-01	1.61836e-04
1.01200e+01	2.96293e-01	1.61205e-04
1.01300e+01	2.96820e-01	1.60576e-04
1.01400e+01	2.97347e-01	1.59948e-04
1.01500e+01	2.97874e-01	1.59322e-04
1.01600e+01	2.98400e-01	1.58698e-04
1.01700e+01	2.98926e-01	1.58075e-04
1.01800e+01	2.99452e-01	1.57454e-04
1.01900e+01	2.99978e-01	1.56834e-04
1.02000e+01	3.00504e-01	1.56216e-04
1.02100e+01	3.01029e-01	1.55599e-04
1.02200e+01	3.01554e-01	1.54985e-04
1.02300e+01	3.02079e-01	1.54371e-04
1.02400e+01	3.02603e-01	1.53760e-04
1.02500e+01	3.03127e-01	1.53149e-04
1.02600e+01	3.03651e-01	1.52541e-04
1.02700e+01	3.04175e-01	1.51934e-04
1.02800e+01	3.04699e-01	1.51329e-04
1.02900e+01	3.05222e-01	1.50725e-04
1.03000e+01	3.05745e-01	1.50123e-04
1.03100e+01	3.06267e-01	1.49522e-04
1.03200e+01	3.06790e-01	1.48923e-04
1.03300e+01	3.07312e-01	1.48326e-04
1.03400e+01	3.07834e-01	1.47730e-04
1.03500e+01	3.08355e-01	1.47135e-04
1.03600e+01	3.08877e-01	1.46543e-04
1.03700e+01	3.09398e-01	1.45952e-04
1.03800e+01	3.09919e-01	1.45362e-04
1.03900e+01	3.10439e-01	1.44774e-04
1.04000e+01	3.10959e-01	1.44188e-04
1.04100e+01	3.11479e-01	1.43603e-04
1.04200e+01	3.11999e-01	1.43020e-04
1.04300e+01	3.12518e-01	1.42438e-04
1.04400e+01	3.13037e-01	1.41858e-04
1.04500e+01	3.13555e-01	1.41279e-04
1.04600e+01	3.14074e-01	1.40702e-04
1.04700e+01	3.14592e-01	1.40127e-04
1.04800e+01	3.15110e-01	1.39553e-04
1.04900e+01	3.15627e-01	1.38981e-04
1.05000e+01	3.16144e-01	1.38410e-04
1.05100e+01	3.16661e-01	1.37841e-04
1.05200e+01	3.17177e-01	1.37273e-04
1.05300e+01	3.17693e-01	1.36707e-04
1.05400e+01	3.18209e-01	1.36143e-04
1.05500e+01	3.18725e-01	1.35580e-04
1.05600e+01	3.19240e-01	1.35019e-04
1.05700e+01	3.19755e-01	1.34459e-04
1.05800e+01	3.20269e-01	1.33901e-04
1.05900e+01	3.20783e-01	1.33344e-04
1.06000e+01	3.21297e-01	1.32789e-04
1.06100e+01	3.21810e-01	1.32235e-04
1.06200e+01	3.22324e-01	1.31683e-04
1.06300e+01	3.22836e-01	1.31133e-04
1.06400e+01	3.23349e-01	1.30584e-04
1.06500e+01	3.23861e-01	1.30037e-04
1.06600e+01	3.24372e-01	1.29491e-04
1.06700e+01	3.24884e-01	1.28946e-04
1.06800e+01	3.25395e-01	1.28404e-04
1.06900e+01	3.25905e-01	1.27862e-04
1.07000e+01	3.26416e-01	1.27323e-04
1.07100e+01	3.26925e-01	1.26785e-04
1.07200e+01	3.27435e-01	1.26248e-04
1.07300e+01	3.27944e-01	1.25713e-04
1.07400e+01	3.28453e-01	1.25179e-04
1.07500e+01	3.28961e-01	1.24647e-04
1.07600e+01	3.29469e-01	1.24117e-04
1.07700e+01	3.29977e-01	1.23588e-04
1.07800e+01	3.30484e-01	1.23061e-04
1.07900e+01	3.30991e-01	1.22535e-04
1.08000e+01	3.31497e-01	1.22010e-04
1.08100e+01	3.32003e-01	1.21487e-04
1.08200e+01	3.32509e-01	1.20966e-04
1.08300e+01	3.33014e-01	1.20446e-04
1.08400e+01	3.33519e-01	1.19928e-04
1.08500e+01	3.34024e-01	1.19411e-04
1.08600e+01	3.34528e-01	1.18896e-04
1.08700e+01	3.35031e-01	1.18382e-04
1.08800e+01	3.35535e-01	1.17870e-04
1.08900e+01	3.36037e-01	1.17359e-04
1.09000e+01	3.36540e-01	1.16850e-04
1.09100e+01	3.37042e-01	1.16342e-04
1.09200e+01	3.37543e-01	1.15836e-04
1.09300e+01	3.38045e-01	1.15332e-04
1.09400e+01	3.38545e-01	1.14828e-04
1.09500e+01	3.39046e-01	1.14327e-04
1.09600e+01	3.39545e-01	1.13827e-04
1.09700e+01	3.40045e-01	1.13328e-04
1.09800e+01	3.40544e-01	1.12831e-04
1.09900e+01	3.41043e-01	1.12335e-04
1.10000e+01	3.41541e-01	1.11841e-04
1.10100e+01	3.42038e-01	1.11348e-04
1.10200e+01	3.42536e-01	1.10857e-04
1.10300e+01	3.43033e-01	1.10367e-04
1.10400e+01	3.43529e-01	1.09879e-04
1.10500e+01	3.44025e-01	1.09392e-04
1.10600e+01	3.44520e-01	1.08907e-04
1.10700e+01	3.45015e-01	1.08423e-04
1.10800e+01	3.45510e-01	1.07941e-04
1.10900e+01	3.46004e-01	1.07460e-04
1.11000e+01	3.46498e-01	1.06980e-04
1.11100e+01	3.46991e-01	1.06502e-04
1.11200e+01	3.47484e-01	1.06026e-04
1.11300e+01	3.47976e-01	1.05551e-04
1.11400e+01	3.48468e-01	1.05078e-04
1.11500e+01	3.48959e-01	1.04605e-04
1.11600e+01	3.49450e-01	1.04135e-04
1.11700e+01	3.49941e-01	1.03666e-04
1.11800e+01	3.50430e-01	1.03198e-04
1.11900e+01	3.50920e-01	1.02732e-04
1.12000e+01	3.51409e-01	1.02267e-04
1.12100e+01	3.51897e-01	1.01804e-04
1.12200e+01	3.52385e-01	1.01342e-04
1.12300e+01	3.52873e-01	1.00882e-04
1.12400e+01	3.53360e-01	1.00423e-04
1.12500e+01	3.53846e-01	9.99653e-05
1.12600e+01	3.54332e-01	9.95093e-05
1.12700e+01	3.54818e-01	9.90547e-05
1.12800e+01	3.55303e-01	9.86015e-05
1.12900e+01	3.55788e-01	9.81498e-05
1.13000e+01	3.56272e-01	9.76995e-05
1.13100e+01	3.56755e-01	9.72507e-05
1.13200e+01	3.57238e-01	9.68032e-05
1.13300e+01	3.57721e-01	9.63573e-05
1.13400e+01	3.58203e-01	9.59127e-05
1.13500e+01	3.58684e-01	9.54696e-05
1.13600e+01	3.59165e-01	9.50279e-05
1.13700e+01	3.59646e-01	9.45876e-05
1.13800e+01	3.60126e-01	9.41487e-05
1.13900e+01	3.60605e-01	9.37113e-05
1.14000e+01	3.61084e-01	9.32753e-05
1.14100e+01	3.61562e-01	9.28407e-05
1.14200e+01	3.62040e-01	9.24075e-05
1.14300e+01	3.62518e-01	9.19757e-05
1.14400e+01	3.62994e-01	9.15453e-05
1.14500e+01	3.63471e-01	9.11164e-05
1.14600e+01	3.63946e-01	9.06888e-05
1.14700e+01	3.64422e-01	9.02626e-05
1.14800e+01	3.64896e-01	8.98379e-05
1.14900e+01	3.65370e-01	8.94145e-05
1.15000e+01	3.65844e-01	8.89925e-05
1.15100e+01	3.66317e-01	8.85720e-05
1.15200e+01	3.66789e-01	8.81528e-05
1.15300e+01	3.67261e-01	8.77350e-05
1.15400e+01	3.67733e-01	8.73186e-05
1.15500e+01	3.68204e-01	8.69036e-05
1.15600e+01	3.68674e-01	8.64899e-05
1.15700e+01	3.69144e-01	8.60777e-05
1.15800e+01	3.69613e-01	8.56668e-05
1.15900e+01	3.70081e-01	8.52573e-05
1.16000e+01	3.70549e-01	8.48492e-05
1.16100e+01	3.71017e-01	8.44424e-05
1.16200e+01	3.71484e-01	8.40370e-05
1.16300e+01	3.71950e-01	8.36330e-05
1.16400e+01	3.72416e-01	8.32303e-05
1.16500e+01	3.72881e-01	8.28291e-05
1.16600e+01	3.73346e-01	8.24291e-05
1.16700e+01	3.73810e-01	8.20306e-05
1.16800e+01	3.74273e-01	8.16334e-05
1.16900e+01	3.74736e-01	8.12375e-05
1.17000e+01	3.75198e-01	8.08430e-05
1.17100e+01	3.75660e-01	8.04498e-05
1.17200e+01	3.76121e-01	8.00580e-05
1.17300e+01	3.76582e-01	7.96676e-05
1.17400e+01	3.77042e-01	7.92784e-05
1.17500e+01	3.77501e-01	7.88907e-05
1.17600e+01	3.77960e-01	7.85042e-05
1.17700e+01	3.78418e-01	7.81191e-05
1.17800e+01	3.78875e-01	7.77354e-05
1.17900e+01	3.79332e-01	7.73529e-05
1.18000e+01	3.79789e-01	7.69718e-05
1.18100e+01	3.80245e-01	7.65920e-05
1.18200e+01	3.80700e-01	7.62136e-05
1.18300e+01	3.81154e-01	7.58364e-05
1.18400e+01	3.81608e-01	7.54606e-05
1.18500e+01	3.82062e-01	7.50861e-05
1.18600e+01	3.82514e-01	7.47130e-05
1.18700e+01	3.82967e-01	7.43411e-05
1.18800e+01	3.83418e-01	7.39705e-05
1.18900e+01	3.83869e-01	7.36013e-05
1.19000e+01	3.84319e-01	7.32334e-05
1.19100e+01	3.84769e-01	7.28667e-05
1.19200e+01	3.85218e-01	7.25014e-05
1.19300e+01	3.85666e-01	7.21373e-05
1.19400e+01	3.86114e-01	7.17746e-05
1.19500e+01	3.86561e-01	7.14132e-05
1.19600e+01	3.87008e-01	7.10530e-05
1.19700e+01	3.87454e-01	7.06941e-05
1.19800e+01	3.87899e-01	7.03366e-05
1.19900e+01	3.88344e-01	6.99803e-05
1.20000e+01	3.88788e-01	6.96253e-05
1.20100e+01	3.89231e-01	6.92715e-05
1.20200e+01	3.89674e-01	6.89191e-05
1.20300e+01	3.90116e-01	6.85679e-05
1.20400e+01	3.90557e-01	6.82180e-05
1.20500e+01	3.90998e-01	6.78694e-05
1.20600e+01	3.91438e-01	6.75220e-05
1.20700e+01	3.91878e-01	6.71759e-05
1.20800e+01	3.92317e-01	6.68311e-05
1.20900e+01	3.92755e-01	6.64875e-05
1.21000e+01	3.93192e-01	6.61452e-05
1.21100e+01	3.93629e-01	6.58041e-05
1.21200e+01	3.94066e-01	6.54643e-05
1.21300e+01	3.94501e-01	6.51257e-05
1.21400e+01	3.94936e-01	6.47884e-05
1.21500e+01	3.95370e-01	6.44524e-05
1.21600e+01	3.95804e-01	6.41175e-05
1.21700e+01	3.96237e-01	6.37839e-05
1.21800e+01	3.96669e-01	6.34516e-05
1.21900e+01	3.97101e-01	6.31205e-05
1.22000e+01	3.97532e-01	6.27906e-05
1.22100e+01	3.97962e-01	6.24620e-05
1.22200e+01	3.98392e-01	6.21346e-05
1.22300e+01	3.98821e-01	6.18084e-05
1.22400e+01	3.99249e-01	6.14834e-05
1.22500e+01	3.99676e-01	6.11597e-05
1.22600e+01	4.00103e-01	6.08371e-05
1.22700e+01	4.00530e-01	6.05158e-05
1.22800e+01	4.00955e-01	6.01957e-05
1.22900e+01	4.01380e-01	5.98769e-05
1.23000e+01	4.01804e-01	5.95592e-05
1.23100e+01	4.02228e-01	5.92427e-05
1.23200e+01	4.02650e-01	5.89274e-05
1.23300e+01	4.03073e-01	5.86134e-05
1.23400e+01	4.03494e-01	5.83005e-05
1.23500e+01	4.03915e-01	5.79888e-05
1.23600e+01	4.04335e-01	5.76784e-05
1.23700e+01	4.04754e-01	5.73691e-05
1.23800e+01	4.05173e-01	5.70610e-05
1.23900e+01	4.05591e-01	5.67541e-05
1.24000e+01	4.06008e-01	5.64483e-05
1.24100e+01	4.06425e-01	5.61438e-05
1.24200e+01	4.06840e-01	5.58404e-05
1.24300e+01	4.07256e-01	5.55382e-05
1.24400e+01	4.07670e-01	5.52372e-05
1.24500e+01	4.08084e-01	5.49373e-05
1.24600e+01	4.08497e-01	5.46387e-05
1.24700e+01	4.08909e-01	5.43411e-05
1.24800e+01	4.09321e-01	5.40448e-05
1.24900e+01	4.09732e-01	5.37496e-05
1.25000e+01	4.10142e-01	5.34556e-05
1.25100e+01	4.10551e-01	5.31627e-05
1.25200e+01	4.10960e-01	5.28709e-05
1.25300e+01	4.11368e-01	5.25804e-05
1.25400e+01	4.11776e-01	5.22909e-05
1.25500e+01	4.12182e-01	5.20026e-05
1.25600e+01	4.12588e-01	5.17155e-05
1.25700e+01	4.12993e-01	5.14295e-05
1.25800e+01	4.13398e-01	5.11446e-05
1.25900e+01	4.13802e-01	5.08609e-05
1.26000e+01	4.14205e-01	5.05783e-05
1.26100e+01	4.14607e-01	5.02968e-05
1.26200e+01	4.15008e-01	5.00165e-05
1.26300e+01	4.15409e-01	4.97372e-05
1.26400e+01	4.15809e-01	4.94592e-05
1.26500e+01	4.16209e-01	4.91822e-05
1.26600e+01	4.16607e-01	4.89063e-05
1.26700e+01	4.17005e-01	4.86316e-05
1.26800e+01	4.17402e-01	4.83579e-05
1.26900e+01	4.17799e-01	4.80854e-05
1.27000e+01	4.18194e-01	4.78140e-05
1.27100e+01	4.18589e-01	4.75436e-05
1.27200e+01	4.18984e-01	4.72744e-05
1.27300e+01	4.19377e-01	4.70063e-05
1.27400e+01	4.19770e-01	4.67393e-05
1.27500e+01	4.20162e-01	4.64733e-05
1.27600e+01	4.20553e-01	4.62085e-05
1.27700e+01	4.20943e-01	4.59447e-05
1.27800e+01	4.21333e-01	4.56821e-05
1.27900e+01	4.21722e-01	4.54205e-05
1.28000e+01	4.22110e-01	4.51600e-05
1.28100e+01	4.22498e-01	4.49006e-05
1.28200e+01	4.22885e-01	4.46422e-05
1.28300e+01	4.23271e-01	4.43849e-05
1.28400e+01	4.23656e-01	4.41287e-05
1.28500e+01	4.24040e-01	4.38736e-05
1.28600e+01	4.24424e-01	4.36195e-05
1.28700e+01	4.24807e-01	4.33665e-05
1.28800e+01	4.25189e-01	4.31145e-05
1.28900e+01	4.25571e-01	4.28636e-05
1.29000e+01	4.25951e-01	4.26137e-05
1.29100e+01	4.26331e-01	4.23649e-05
1.29200e+01	4.26710e-01	4.21172e-05
1.29300e+01	4.27089e-01	4.18705e-05
1.29400e+01	4.27466e-01	4.16248e-05
1.29500e+01	4.27843e-01	4.13802e-05
1.29600e+01	4.28219e-01	4.11366e-05
1.29700e+01	4.28595e-01	4.08941e-05
1.29800e+01	4.28969e-01	4.06526e-05
1.29900e+01	4.29343e-01	4.04121e-05
1.30000e+01	4.29716e-01	4.01726e-05
1.30100e+01	4.30088e-01	3.99342e-05
1.30200e+01	4.30460e-01	3.96968e-05
1.30300e+01	4.30830e-01	3.94604e-05
1.30400e+01	4.31200e-01	3.92250e-05
1.30500e+01	4.31569e-01	3.89907e-05
1.30600e+01	4.31938e-01	3.87573e-05
1.30700e+01	4.32305e-01	3.85250e-05
1.30800e+01	4.32672e-01	3.82937e-05
1.30900e+01	4.33038e-01	3.80634e-05
1.31000e+01	4.33403e-01	3.78340e-05
1.31100e+01	4.33768e-01	3.76057e-05
1.31200e+01	4.34131e-01	3.73784e-05
1.31300e+01	4.34494e-01	3.71520e-05
1.31400e+01	4.34856e-01	3.69267e-05
1.31500e+01	4.35217e-01	3.67024e-05
1.31600e+01	4.35578e-01	3.64790e-05
1.31700e+01	4.35938e-01	3.62566e-05
1.31800e+01	4.36297e-01	3.60352e-05
1.31900e+01	4.36655e-01	3.58148e-05
1.32000e+01	4.37012e-01	3.55953e-05
1.32100e+01	4.37369e-01	3.53768e-05
1.32200e+01	4.37724e-01	3.51593e-05
1.32300e+01	4.38079e-01	3.49428e-05
1.32400e+01	4.38433e-01	3.47272e-05
1.32500e+01	4.38787e-01	3.45126e-05
1.32600e+01	4.39139e-01	3.42990e-05
1.32700e+01	4.39491e-01	3.40863e-05
1.32800e+01	4.39842e-01	3.38745e-05
1.32900e+01	4.40192e-01	3.36637e-05
1.33000e+01	4.40542e-01	3.34539e-05
1.33100e+01	4.40890e-01	3.32450e-05
1.33200e+01	4.41238e-01	3.30371e-05
1.33300e+01	4.41585e-01	3.28300e-05
1.33400e+01	4.41931e-01	3.26240e-05
1.33500e+01	4.42277e-01	3.24188e-05
1.33600e+01	4.42621e-01	3.22146e-05
1.33700e+01	4.42965e-01	3.20114e-05
1.33800e+01	4.43308e-01	3.18090e-05
1.33900e+01	4.43650e-01	3.16076e-05
1.34000e+01	4.43991e-01	3.14071e-05
1.34100e+01	4.44332e-01	3.12076e-05
1.34200e+01	4.44672e-01	3.10089e-05
1.34300e+01	4.45010e-01	3.08112e-05
1.34400e+01	4.45349e-01	3.06143e-05
1.34500e+01	4.45686e-01	3.04184e-05
1.34600e+01	4.46022e-01	3.02234e-05
1.34700e+01	4.46358e-01	3.00293e-05
1.34800e+01	4.46693e-01	2.98361e-05
1.34900e+01	4.47027e-01	2.96438e-05
1.35000e+01	4.47360e-01	2.94524e-05
1.35100e+01	4.47692e-01	2.92619e-05
1.35200e+01	4.48024e-01	2.90723e-05
1.35300e+01	4.48355e-01	2.88836e-05
1.35400e+01	4.48685e-01	2.86957e-05
1.35500e+01	4.49014e-01	2.85088e-05
1.35600e+01	4.49342e-01	2.83227e-05
1.35700e+01	4.49670e-01	2.81375e-05
1.35800e+01	4.49996e-01	2.79532e-05
1.35900e+01	4.50322e-01	2.77698e-05
1.36000e+01	4.50647e-01	2.75872e-05
1.36100e+01	4.50971e-01	2.74055e-05
1.36200e+01	4.51295e-01	2.72246e-05
1.36300e+01	4.51617e-01	2.70447e-05
1.36400e+01	4.51939e-01	2.68656e-05
1.36500e+01	4.52260e-01	2.66873e-05
1.36600e+01	4.52580e-01	2.65099e-05
1.36700e+01	4.52899e-01	2.63334e-05
1.36800e+01	4.53218e-01	2.61577e-05
1.36900e+01	4.53535e-01	2.59828e-05
1.37000e+01	4.53852e-01	2.58088e-05
1.37100e+01	4.54168e-01	2.56357e-05
1.37200e+01	4.54483e-01	2.54634e-05
1.37300e+01	4.54797e-01	2.52919e-05
1.37400e+01	4.55111e-01	2.51213e-05
1.37500e+01	4.55424e-01	2.49515e-05
1.37600e+01	4.55735e-01	2.47825e-05
1.37700e+01	4.56046e-01	2.46143e-05
1.37800e+01	4.56356e-01	2.44470e-05
1.37900e+01	4.56666e-01	2.42805e-05
1.38000e+01	4.56974e-01	2.41148e-05
1.38100e+01	4.57282e-01	2.39500e-05
1.38200e+01	4.57589e-01	2.37859e-05
1.38300e+01	4.57895e-01	2.36227e-05
1.38400e+01	4.58200e-01	2.34603e-05
1.38500e+01	4.58504e-01	2.32987e-05
1.38600e+01	4.58808e-01	2.31378e-05
1.38700e+01	4.59110e-01	2.29778e-05
1.38800e+01	4.59412e-01	2.28186e-05
1.38900e+01	4.59713e-01	2.26602e-05
1.39000e+01	4.60013e-01	2.25026e-05
1.39100e+01	4.60312e-01	2.23458e-05
1.39200e+01	4.60611e-01	2.21898e-05
1.39300e+01	4.60908e-01	2.20345e-05
1.39400e+01	4.61205e-01	2.18801e-05
1.39500e+01	4.61501e-01	2.17264e-05
1.39600e+01	4.61796e-01	2.15735e-05
1.39700e+01	4.62090e-01	2.14214e-05
1.39800e+01	4.62384e-01	2.12700e-05
1.39900e+01	4.62676e-01	2.11195e-05
1.40000e+01	4.62968e-01	2.09697e-05
1.40100e+01	4.63259e-01	2.08206e-05
1.40200e+01	4.63549e-01	2.06724e-05
1.40300e+01	4.63838e-01	2.05249e-05
1.40400e+01	4.64127e-01	2.03781e-05
1.40500e+01	4.64414e-01	2.02321e-05
1.40600e+01	4.64701e-01	2.00869e-05
1.40700e+01	4.64987e-01	1.99424e-05
1.40800e+01	4.65272e-01	1.97987e-05
1.40900e+01	4.65556e-01	1.96557e-05
1.41000e+01	4.65839e-01	1.95135e-05
1.41100e+01	4.66122e-01	1.93720e-05
1.41200e+01	4.66403e-01	1.92313e-05
1.41300e+01	4.66684e-01	1.90913e-05
1.41400e+01	4.66964e-01	1.89520e-05
1.41500e+01	4.67243e-01	1.88134e-05
1.41600e+01	4.67521e-01	1.86756e-05
1.41700e+01	4.67799e-01	1.85386e-05
1.41800e+01	4.68075e-01	1.84022e-05
1.41900e+01	4.68351e-01	1.82666e-05
1.42000e+01	4.68626e-01	1.81317e-05
1.42100e+01	4.68900e-01	1.79975e-05
1.42200e+01	4.69173e-01	1.78640e-05
1.42300e+01	4.69445e-01	1.77312e-05
1.42400e+01	4.69717e-01	1.75992e-05
1.42500e+01	4.69987e-01	1.74678e-05
1.42600e+01	4.70257e-01	1.73372e-05
1.42700e+01	4.70526e-01	1.72073e-05
1.42800e+01	4.70794e-01	1.70780e-05
1.42900e+01	4.71061e-01	1.69495e-05
1.43000e+01	4.71328e-01	1.68217e-05
1.43100e+01	4.71593e-01	1.66946e-05
1.43200e+01	4.71858e-01	1.65681e-05
1.43300e+01	4.72122e-01	1.64424e-05
1.43400e+01	4.72385e-01	1.63173e-05
1.43500e+01	4.72647e-01	1.61929e-05
1.43600e+01	4.72908e-01	1.60692e-05
1.43700e+01	4.73169e-01	1.59462e-05
1.43800e+01	4.73428e-01	1.58238e-05
1.43900e+01	4.73687e-01	1.57022e-05
1.44000e+01	4.73945e-01	1.55812e-05
1.44100e+01	4.74202e-01	1.54609e-05
1.44200e+01	4.74458e-01	1.53412e-05
1.44300e+01	4.74714e-01	1.52222e-05
1.44400e+01	4.74968e-01	1.51039e-05
1.44500e+01	4.75222e-01	1.49862e-05
1.44600e+01	4.75475e-01	1.48692e-05
1.44700e+01	4.75726e-01	1.47529e-05
1.44800e+01	4.75978e-01	1.46372e-05
1.44900e+01	4.76228e-01	1.45222e-05
1.45000e+01	4.76477e-01	1.44078e-05
1.45100e+01	4.76726e-01	1.42940e-05
1.45200e+01	4.76974e-01	1.41809e-05
1.45300e+01	4.77220e-01	1.40685e-05
1.45400e+01	4.77466e-01	1.39567e-05
1.45500e+01	4.77712e-01	1.38455e-05
1.45600e+01	4.77956e-01	1.37350e-05
1.45700e+01	4.78199e-01	1.36251e-05
1.45800e+01	4.78442e-01	1.35158e-05
1.45900e+01	4.78684e-01	1.34071e-05
1.46000e+01	4.78925e-01	1.32991e-05
1.46100e+01	4.79165e-01	1.31917e-05
1.46200e+01	4.79404e-01	1.30850e-05
1.46300e+01	4.79643e-01	1.29788e-05
1.46400e+01	4.79880e-01	1.28733e-05
1.46500e+01	4.80117e-01	1.27683e-05
1.46600e+01	4.80353e-01	1.26640e-05
1.46700e+01	4.80588e-01	1.25603e-05
1.46800e+01	4.80822e-01	1.24573e-05
1.46900e+01	4.81055e-01	1.23548e-05
1.47000e+01	4.81288e-01	1.22529e-05
1.47100e+01	4.81519e-01	1.21516e-05
1.47200e+01	4.81750e-01	1.20509e-05
1.47300e+01	4.81980e-01	1.19509e-05
1.47400e+01	4.82209e-01	1.18514e-05
1.47500e+01	4.82437e-01	1.17525e-05
1.47600e+01	4.82665e-01	1.16542e-05
1.47700e+01	4.82891e-01	1.15565e-05
1.47800e+01	4.83117e-01	1.14594e-05
1.47900e+01	4.83342e-01	1.13628e-05
1.48000e+01	4.83566e-01	1.12669e-05
1.48100e+01	4.83789e-01	1.11715e-05
1.48200e+01	4.84011e-01	1.10767e-05
1.48300e+01	4.84232e-01	1.09824e-05
1.48400e+01	4.84453e-01	1.08888e-05
1.48500e+01	4.84673e-01	1.07957e-05
1.48600e+01	4.84892e-01	1.07032e-05
1.48700e+01	4.85110e-01	1.06112e-05
1.48800e+01	4.85327e-01	1.05198e-05
1.48900e+01	4.85544e-01	1.04290e-05
1.49000e+01	4.85759e-01	1.03387e-05
1.49100e+01	4.85974e-01	1.02490e-05
1.49200e+01	4.86188e-01	1.01599e-05
1.49300e+01	4.86401e-01	1.00713e-05
1.49400e+01	4.86613e-01	9.98324e-06
1.49500e+01	4.86824e-01	9.89574e-06
1.49600e+01	4.87035e-01	9.80878e-06
1.49700e+01	4.87244e-01	9.72237e-06
1.49800e+01	4.87453e-01	9.63650e-06
1.49900e+01	4.87661e-01	9.55118e-06
1.50000e+01	4.87868e-01	9.46639e-06
1.50100e+01	4.88075e-01	9.38213e-06
1.50200e+01	4.88280e-01	9.29841e-06
1.50300e+01	4.88485e-01	9.21523e-06
1.50400e+01	4.88689e-01	9.13257e-06
1.50500e+01	4.88892e-01	9.05043e-06
1.50600e+01	4.89094e-01	8.96883e-06
1.50700e+01	4.89295e-01	8.88775e-06
1.50800e+01	4.89496e-01	8.80718e-06
1.50900e+01	4.89695e-01	8.72714e-06
1.51000e+01	4.89894e-01	8.64761e-06
1.51100e+01	4.90092e-01	8.56860e-06
1.51200e+01	4.90289e-01	8.49010e-06
1.51300e+01	4.90485e-01	8.41212e-06
1.51400e+01	4.90681e-01	8.33464e-06
1.51500e+01	4.90875e-01	8.25766e-06
1.51600e+01	4.91069e-01	8.18119e-06
1.51700e+01	4.91262e-01	8.10523e-06
1.51800e+01	4.91454e-01	8.02976e-06
1.51900e+01	4.91645e-01	7.95479e-06
1.52000e+01	4.91836e-01	7.88032e-06
1.52100e+01	4.92026e-01	7.80634e-06
1.52200e+01	4.92214e-01	7.73285e-06
1.52300e+01	4.92402e-01	7.65985e-06
1.52400e+01	4.92589e-01	7.58735e-06
1.52500e+01	4.92776e-01	7.51532e-06
1.52600e+01	4.92961e-01	7.44378e-06
1.52700e+01	4.93146e-01	7.37272e-06
1.52800e+01	4.93330e-01	7.30215e-06
1.52900e+01	4.93513e-01	7.23205e-06
1.53000e+01	4.93695e-01	7.16242e-06
1.53100e+01	4.93876e-01	7.09327e-06
1.53200e+01	4.94057e-01	7.02459e-06
1.53300e+01	4.94236e-01	6.95638e-06
1.53400e+01	4.94415e-01	6.88864e-06
1.53500e+01	4.94593e-01	6.82136e-06
1.53600e+01	4.94771e-01	6.75455e-06
1.53700e+01	4.94947e-01	6.68820e-06
1.53800e+01	4.95123e-01	6.62231e-06
1.53900e+01	4.95297e-01	6.55687e-06
1.54000e+01	4.95471e-01	6.49189e-06
1.54100e+01	4.95645e-01	6.42737e-06
1.54200e+01	4.95817e-01	6.36330e-06
1.54300e+01	4.95988e-01	6.29968e-06
1.54400e+01	4.96159e-01	6.23650e-06
1.54500e+01	4.96329e-01	6.17377e-06
1.54600e+01	4.96498e-01	6.11149e-06
1.54700e+01	4.96666e-01	6.04964e-06
1.54800e+01	4.96834e-01	5.98824e-06
1.54900e+01	4.97000e-01	5.92728e-06
1.55000e+01	4.97166e-01	5.86675e-06
1.55100e+01	4.97331e-01	5.80665e-06
1.55200e+01	4.97495e-01	5.74699e-06
1.55300e+01	4.97659e-01	5.68776e-06
1.55400e+01	4.97821e-01	5.62896e-06
1.55500e+01	4.97983e-01	5.57058e-06
1.55600e+01	4.98144e-01	5.51263e-06
1.55700e+01	4.98304e-01	5.45510e-06
1.55800e+01	4.98463e-01	5.39799e-06
1.55900e+01	4.98622e-01	5.34130e-06
1.56000e+01	4.98780e-01	5.28503e-06
1.56100e+01	4.98937e-01	5.22918e-06
1.56200e+01	4.99093e-01	5.17373e-06
1.56300e+01	4.99248e-01	5.11870e-06
1.56400e+01	4.99402e-01	5.06408e-06
1.56500e+01	4.99556e-01	5.00987e-06
1.56600e+01	4.99709e-01	4.95606e-06
1.56700e+01	4.99861e-01	4.90265e-06
1.56800e+01	5.00012e-01	4.84965e-06
1.56900e+01	5.00163e-01	4.79705e-06
1.57000e+01	5.00313e-01	4.74485e-06
1.57100e+01	5.00462e-01	4.69304e-06
1.57200e+01	5.00610e-01	4.64163e-06
1.57300e+01	5.00757e-01	4.59061e-06
1.57400e+01	5.00904e-01	4.53998e-06
1.57500e+01	5.01049e-01	4.48974e-06
1.57600e+01	5.01194e-01	4.43989e-06
1.57700e+01	5.01339e-01	4.39043e-06
1.57800e+01	5.01482e-01	4.34134e-06
1.57900e+01	5.01624e-01	4.29264e-06
1.58000e+01	5.01766e-01	4.24433e-06
1.58100e+01	5.01907e-01	4.19638e-06
1.58200e+01	5.02047e-01	4.14882e-06
1.58300e+01	5.02187e-01	4.10163e-06
1.58400e+01	5.02326e-01	4.05481e-06
1.58500e+01	5.02463e-01	4.00837e-06
1.58600e+01	5.02601e-01	3.96229e-06
1.58700e+01	5.02737e-01	3.91659e-06
1.58800e+01	5.02872e-01	3.87124e-06
1.58900e+01	5.03007e-01	3.82627e-06
1.59000e+01	5.03141e-01	3.78165e-06
1.59100e+01	5.03274e-01	3.73740e-06
1.59200e+01	5.03407e-01	3.69350e-06
1.59300e+01	5.03538e-01	3.64996e-06
1.59400e+01	5.03669e-01	3.60678e-06
1.59500e+01	5.03799e-01	3.56395e-06
1.59600e+01	5.03929e-01	3.52147e-06
1.59700e+01	5.04057e-01	3.47935e-06
1.59800e+01	5.04185e-01	3.43757e-06
1.59900e+01	5.04312e-01	3.39613e-06
1.60000e+01	5.04438e-01	3.35505e-06
1.60100e+01	5.04564e-01	3.31430e-06
1.60200e+01	5.04689e-01	3.27390e-06
1.60300e+01	5.04812e-01	3.23384e-06
1.60400e+01	5.04936e-01	3.19412e-06
1.60500e+01	5.05058e-01	3.15473e-06
1.60600e+01	5.05180e-01	3.11568e-06
1.60700e+01	5.05301e-01	3.07696e-06
1.60800e+01	5.05421e-01	3.03857e-06
1.60900e+01	5.05540e-01	3.00051e-06
1.61000e+01	5.05659e-01	2.96278e-06
1.61100e+01	5.05777e-01	2.92538e-06
1.61200e+01	5.05894e-01	2.88830e-06
1.61300e+01	5.06010e-01	2.85154e-06
1.61400e+01	5.06126e-01	2.81511e-06
1.61500e+01	5.06241e-01	2.77900e-06
1.61600e+01	5.06355e-01	2.74320e-06
1.61700e+01	5.06468e-01	2.70772e-06
1.61800e+01	5.06581e-01	2.67255e-06
1.61900e+01	5.06693e-01	2.63770e-06
1.62000e+01	5.06804e-01	2.60316e-06
1.62100e+01	5.06914e-01	2.56893e-06
1.62200e+01	5.07024e-01	2.53501e-06
1.62300e+01	5.07133e-01	2.50140e-06
1.62400e+01	5.07241e-01	2.46809e-06
1.62500e+01	5.07348e-01	2.43508e-06
1.62600e+01	5.07455e-01	2.40237e-06
1.62700e+01	5.07561e-01	2.36997e-06
1.62800e+01	5.07666e-01	2.33786e-06
1.62900e+01	5.07771e-01	2.30605e-06
1.63000e+01	5.07874e-01	2.27454e-06
1.63100e+01	5.07978e-01	2.24332e-06
1.63200e+01	5.08080e-01	2.21239e-06
1.63300e+01	5.08181e-01	2.18176e-06
1.63400e+01	5.08282e-01	2.15141e-06
1.63500e+01	5.08382e-01	2.12135e-06
1.63600e+01	5.08482e-01	2.09158e-06
1.63700e+01	5.08580e-01	2.06209e-06
1.63800e+01	5.08678e-01	2.03288e-06
1.63900e+01	5.08776e-01	2.00395e-06
1.64000e+01	5.08872e-01	1.97531e-06
1.64100e+01	5.08968e-01	1.94694e-06
1.64200e+01	5.09063e-01	1.91885e-06
1.64300e+01	5.09157e-01	1.89103e-06
1.64400e+01	5.09251e-01	1.86349e-06
1.64500e+01	5.09344e-01	1.83622e-06
1.64600e+01	5.09436e-01	1.80922e-06
1.64700e+01	5.09528e-01	1.78249e-06
1.64800e+01	5.09619e-01	1.75603e-06
1.64900e+01	5.09709e-01	1.72983e-06
1.65000e+01	5.09798e-01	1.70390e-06
1.65100e+01	5.09887e-01	1.67823e-06
1.65200e+01	5.09975e-01	1.65282e-06
1.65300e+01	5.10062e-01	1.62767e-06
1.65400e+01	5.10149e-01	1.60278e-06
1.65500e+01	5.10235e-01	1.57815e-06
1.65600e+01	5.10320e-01	1.55377e-06
1.65700e+01	5.10404e-01	1.52965e-06
1.65800e+01	5.10488e-01	1.50577e-06
1.65900e+01	5.10571e-01	1.48215e-06
1.66000e+01	5.10654e-01	1.45878e-06
1.66100e+01	5.10736e-01	1.43566e-06
1.66200e+01	5.10817e-01	1.41279e-06
1.66300e+01	5.10897e-01	1.39015e-06
1.66400e+01	5.10977e-01	1.36777e-06
1.66500e+01	5.11056e-01	1.34562e-06
1.66600e+01	5.11134e-01	1.32372e-06
1.66700e+01	5.11212e-01	1.30205e-06
1.66800e+01	5.11289e-01	1.28063e-06
1.66900e+01	5.11365e-01	1.25943e-06
1.67000e+01	5.11441e-01	1.23848e-06
1.67100e+01	5.11516e-01	1.21776e-06
1.67200e+01	5.11590e-01	1.19727e-06
1.67300e+01	5.11664e-01	1.17701e-06
1.67400e+01	5.11737e-01	1.15698e-06
1.67500e+01	5.11809e-01	1.13718e-06
1.67600e+01	5.11881e-01	1.11760e-06
1.67700e+01	5.11952e-01	1.09825e-06
1.67800e+01	5.12022e-01	1.07912e-06
1.67900e+01	5.12092e-01	1.06022e-06
1.68000e+01	5.12161e-01	1.04153e-06
1.68100e+01	5.12229e-01	1.02307e-06
1.68200e+01	5.12297e-01	1.00482e-06
1.68300e+01	5.12364e-01	9.86795e-07
1.68400e+01	5.12430e-01	9.68980e-07
1.68500e+01	5.12496e-01	9.51380e-07
1.68600e+01	5.12561e-01	9.33992e-07
1.68700e+01	5.12626e-01	9.16815e-07
1.68800e+01	5.12690e-01	8.99848e-07
1.68900e+01	5.12753e-01	8.83090e-07
1.69000e+01	5.12816e-01	8.66539e-07
1.69100e+01	5.12877e-01	8.50193e-07
1.69200e+01	5.12939e-01	8.34051e-07
1.69300e+01	5.12999e-01	8.18113e-07
1.69400e+01	5.13060e-01	8.02376e-07
1.69500e+01	5.13119e-01	7.86840e-07
1.69600e+01	5.13178e-01	7.71502e-07
1.69700e+01	5.13236e-01	7.56362e-07
1.69800e+01	5.13293e-01	7.41419e-07
1.69900e+01	5.13350e-01	7.26670e-07
1.70000e+01	5.13407e-01	7.12115e-07
1.70100e+01	5.13462e-01	6.97752e-07
1.70200e+01	5.13517e-01	6.83580e-07
1.70300e+01	5.13572e-01	6.69598e-07
1.70400e+01	5.13626e-01	6.55804e-07
1.70500e+01	5.13679e-01	6.42197e-07
1.70600e+01	5.13732e-01	6.28776e-07
1.70700e+01	5.13784e-01	6.15539e-07
1.70800e+01	5.13835e-01	6.02486e-07
1.70900e+01	5.13886e-01	5.89614e-07
1.71000e+01	5.13936e-01	5.76922e-07
1.71100e+01	5.13986e-01	5.64410e-07
1.71200e+01	5.14035e-01	5.52076e-07
1.71300e+01	5.14083e-01	5.39918e-07
1.71400e+01	5.14131e-01	5.27936e-07
1.71500e+01	5.14179e-01	5.16127e-07
1.71600e+01	5.14225e-01	5.04492e-07
1.71700e+01	5.14271e-01	4.93028e-07
1.71800e+01	5.14317e-01	4.81734e-07
1.71900e+01	5.14362e-01	4.70609e-07
1.72000e+01	5.14406e-01	4.59652e-07
1.72100e+01	5.14450e-01	4.48861e-07
1.72200e+01	5.14493e-01	4.38235e-07
1.72300e+01	5.14536e-01	4.27773e-07
1.72400e+01	5.14578e-01	4.17474e-07
1.72500e+01	5.14620e-01	4.07336e-07
1.72600e+01	5.14661e-01	3.97359e-07
1.72700e+01	5.14701e-01	3.87540e-07
1.72800e+01	5.14741e-01	3.77879e-07
1.72900e+01	5.14780e-01	3.68374e-07
1.73000e+01	5.14819e-01	3.59024e-07
1.73100e+01	5.14857e-01	3.49828e-07
1.73200e+01	5.14895e-01	3.40785e-07
1.73300e+01	5.14932e-01	3.31894e-07
1.73400e+01	5.14969e-01	3.23152e-07
1.73500e+01	5.15005e-01	3.14560e-07
1.73600e+01	5.15040e-01	3.06115e-07
1.73700e+01	5.15075e-01	2.97817e-07
1.73800e+01	5.15109e-01	2.89664e-07
1.73900e+01	5.15143e-01	2.81655e-07
1.74000e+01	5.15177e-01	2.73789e-07
1.74100e+01	5.15210e-01	2.66065e-07
1.74200e+01	5.15242e-01	2.58481e-07
1.74300e+01	5.15274e-01	2.51037e-07
1.74400e+01	5.15305e-01	2.43730e-07
1.74500e+01	5.15336e-01	2.36560e-07
1.74600e+01	5.15366e-01	2.29526e-07
1.74700e+01	5.15396e-01	2.22626e-07
1.74800e+01	5.15425e-01	2.15860e-07
1.74900e+01	5.15454e-01	2.09225e-07
1.75000e+01	5.15482e-01	2.02721e-07
1.75100e+01	5.15510e-01	1.96347e-07
1.75200e+01	5.15537e-01	1.90101e-07
1.75300e+01	5.15564e-01	1.83982e-07
1.75400e+01	5.15590e-01	1.77990e-07
1.75500e+01	5.15616e-01	1.72122e-07
1.75600e+01	5.15641e-01	1.66378e-07
1.75700e+01	5.15666e-01	1.60756e-07
1.75800e+01	5.15690e-01	1.55256e-07
1.75900e+01	5.15714e-01	1.49875e-07
1.76000e+01	5.15737e-01	1.44614e-07
1.76100e+01	5.15760e-01	1.39470e-07
1.76200e+01	5.15782e-01	1.34443e-07
1.76300e+01	5.15804e-01	1.29531e-07
1.76400e+01	5.15826e-01	1.24733e-07
1.76500e+01	5.15847e-01	1.20048e-07
1.76600e+01	5.15868e-01	1.15475e-07
1.76700e+01	5.15888e-01	1.11013e-07
1.76800e+01	5.15907e-01	1.06660e-07
1.76900e+01	5.15927e-01	1.02415e-07
1.77000e+01	5.15945e-01	9.82778e-08
1.77100e+01	5.15964e-01	9.42461e-08
1.77200e+01	5.15982e-01	9.03192e-08
1.77300e+01	5.15999e-01	8.64958e-08
1.77400e+01	5.16016e-01	8.27747e-08
1.77500e+01	5.16033e-01	7.91549e-08
1.77600e+01	5.16049e-01	7.56350e-08
1.77700e+01	5.16065e-01	7.22140e-08
1.77800e+01	5.16080e-01	6.88906e-08
1.77900e+01	5.16095e-01	6.56637e-08
1.78000e+01	5.16110e-01	6.25320e-08
1.78100e+01	5.16124e-01	5.94945e-08
1.78200e+01	5.16138e-01	5.65499e-08
1.78300e+01	5.16151e-01	5.36969e-08
1.78400e+01	5.16164e-01	5.09346e-08
1.78500e+01	5.16177e-01	4.82615e-08
1.78600e+01	5.16189e-01	4.56766e-08
1.78700e+01	5.16200e-01	4.31787e-08
1.78800e+01	5.16212e-01	4.07665e-08
1.78900e+01	5.16223e-01	3.84388e-08
1.79000e+01	5.16234e-01	3.61945e-08
1.79100e+01	5.16244e-01	3.40324e-08
1.79200e+01	5.16254e-01	3.19511e-08
1.79300e+01	5.16263e-01	2.99496e-08
1.79400e+01	5.16273e-01	2.80265e-08
1.79500e+01	5.16282e-01	2.61807e-08
1.79600e+01	5.16290e-01	2.44110e-08
1.79700e+01	5.16298e-01	2.27160e-08
1.79800e+01	5.16306e-01	2.10946e-08
1.79900e+01	5.16314e-01	1.95455e-08
1.80000e+01	5.16321e-01	1.80675e-08
1.80100e+01	5.16328e-01	1.66592e-08
1.80200e+01	5.16334e-01	1.53195e-08
1.80300e+01	5.16340e-01	1.40470e-08
1.80400e+01	5.16346e-01	1.28405e-08
1.80500e+01	5.16352e-01	1.16986e-08
1.80600e+01	5.16357e-01	1.06200e-08
1.80700e+01	5.16362e-01	9.60347e-09
1.80800e+01	5.16367e-01	8.64763e-09
1.80900e+01	5.16372e-01	7.75113e-09
1.81000e+01	5.16376e-01	6.91260e-09
1.81100e+01	5.16380e-01	6.13067e-09
1.81200e+01	5.16383e-01	5.40394e-09
1.81300e+01	5.16387e-01	4.73100e-09
1.81400e+01	5.16390e-01	4.11041e-09
1.81500e+01	5.16393e-01	3.54070e-09
1.81600e+01	5.16395e-01	3.02040e-09
1.81700e+01	5.16398e-01	2.54798e-09
1.81800e+01	5.16400e-01	2.12190e-09
1.81900e+01	5.16402e-01	1.74058e-09
1.82000e+01	5.16403e-01	1.40239e-09
1.82100e+01	5.16405e-01	1.10567e-09
1.82200e+01	5.16406e-01	8.48702e-10
1.82300e+01	5.16407e-01	6.29701e-10
1.82400e+01	5.16408e-01	4.46824e-10
1.82500e+01	5.16409e-01	2.98147e-10
1.82600e+01	5.16410e-01	1.81653e-10
1.82700e+01	5.16410e-01	9.52204e-11
1.82800e+01	5.16410e-01	3.66267e-11
1.82900e+01	5.16411e-01	3.63733e-12
