1.00000e-02	3.90555e-23	5.00000e-01
2.00000e-02	2.73389e-07	5.00000e-01
3.00000e-02	1.01544e-06	4.99964e-01
4.00000e-02	2.46042e-06	4.99906e-01
5.00000e-02	4.84245e-06	4.99825e-01
6.00000e-02	8.39552e-06	4.99724e-01
7.00000e-02	1.33534e-05	4.99603e-01
8.00000e-02	1.99497e-05	4.99461e-01
9.00000e-02	2.84175e-05	4.99299e-01
1.00000e-01	3.89898e-05	4.99116e-01
1.10000e-01	5.18992e-05	4.98913e-01
1.20000e-01	6.73776e-05	4.98689e-01
1.30000e-01	8.56567e-05	4.98445e-01
1.40000e-01	1.06968e-04	4.98181e-01
1.50000e-01	1.31541e-04	4.97897e-01
1.60000e-01	1.59606e-04	4.97593e-01
1.70000e-01	1.91394e-04	4.97268e-01
1.80000e-01	2.27131e-04	4.96923e-01
1.90000e-01	2.67046e-04	4.96559e-01
2.00000e-01	3.11366e-04	4.96174e-01
2.10000e-01	3.60318e-04	4.95769e-01
2.20000e-01	4.14126e-04	4.95344e-01
2.30000e-01	4.73015e-04	4.94899e-01
2.40000e-01	5.37208e-04	4.94434e-01
2.50000e-01	6.06929e-04	4.93949e-01
2.60000e-01	6.82397e-04	4.93444e-01
2.70000e-01	7.63835e-04	4.92920e-01
2.80000e-01	8.51461e-04	4.92376e-01
2.90000e-01	9.45492e-04	4.91812e-01
3.00000e-01	1.04615e-03	4.91228e-01
3.10000e-01	1.15364e-03	4.90625e-01
3.20000e-01	1.26818e-03	4.90002e-01
3.30000e-01	1.39000e-03	4.89359e-01
3.40000e-01	1.51928e-03	4.88698e-01
3.50000e-01	1.65626e-03	4.88016e-01
3.60000e-01	1.80113e-03	4.87316e-01
3.70000e-01	1.95410e-03	4.86596e-01
3.80000e-01	2.11538e-03	4.85857e-01
3.90000e-01	2.28518e-03	4.85099e-01
4.00000e-01	2.46369e-03	4.84322e-01
4.10000e-01	2.65111e-03	4.83525e-01
4.20000e-01	2.84765e-03	4.82710e-01
4.30000e-01	3.05350e-03	4.81876e-01
4.40000e-01	3.26886e-03	4.81023e-01
4.50000e-01	3.49391e-03	4.80151e-01
4.60000e-01	3.72886e-03	4.79261e-01
4.70000e-01	3.97390e-03	4.78352e-01
4.80000e-01	4.22920e-03	4.77425e-01
4.90000e-01	4.49496e-03	4.76479e-01
5.00000e-01	4.77136e-03	4.75515e-01
5.10000e-01	5.05858e-03	4.74533e-01
5.20000e-01	5.35680e-03	4.73532e-01
5.30000e-01	5.66620e-03	4.72514e-01
5.40000e-01	5.98695e-03	4.71478e-01
5.50000e-01	6.31924e-03	4.70423e-01
5.60000e-01	6.66322e-03	4.69351e-01
5.70000e-01	7.01907e-03	4.68261e-01
5.80000e-01	7.38695e-03	4.67154e-01
5.90000e-01	7.76704e-03	4.66029e-01
6.00000e-01	8.15948e-03	4.64887e-01
6.10000e-01	8.56444e-03	4.63728e-01
6.20000e-01	8.98208e-03	4.62551e-01
6.30000e-01	9.41255e-03	4.61357e-01
6.40000e-01	9.85601e-03	4.60147e-01
6.50000e-01	1.03126e-02	4.58919e-01
6.60000e-01	1.07825e-02	4.57675e-01
6.70000e-01	1.12658e-02	4.56414e-01
6.80000e-01	1.17626e-02	4.55137e-01
6.90000e-01	1.22732e-02	4.53843e-01
7.00000e-01	1.27976e-02	4.52533e-01
7.10000e-01	1.33360e-02	4.51207e-01
7.20000e-01	1.38885e-02	4.49865e-01
7.30000e-01	1.44552e-02	4.48506e-01
7.40000e-01	1.50363e-02	4.47133e-01
7.50000e-01	1.56318e-02	4.45743e-01
7.60000e-01	1.62420e-02	4.44338e-01
7.70000e-01	1.68669e-02	4.42918e-01
7.80000e-01	1.75066e-02	4.41482e-01
7.90000e-01	1.81613e-02	4.40031e-01
8.00000e-01	1.88310e-02	4.38565e-01
8.10000e-01	1.95159e-02	4.37085e-01
8.20000e-01	2.02160e-02	4.35589e-01
8.30000e-01	2.09316e-02	4.34079e-01
8.40000e-01	2.16625e-02	4.32555e-01
8.50000e-01	2.24091e-02	4.31016e-01
8.60000e-01	2.31712e-02	4.29464e-01
8.70000e-01	2.39491e-02	4.27897e-01
8.80000e-01	2.47428e-02	4.26316e-01
8.90000e-01	2.55524e-02	4.24722e-01
9.00000e-01	2.63780e-02	4.23114e-01
9.10000e-01	2.72197e-02	4.21493e-01
9.20000e-01	2.80774e-02	4.19858e-01
9.30000e-01	2.89514e-02	4.18210e-01
9.40000e-01	2.98416e-02	4.16550e-01
9.50000e-01	3.07481e-02	4.14876e-01
9.60000e-01	3.16710e-02	4.13190e-01
9.70000e-01	3.26103e-02	4.11492e-01
9.80000e-01	3.35661e-02	4.09781e-01
9.90000e-01	3.45385e-02	4.08058e-01
1.00000e+00	3.55274e-02	4.06323e-01
1.01000e+00	3.65330e-02	4.04576e-01
1.02000e+00	3.75552e-02	4.02818e-01
1.03000e+00	3.85942e-02	4.01048e-01
1.04000e+00	3.96498e-02	3.99267e-01
1.05000e+00	4.07223e-02	3.97475e-01
1.06000e+00	4.18115e-02	3.95672e-01
1.07000e+00	4.29176e-02	3.93858e-01
1.08000e+00	4.40405e-02	3.92033e-01
1.09000e+00	4.51802e-02	3.90198e-01
1.10000e+00	4.63368e-02	3.88353e-01
1.11000e+00	4.75103e-02	3.86497e-01
1.12000e+00	4.87007e-02	3.84632e-01
1.13000e+00	4.99079e-02	3.82757e-01
1.14000e+00	5.11321e-02	3.80872e-01
1.15000e+00	5.23731e-02	3.78978e-01
1.16000e+00	5.36311e-02	3.77075e-01
1.17000e+00	5.49059e-02	3.75163e-01
1.18000e+00	5.61975e-02	3.73242e-01
1.19000e+00	5.75060e-02	3.71312e-01
1.20000e+00	5.88314e-02	3.69374e-01
1.21000e+00	6.01735e-02	3.67428e-01
1.22000e+00	6.15324e-02	3.65474e-01
1.23000e+00	6.29081e-02	3.63512e-01
1.24000e+00	6.43005e-02	3.61542e-01
1.25000e+00	6.57095e-02	3.59565e-01
1.26000e+00	6.71353e-02	3.57580e-01
1.27000e+00	6.85776e-02	3.55589e-01
1.28000e+00	7.00365e-02	3.53590e-01
1.29000e+00	7.15118e-02	3.51585e-01
1.30000e+00	7.30037e-02	3.49573e-01
1.31000e+00	7.45119e-02	3.47555e-01
1.32000e+00	7.60365e-02	3.45531e-01
1.33000e+00	7.75774e-02	3.43500e-01
1.34000e+00	7.91345e-02	3.41465e-01
1.35000e+00	8.07078e-02	3.39423e-01
1.36000e+00	8.22972e-02	3.37377e-01
1.37000e+00	8.39025e-02	3.35325e-01
1.38000e+00	8.55239e-02	3.33268e-01
1.39000e+00	8.71610e-02	3.31207e-01
1.40000e+00	8.88140e-02	3.29141e-01
1.41000e+00	9.04827e-02	3.27070e-01
1.42000e+00	9.21669e-02	3.24996e-01
1.43000e+00	9.38667e-02	3.22918e-01
1.44000e+00	9.55819e-02	3.20836e-01
1.45000e+00	9.73124e-02	3.18750e-01
1.46000e+00	9.90582e-02	3.16661e-01
1.47000e+00	1.00819e-01	3.14569e-01
1.48000e+00	1.02595e-01	3.12474e-01
1.49000e+00	1.04386e-01	3.10377e-01
1.50000e+00	1.06191e-01	3.08277e-01
1.51000e+00	1.08012e-01	3.06175e-01
1.52000e+00	1.09847e-01	3.04070e-01
1.53000e+00	1.11696e-01	3.01964e-01
1.54000e+00	1.13560e-01	2.99856e-01
1.55000e+00	1.15438e-01	2.97747e-01
1.56000e+00	1.17330e-01	2.95636e-01
1.57000e+00	1.19236e-01	2.93524e-01
1.58000e+00	1.21156e-01	2.91412e-01
1.59000e+00	1.23089e-01	2.89299e-01
1.60000e+00	1.25036e-01	2.87185e-01
1.61000e+00	1.26997e-01	2.85071e-01
1.62000e+00	1.28970e-01	2.82957e-01
1.63000e+00	1.30957e-01	2.80843e-01
1.64000e+00	1.32957e-01	2.78730e-01
1.65000e+00	1.34970e-01	2.76617e-01
1.66000e+00	1.36996e-01	2.74505e-01
1.67000e+00	1.39034e-01	2.72393e-01
1.68000e+00	1.41084e-01	2.70283e-01
1.69000e+00	1.43147e-01	2.68174e-01
1.70000e+00	1.45222e-01	2.66067e-01
1.71000e+00	1.47308e-01	2.63962e-01
1.72000e+00	1.49407e-01	2.61858e-01
1.73000e+00	1.51517e-01	2.59757e-01
1.74000e+00	1.53639e-01	2.57658e-01
1.75000e+00	1.55771e-01	2.55561e-01
1.76000e+00	1.57915e-01	2.53467e-01
1.77000e+00	1.60070e-01	2.51376e-01
1.78000e+00	1.62236e-01	2.49289e-01
1.79000e+00	1.64412e-01	2.47204e-01
1.80000e+00	1.66599e-01	2.45123e-01
1.81000e+00	1.68796e-01	2.43045e-01
1.82000e+00	1.71003e-01	2.40972e-01
1.83000e+00	1.73220e-01	2.38902e-01
1.84000e+00	1.75446e-01	2.36837e-01
1.85000e+00	1.77682e-01	2.34776e-01
1.86000e+00	1.79928e-01	2.32719e-01
1.87000e+00	1.82182e-01	2.30668e-01
1.88000e+00	1.84446e-01	2.28621e-01
1.89000e+00	1.86718e-01	2.26579e-01
1.90000e+00	1.88999e-01	2.24543e-01
1.91000e+00	1.91289e-01	2.22512e-01
1.92000e+00	1.93587e-01	2.20487e-01
1.93000e+00	1.95892e-01	2.18467e-01
1.94000e+00	1.98206e-01	2.16454e-01
1.95000e+00	2.00527e-01	2.14446e-01
1.96000e+00	2.02856e-01	2.12445e-01
1.97000e+00	2.05192e-01	2.10450e-01
1.98000e+00	2.07535e-01	2.08462e-01
1.99000e+00	2.09885e-01	2.06481e-01
2.00000e+00	2.12241e-01	2.04506e-01
2.01000e+00	2.14604e-01	2.02539e-01
2.02000e+00	2.16974e-01	2.00579e-01
2.03000e+00	2.19349e-01	1.98626e-01
2.04000e+00	2.21730e-01	1.96681e-01
2.05000e+00	2.24118e-01	1.94744e-01
2.06000e+00	2.26510e-01	1.92814e-01
2.07000e+00	2.28908e-01	1.90892e-01
2.08000e+00	2.31311e-01	1.88979e-01
2.09000e+00	2.33719e-01	1.87073e-01
2.10000e+00	2.36132e-01	1.85176e-01
2.11000e+00	2.38549e-01	1.83288e-01
2.12000e+00	2.40971e-01	1.81408e-01
2.13000e+00	2.43396e-01	1.79537e-01
2.14000e+00	2.45826e-01	1.77675e-01
2.15000e+00	2.48259e-01	1.75822e-01
2.16000e+00	2.50696e-01	1.73978e-01
2.17000e+00	2.53136e-01	1.72144e-01
2.18000e+00	2.55580e-01	1.70319e-01
2.19000e+00	2.58026e-01	1.68503e-01
2.20000e+00	2.60475e-01	1.66697e-01
2.21000e+00	2.62926e-01	1.64900e-01
2.22000e+00	2.65380e-01	1.63114e-01
2.23000e+00	2.67837e-01	1.61337e-01
2.24000e+00	2.70295e-01	1.59571e-01
2.25000e+00	2.72755e-01	1.57815e-01
2.26000e+00	2.75216e-01	1.56068e-01
2.27000e+00	2.77679e-01	1.54333e-01
2.28000e+00	2.80143e-01	1.52607e-01
2.29000e+00	2.82608e-01	1.50893e-01
2.30000e+00	2.85074e-01	1.49188e-01
2.31000e+00	2.87541e-01	1.47495e-01
2.32000e+00	2.90008e-01	1.45812e-01
2.33000e+00	2.92475e-01	1.44140e-01
2.34000e+00	2.94943e-01	1.42479e-01
2.35000e+00	2.97410e-01	1.40829e-01
2.36000e+00	2.99877e-01	1.39190e-01
2.37000e+00	3.02343e-01	1.37563e-01
2.38000e+00	3.04809e-01	1.35946e-01
2.39000e+00	3.07274e-01	1.34341e-01
2.40000e+00	3.09738e-01	1.32747e-01
2.41000e+00	3.12201e-01	1.31165e-01
2.42000e+00	3.14663e-01	1.29594e-01
2.43000e+00	3.17123e-01	1.28034e-01
2.44000e+00	3.19581e-01	1.26486e-01
2.45000e+00	3.22038e-01	1.24950e-01
2.46000e+00	3.24492e-01	1.23425e-01
2.47000e+00	3.26944e-01	1.21912e-01
2.48000e+00	3.29394e-01	1.20411e-01
2.49000e+00	3.31841e-01	1.18921e-01
2.50000e+00	3.34286e-01	1.17443e-01
2.51000e+00	3.36727e-01	1.15977e-01
2.52000e+00	3.39166e-01	1.14523e-01
2.53000e+00	3.41601e-01	1.13081e-01
2.54000e+00	3.44033e-01	1.11651e-01
2.55000e+00	3.46462e-01	1.10232e-01
2.56000e+00	3.48887e-01	1.08826e-01
2.57000e+00	3.51308e-01	1.07431e-01
2.58000e+00	3.53725e-01	1.06049e-01
2.59000e+00	3.56138e-01	1.04678e-01
2.60000e+00	3.58546e-01	1.03320e-01
2.61000e+00	3.60951e-01	1.01973e-01
2.62000e+00	3.63350e-01	1.00639e-01
2.63000e+00	3.65745e-01	9.93165e-02
2.64000e+00	3.68135e-01	9.80060e-02
2.65000e+00	3.70520e-01	9.67076e-02
2.66000e+00	3.72900e-01	9.54211e-02
2.67000e+00	3.75275e-01	9.41467e-02
2.68000e+00	3.77644e-01	9.28843e-02
2.69000e+00	3.80008e-01	9.16338e-02
2.70000e+00	3.82366e-01	9.03953e-02
2.71000e+00	3.84719e-01	8.91687e-02
2.72000e+00	3.87065e-01	8.79540e-02
2.73000e+00	3.89406e-01	8.67513e-02
2.74000e+00	3.91740e-01	8.55604e-02
2.75000e+00	3.94068e-01	8.43815e-02
2.76000e+00	3.96389e-01	8.32143e-02
2.77000e+00	3.98704e-01	8.20589e-02
2.78000e+00	4.01013e-01	8.09154e-02
2.79000e+00	4.03315e-01	7.97835e-02
2.80000e+00	4.05609e-01	7.86634e-02
2.81000e+00	4.07897e-01	7.75549e-02
2.82000e+00	4.10178e-01	7.64581e-02
2.83000e+00	4.12452e-01	7.53729e-02
2.84000e+00	4.14718e-01	7.42992e-02
2.85000e+00	4.16977e-01	7.32371e-02
2.86000e+00	4.19228e-01	7.21864e-02
2.87000e+00	4.21472e-01	7.11471e-02
2.88000e+00	4.23709e-01	7.01193e-02
2.89000e+00	4.25937e-01	6.91027e-02
2.90000e+00	4.28158e-01	6.80974e-02
2.91000e+00	4.30370e-01	6.71033e-02
2.92000e+00	4.32575e-01	6.61204e-02
2.93000e+00	4.34771e-01	6.51487e-02
2.94000e+00	4.36960e-01	6.41879e-02
2.95000e+00	4.39140e-01	6.32382e-02
2.96000e+00	4.41311e-01	6.22994e-02
2.97000e+00	4.43474e-01	6.13715e-02
2.98000e+00	4.45629e-01	6.04545e-02
2.99000e+00	4.47775e-01	5.95482e-02
3.00000e+00	4.49912e-01	5.86525e-02
3.01000e+00	4.52041e-01	5.77675e-02
3.02000e+00	4.54161e-01	5.68931e-02
3.03000e+00	4.56272e-01	5.60292e-02
3.04000e+00	4.58374e-01	5.51757e-02
3.05000e+00	4.60467e-01	5.43326e-02
3.06000e+00	4.62550e-01	5.34997e-02
3.07000e+00	4.64625e-01	5.26771e-02
3.08000e+00	4.66691e-01	5.18646e-02
3.09000e+00	4.68747e-01	5.10622e-02
3.10000e+00	4.70794e-01	5.02698e-02
3.11000e+00	4.72831e-01	4.94874e-02
3.12000e+00	4.74860e-01	4.87148e-02
3.13000e+00	4.76878e-01	4.79520e-02
3.14000e+00	4.78888e-01	4.71989e-02
3.15000e+00	4.80887e-01	4.64554e-02
3.16000e+00	4.82877e-01	4.57215e-02
3.17000e+00	4.84858e-01	4.49971e-02
3.18000e+00	4.86828e-01	4.42821e-02
3.19000e+00	4.88789e-01	4.35764e-02
3.20000e+00	4.90740e-01	4.28799e-02
3.21000e+00	4.92682e-01	4.21926e-02
3.22000e+00	4.94613e-01	4.15144e-02
3.23000e+00	4.96535e-01	4.08452e-02
3.24000e+00	4.98447e-01	4.01850e-02
3.25000e+00	5.00348e-01	3.95336e-02
3.26000e+00	5.02240e-01	3.88909e-02
3.27000e+00	5.04122e-01	3.82570e-02
3.28000e+00	5.05994e-01	3.76316e-02
3.29000e+00	5.07856e-01	3.70148e-02
3.30000e+00	5.09707e-01	3.64064e-02
3.31000e+00	5.11549e-01	3.58064e-02
3.32000e+00	5.13380e-01	3.52147e-02
3.33000e+00	5.15201e-01	3.46312e-02
3.34000e+00	5.17012e-01	3.40558e-02
3.35000e+00	5.18813e-01	3.34885e-02
3.36000e+00	5.20604e-01	3.29291e-02
3.37000e+00	5.22384e-01	3.23776e-02
3.38000e+00	5.24155e-01	3.18339e-02
3.39000e+00	5.25915e-01	3.12979e-02
3.40000e+00	5.27664e-01	3.07695e-02
3.41000e+00	5.29404e-01	3.02487e-02
3.42000e+00	5.31133e-01	2.97354e-02
3.43000e+00	5.32852e-01	2.92295e-02
3.44000e+00	5.34560e-01	2.87309e-02
3.45000e+00	5.36259e-01	2.82395e-02
3.46000e+00	5.37947e-01	2.77553e-02
3.47000e+00	5.39625e-01	2.72781e-02
3.48000e+00	5.41292e-01	2.68080e-02
3.49000e+00	5.42949e-01	2.63448e-02
3.50000e+00	5.44596e-01	2.58884e-02
3.51000e+00	5.46232e-01	2.54388e-02
3.52000e+00	5.47858e-01	2.49959e-02
3.53000e+00	5.49474e-01	2.45595e-02
3.54000e+00	5.51080e-01	2.41298e-02
3.55000e+00	5.52675e-01	2.37064e-02
3.56000e+00	5.54260e-01	2.32895e-02
3.57000e+00	5.55835e-01	2.28788e-02
3.58000e+00	5.57399e-01	2.24744e-02
3.59000e+00	5.58953e-01	2.20761e-02
3.60000e+00	5.60497e-01	2.16839e-02
3.61000e+00	5.62031e-01	2.12977e-02
3.62000e+00	5.63554e-01	2.09174e-02
3.63000e+00	5.65067e-01	2.05430e-02
3.64000e+00	5.66570e-01	2.01744e-02
3.65000e+00	5.68063e-01	1.98115e-02
3.66000e+00	5.69545e-01	1.94542e-02
3.67000e+00	5.71018e-01	1.91025e-02
3.68000e+00	5.72480e-01	1.87563e-02
3.69000e+00	5.73932e-01	1.84155e-02
3.70000e+00	5.75374e-01	1.80801e-02
3.71000e+00	5.76806e-01	1.77499e-02
3.72000e+00	5.78227e-01	1.74250e-02
3.73000e+00	5.79639e-01	1.71052e-02
3.74000e+00	5.81040e-01	1.67905e-02
3.75000e+00	5.82432e-01	1.64809e-02
3.76000e+00	5.83813e-01	1.61761e-02
3.77000e+00	5.85185e-01	1.58763e-02
3.78000e+00	5.86546e-01	1.55813e-02
3.79000e+00	5.87898e-01	1.52910e-02
3.80000e+00	5.89239e-01	1.50055e-02
3.81000e+00	5.90571e-01	1.47245e-02
3.82000e+00	5.91893e-01	1.44482e-02
3.83000e+00	5.93205e-01	1.41763e-02
3.84000e+00	5.94507e-01	1.39088e-02
3.85000e+00	5.95799e-01	1.36458e-02
3.86000e+00	5.97082e-01	1.33871e-02
3.87000e+00	5.98354e-01	1.31326e-02
3.88000e+00	5.99617e-01	1.28823e-02
3.89000e+00	6.00871e-01	1.26362e-02
3.90000e+00	6.02114e-01	1.23941e-02
3.91000e+00	6.03348e-01	1.21561e-02
3.92000e+00	6.04572e-01	1.19220e-02
3.93000e+00	6.05787e-01	1.16919e-02
3.94000e+00	6.06992e-01	1.14656e-02
3.95000e+00	6.08188e-01	1.12431e-02
3.96000e+00	6.09374e-01	1.10243e-02
3.97000e+00	6.10551e-01	1.08093e-02
3.98000e+00	6.11718e-01	1.05979e-02
3.99000e+00	6.12876e-01	1.03900e-02
4.00000e+00	6.14024e-01	1.01857e-02
4.01000e+00	6.15163e-01	9.98493e-03
4.02000e+00	6.16293e-01	9.78754e-03
4.03000e+00	6.17413e-01	9.59354e-03
4.04000e+00	6.18524e-01	9.40287e-03
4.05000e+00	6.19626e-01	9.21548e-03
4.06000e+00	6.20719e-01	9.03132e-03
4.07000e+00	6.21802e-01	8.85035e-03
4.08000e+00	6.22877e-01	8.67251e-03
4.09000e+00	6.23942e-01	8.49777e-03
4.10000e+00	6.24998e-01	8.32607e-03
4.11000e+00	6.26045e-01	8.15736e-03
4.12000e+00	6.27084e-01	7.99161e-03
4.13000e+00	6.28113e-01	7.82877e-03
4.14000e+00	6.29133e-01	7.66879e-03
4.15000e+00	6.30145e-01	7.51163e-03
4.16000e+00	6.31147e-01	7.35725e-03
4.17000e+00	6.32141e-01	7.20560e-03
4.18000e+00	6.33126e-01	7.05665e-03
4.19000e+00	6.34102e-01	6.91034e-03
4.20000e+00	6.35069e-01	6.76665e-03
4.21000e+00	6.36028e-01	6.62552e-03
4.22000e+00	6.36978e-01	6.48693e-03
4.23000e+00	6.37920e-01	6.35082e-03
4.24000e+00	6.38853e-01	6.21717e-03
4.25000e+00	6.39777e-01	6.08593e-03
4.26000e+00	6.40693e-01	5.95707e-03
4.27000e+00	6.41601e-01	5.83054e-03
4.28000e+00	6.42500e-01	5.70632e-03
4.29000e+00	6.43391e-01	5.58436e-03
4.30000e+00	6.44273e-01	5.46463e-03
4.31000e+00	6.45147e-01	5.34709e-03
4.32000e+00	6.46013e-01	5.23172e-03
4.33000e+00	6.46870e-01	5.11846e-03
4.34000e+00	6.47719e-01	5.00730e-03
4.35000e+00	6.48561e-01	4.89820e-03
4.36000e+00	6.49394e-01	4.79112e-03
4.37000e+00	6.50218e-01	4.68603e-03
4.38000e+00	6.51035e-01	4.58290e-03
4.39000e+00	6.51844e-01	4.48169e-03
4.40000e+00	6.52645e-01	4.38239e-03
4.41000e+00	6.53438e-01	4.28495e-03
4.42000e+00	6.54223e-01	4.18935e-03
4.43000e+00	6.55000e-01	4.09555e-03
4.44000e+00	6.55769e-01	4.00353e-03
4.45000e+00	6.56531e-01	3.91325e-03
4.46000e+00	6.57284e-01	3.82470e-03
4.47000e+00	6.58030e-01	3.73783e-03
4.48000e+00	6.58769e-01	3.65263e-03
4.49000e+00	6.59499e-01	3.56906e-03
4.50000e+00	6.60223e-01	3.48710e-03
4.51000e+00	6.60938e-01	3.40672e-03
4.52000e+00	6.61646e-01	3.32790e-03
4.53000e+00	6.62347e-01	3.25060e-03
4.54000e+00	6.63040e-01	3.17481e-03
4.55000e+00	6.63725e-01	3.10050e-03
4.56000e+00	6.64404e-01	3.02765e-03
4.57000e+00	6.65074e-01	2.95622e-03
4.58000e+00	6.65738e-01	2.88620e-03
4.59000e+00	6.66395e-01	2.81756e-03
4.60000e+00	6.67044e-01	2.75028e-03
4.61000e+00	6.67686e-01	2.68433e-03
4.62000e+00	6.68320e-01	2.61970e-03
4.63000e+00	6.68948e-01	2.55636e-03
4.64000e+00	6.69569e-01	2.49429e-03
4.65000e+00	6.70182e-01	2.43347e-03
4.66000e+00	6.70789e-01	2.37387e-03
4.67000e+00	6.71389e-01	2.31548e-03
4.68000e+00	6.71981e-01	2.25827e-03
4.69000e+00	6.72567e-01	2.20222e-03
4.70000e+00	6.73146e-01	2.14732e-03
4.71000e+00	6.73718e-01	2.09355e-03
4.72000e+00	6.74284e-01	2.04088e-03
4.73000e+00	6.74843e-01	1.98930e-03
4.74000e+00	6.75395e-01	1.93878e-03
4.75000e+00	6.75940e-01	1.88931e-03
4.76000e+00	6.76479e-01	1.84088e-03
4.77000e+00	6.77011e-01	1.79345e-03
4.78000e+00	6.77536e-01	1.74702e-03
4.79000e+00	6.78055e-01	1.70157e-03
4.80000e+00	6.78568e-01	1.65708e-03
4.81000e+00	6.79074e-01	1.61353e-03
4.82000e+00	6.79574e-01	1.57091e-03
4.83000e+00	6.80068e-01	1.52920e-03
4.84000e+00	6.80555e-01	1.48838e-03
4.85000e+00	6.81036e-01	1.44845e-03
4.86000e+00	6.81510e-01	1.40937e-03
4.87000e+00	6.81979e-01	1.37115e-03
4.88000e+00	6.82441e-01	1.33375e-03
4.89000e+00	6.82897e-01	1.29718e-03
4.90000e+00	6.83347e-01	1.26140e-03
4.91000e+00	6.83791e-01	1.22642e-03
4.92000e+00	6.84229e-01	1.19221e-03
4.93000e+00	6.84661e-01	1.15876e-03
4.94000e+00	6.85087e-01	1.12606e-03
4.95000e+00	6.85507e-01	1.09409e-03
4.96000e+00	6.85921e-01	1.06284e-03
4.97000e+00	6.86330e-01	1.03230e-03
4.98000e+00	6.86732e-01	1.00245e-03
4.99000e+00	6.87129e-01	9.73285e-04
5.00000e+00	6.87520e-01	9.44788e-04
5.01000e+00	6.87906e-01	9.16947e-04
5.02000e+00	6.88285e-01	8.89752e-04
5.03000e+00	6.88660e-01	8.63189e-04
5.04000e+00	6.89028e-01	8.37247e-04
5.05000e+00	6.89391e-01	8.11915e-04
5.06000e+00	6.89749e-01	7.87182e-04
5.07000e+00	6.90101e-01	7.63035e-04
5.08000e+00	6.90448e-01	7.39465e-04
5.09000e+00	6.90789e-01	7.16461e-04
5.10000e+00	6.91125e-01	6.94011e-04
5.11000e+00	6.91455e-01	6.72105e-04
5.12000e+00	6.91781e-01	6.50734e-04
5.13000e+00	6.92101e-01	6.29887e-04
5.14000e+00	6.92416e-01	6.09555e-04
5.15000e+00	6.92725e-01	5.89726e-04
5.16000e+00	6.93030e-01	5.70393e-04
5.17000e+00	6.93330e-01	5.51545e-04
5.18000e+00	6.93624e-01	5.33173e-04
5.19000e+00	6.93913e-01	5.15268e-04
5.20000e+00	6.94198e-01	4.97821e-04
5.21000e+00	6.94477e-01	4.80823e-04
5.22000e+00	6.94752e-01	4.64265e-04
5.23000e+00	6.95021e-01	4.48139e-04
5.24000e+00	6.95286e-01	4.32437e-04
5.25000e+00	6.95546e-01	4.17149e-04
5.26000e+00	6.95801e-01	4.02269e-04
5.27000e+00	6.96052e-01	3.87787e-04
5.28000e+00	6.96298e-01	3.73697e-04
5.29000e+00	6.96539e-01	3.59990e-04
5.30000e+00	6.96775e-01	3.46658e-04
5.31000e+00	6.97007e-01	3.33695e-04
5.32000e+00	6.97235e-01	3.21092e-04
5.33000e+00	6.97458e-01	3.08843e-04
5.34000e+00	6.97676e-01	2.96941e-04
5.35000e+00	6.97890e-01	2.85377e-04
5.36000e+00	6.98100e-01	2.74146e-04
5.37000e+00	6.98305e-01	2.63241e-04
5.38000e+00	6.98506e-01	2.52654e-04
5.39000e+00	6.98702e-01	2.42380e-04
5.40000e+00	6.98895e-01	2.32412e-04
5.41000e+00	6.99083e-01	2.22743e-04
5.42000e+00	6.99267e-01	2.13368e-04
5.43000e+00	6.99446e-01	2.04280e-04
5.44000e+00	6.99622e-01	1.95472e-04
5.45000e+00	6.99794e-01	1.86940e-04
5.46000e+00	6.99961e-01	1.78677e-04
5.47000e+00	7.00125e-01	1.70678e-04
5.48000e+00	7.00285e-01	1.62936e-04
5.49000e+00	7.00440e-01	1.55446e-04
5.50000e+00	7.00592e-01	1.48203e-04
5.51000e+00	7.00740e-01	1.41202e-04
5.52000e+00	7.00884e-01	1.34436e-04
5.53000e+00	7.01025e-01	1.27901e-04
5.54000e+00	7.01161e-01	1.21592e-04
5.55000e+00	7.01294e-01	1.15503e-04
5.56000e+00	7.01424e-01	1.09630e-04
5.57000e+00	7.01549e-01	1.03967e-04
5.58000e+00	7.01672e-01	9.85108e-05
5.59000e+00	7.01790e-01	9.32553e-05
5.60000e+00	7.01905e-01	8.81963e-05
5.61000e+00	7.02017e-01	8.33291e-05
5.62000e+00	7.02125e-01	7.86492e-05
5.63000e+00	7.02230e-01	7.41522e-05
5.64000e+00	7.02332e-01	6.98337e-05
5.65000e+00	7.02430e-01	6.56894e-05
5.66000e+00	7.02525e-01	6.17150e-05
5.67000e+00	7.02616e-01	5.79064e-05
5.68000e+00	7.02705e-01	5.42594e-05
5.69000e+00	7.02790e-01	5.07700e-05
5.70000e+00	7.02873e-01	4.74343e-05
5.71000e+00	7.02952e-01	4.42482e-05
5.72000e+00	7.03028e-01	4.12079e-05
5.73000e+00	7.03101e-01	3.83096e-05
5.74000e+00	7.03172e-01	3.55495e-05
5.75000e+00	7.03239e-01	3.29239e-05
5.76000e+00	7.03304e-01	3.04292e-05
5.77000e+00	7.03366e-01	2.80618e-05
5.78000e+00	7.03425e-01	2.58182e-05
5.79000e+00	7.03481e-01	2.36947e-05
5.80000e+00	7.03535e-01	2.16881e-05
5.81000e+00	7.03586e-01	1.97948e-05
5.82000e+00	7.03634e-01	1.80115e-05
5.83000e+00	7.03680e-01	1.63349e-05
5.84000e+00	7.03723e-01	1.47618e-05
5.85000e+00	7.03764e-01	1.32888e-05
5.86000e+00	7.03803e-01	1.19128e-05
5.87000e+00	7.03839e-01	1.06306e-05
5.88000e+00	7.03873e-01	9.43903e-06
5.89000e+00	7.03905e-01	8.33506e-06
5.90000e+00	7.03934e-01	7.31560e-06
5.91000e+00	7.03961e-01	6.37760e-06
5.92000e+00	7.03987e-01	5.51802e-06
5.93000e+00	7.04010e-01	4.73388e-06
5.94000e+00	7.04031e-01	4.02218e-06
5.95000e+00	7.04050e-01	3.37996e-06
5.96000e+00	7.04068e-01	2.80426e-06
5.97000e+00	7.04084e-01	2.29212e-06
5.98000e+00	7.04097e-01	1.84059e-06
5.99000e+00	7.04110e-01	1.44670e-06
6.00000e+00	7.04120e-01	1.10749e-06
6.01000e+00	7.04129e-01	8.19939e-07
6.02000e+00	7.04137e-01	5.81032e-07
6.03000e+00	7.04143e-01	3.87685e-07
6.04000e+00	7.04148e-01	2.36761e-07
6.05000e+00	7.04152e-01	1.25048e-07
6.06000e+00	7.04154e-01	4.92584e-08
6.07000e+00	7.04156e-01	6.13923e-09
