1.00000e-02	1.27923e-25	1.00000e-04
2.00000e-02	8.95464e-10	1.00000e-04
3.00000e-02	3.32601e-09	9.99997e-05
4.00000e-02	8.05917e-09	9.99991e-05
5.00000e-02	1.58625e-08	9.99984e-05
6.00000e-02	2.75034e-08	9.99974e-05
7.00000e-02	4.37494e-08	9.99963e-05
8.00000e-02	6.53680e-08	9.99950e-05
9.00000e-02	9.31265e-08	9.99935e-05
1.00000e-01	1.27792e-07	9.99918e-05
1.10000e-01	1.70133e-07	9.99899e-05
1.20000e-01	2.20915e-07	9.99878e-05
1.30000e-01	2.80907e-07	9.99855e-05
1.40000e-01	3.50875e-07	9.99831e-05
1.50000e-01	4.31586e-07	9.99804e-05
1.60000e-01	5.23808e-07	9.99776e-05
1.70000e-01	6.28307e-07	9.99746e-05
1.80000e-01	7.45850e-07	9.99713e-05
1.90000e-01	8.77205e-07	9.99679e-05
2.00000e-01	1.02314e-06	9.99643e-05
2.10000e-01	1.18441e-06	9.99605e-05
2.20000e-01	1.36180e-06	9.99566e-05
2.30000e-01	1.55606e-06	9.99524e-05
2.40000e-01	1.76797e-06	9.99481e-05
2.50000e-01	1.99829e-06	9.99435e-05
2.60000e-01	2.24778e-06	9.99388e-05
2.70000e-01	2.51721e-06	9.99339e-05
2.80000e-01	2.80736e-06	9.99288e-05
2.90000e-01	3.11897e-06	9.99235e-05
3.00000e-01	3.45282e-06	9.99180e-05
3.10000e-01	3.80968e-06	9.99123e-05
3.20000e-01	4.19030e-06	9.99064e-05
3.30000e-01	4.59546e-06	9.99004e-05
3.40000e-01	5.02591e-06	9.98941e-05
3.50000e-01	5.48243e-06	9.98877e-05
3.60000e-01	5.96578e-06	9.98811e-05
3.70000e-01	6.47672e-06	9.98743e-05
3.80000e-01	7.01601e-06	9.98673e-05
3.90000e-01	7.58442e-06	9.98601e-05
4.00000e-01	8.18272e-06	9.98527e-05
4.10000e-01	8.81167e-06	9.98452e-05
4.20000e-01	9.47202e-06	9.98374e-05
4.30000e-01	1.01645e-05	9.98295e-05
4.40000e-01	1.08900e-05	9.98213e-05
4.50000e-01	1.16492e-05	9.98130e-05
4.60000e-01	1.24428e-05	9.98045e-05
4.70000e-01	1.32716e-05	9.97958e-05
4.80000e-01	1.41365e-05	9.97869e-05
4.90000e-01	1.50381e-05	9.97779e-05
5.00000e-01	1.59771e-05	9.97686e-05
5.10000e-01	1.69545e-05	9.97592e-05
5.20000e-01	1.79709e-05	9.97495e-05
5.30000e-01	1.90271e-05	9.97397e-05
5.40000e-01	2.01238e-05	9.97297e-05
5.50000e-01	2.12618e-05	9.97195e-05
5.60000e-01	2.24419e-05	9.97091e-05
5.70000e-01	2.36649e-05	9.96986e-05
5.80000e-01	2.49314e-05	9.96878e-05
5.90000e-01	2.62423e-05	9.96768e-05
6.00000e-01	2.75983e-05	9.96657e-05
6.10000e-01	2.90001e-05	9.96544e-05
6.20000e-01	3.04486e-05	9.96429e-05
6.30000e-01	3.19445e-05	9.96312e-05
6.40000e-01	3.34885e-05	9.96193e-05
6.50000e-01	3.50814e-05	9.96072e-05
6.60000e-01	3.67239e-05	9.95949e-05
6.70000e-01	3.84169e-05	9.95825e-05
6.80000e-01	4.01610e-05	9.95699e-05
6.90000e-01	4.19570e-05	9.95570e-05
7.00000e-01	4.38057e-05	9.95440e-05
7.10000e-01	4.57079e-05	9.95308e-05
7.20000e-01	4.76642e-05	9.95175e-05
7.30000e-01	4.96755e-05	9.95039e-05
7.40000e-01	5.17424e-05	9.94901e-05
7.50000e-01	5.38658e-05	9.94762e-05
7.60000e-01	5.60464e-05	9.94621e-05
7.70000e-01	5.82850e-05	9.94477e-05
7.80000e-01	6.05823e-05	9.94332e-05
7.90000e-01	6.29390e-05	9.94185e-05
8.00000e-01	6.53559e-05	9.94037e-05
8.10000e-01	6.78338e-05	9.93886e-05
8.20000e-01	7.03734e-05	9.93734e-05
8.30000e-01	7.29754e-05	9.93579e-05
8.40000e-01	7.56407e-05	9.93423e-05
8.50000e-01	7.83699e-05	9.93265e-05
8.60000e-01	8.11638e-05	9.93105e-05
8.70000e-01	8.40232e-05	9.92943e-05
8.80000e-01	8.69487e-05	9.92780e-05
8.90000e-01	8.99413e-05	9.92614e-05
9.00000e-01	9.30015e-05	9.92447e-05
9.10000e-01	9.61302e-05	9.92278e-05
9.20000e-01	9.93280e-05	9.92107e-05
9.30000e-01	1.02596e-04	9.91934e-05
9.40000e-01	1.05934e-04	9.91759e-05
9.50000e-01	1.09344e-04	9.91582e-05
9.60000e-01	1.12826e-04	9.91404e-05
9.70000e-01	1.16381e-04	9.91224e-05
9.80000e-01	1.20010e-04	9.91041e-05
9.90000e-01	1.23713e-04	9.90858e-05
1.00000e+00	1.27491e-04	9.90672e-05
1.01000e+00	1.31345e-04	9.90484e-05
1.02000e+00	1.35276e-04	9.90294e-05
1.03000e+00	1.39284e-04	9.90103e-05
1.04000e+00	1.43370e-04	9.89910e-05
1.05000e+00	1.47535e-04	9.89715e-05
1.06000e+00	1.51780e-04	9.89518e-05
1.07000e+00	1.56104e-04	9.89319e-05
1.08000e+00	1.60510e-04	9.89119e-05
1.09000e+00	1.64998e-04	9.88916e-05
1.10000e+00	1.69568e-04	9.88712e-05
1.11000e+00	1.74222e-04	9.88506e-05
1.12000e+00	1.78960e-04	9.88298e-05
1.13000e+00	1.83782e-04	9.88088e-05
1.14000e+00	1.88690e-04	9.87877e-05
1.15000e+00	1.93684e-04	9.87664e-05
1.16000e+00	1.98764e-04	9.87448e-05
1.17000e+00	2.03933e-04	9.87231e-05
1.18000e+00	2.09190e-04	9.87012e-05
1.19000e+00	2.14536e-04	9.86792e-05
1.20000e+00	2.19972e-04	9.86569e-05
1.21000e+00	2.25499e-04	9.86345e-05
1.22000e+00	2.31117e-04	9.86119e-05
1.23000e+00	2.36827e-04	9.85891e-05
1.24000e+00	2.42629e-04	9.85661e-05
1.25000e+00	2.48526e-04	9.85429e-05
1.26000e+00	2.54516e-04	9.85196e-05
1.27000e+00	2.60602e-04	9.84961e-05
1.28000e+00	2.66783e-04	9.84724e-05
1.29000e+00	2.73060e-04	9.84485e-05
1.30000e+00	2.79435e-04	9.84244e-05
1.31000e+00	2.85908e-04	9.84002e-05
1.32000e+00	2.92479e-04	9.83757e-05
1.33000e+00	2.99149e-04	9.83511e-05
1.34000e+00	3.05920e-04	9.83263e-05
1.35000e+00	3.12791e-04	9.83014e-05
1.36000e+00	3.19764e-04	9.82762e-05
1.37000e+00	3.26839e-04	9.82509e-05
1.38000e+00	3.34016e-04	9.82254e-05
1.39000e+00	3.41298e-04	9.81997e-05
1.40000e+00	3.48684e-04	9.81738e-05
1.41000e+00	3.56174e-04	9.81477e-05
1.42000e+00	3.63771e-04	9.81215e-05
1.43000e+00	3.71474e-04	9.80951e-05
1.44000e+00	3.79285e-04	9.80685e-05
1.45000e+00	3.87203e-04	9.80417e-05
1.46000e+00	3.95230e-04	9.80148e-05
1.47000e+00	4.03366e-04	9.79877e-05
1.48000e+00	4.11612e-04	9.79604e-05
1.49000e+00	4.19969e-04	9.79329e-05
1.50000e+00	4.28438e-04	9.79052e-05
1.51000e+00	4.37018e-04	9.78774e-05
1.52000e+00	4.45712e-04	9.78494e-05
1.53000e+00	4.54519e-04	9.78212e-05
1.54000e+00	4.63441e-04	9.77928e-05
1.55000e+00	4.72477e-04	9.77642e-05
1.56000e+00	4.81630e-04	9.77355e-05
1.57000e+00	4.90898e-04	9.77066e-05
1.58000e+00	5.00284e-04	9.76775e-05
1.59000e+00	5.09788e-04	9.76483e-05
1.60000e+00	5.19410e-04	9.76188e-05
1.61000e+00	5.29151e-04	9.75892e-05
1.62000e+00	5.39013e-04	9.75594e-05
1.63000e+00	5.48995e-04	9.75294e-05
1.64000e+00	5.59098e-04	9.74993e-05
1.65000e+00	5.69324e-04	9.74690e-05
1.66000e+00	5.79672e-04	9.74385e-05
1.67000e+00	5.90143e-04	9.74078e-05
1.68000e+00	6.00739e-04	9.73770e-05
1.69000e+00	6.11459e-04	9.73459e-05
1.70000e+00	6.22305e-04	9.73147e-05
1.71000e+00	6.33277e-04	9.72834e-05
1.72000e+00	6.44376e-04	9.72518e-05
1.73000e+00	6.55603e-04	9.72201e-05
1.74000e+00	6.66958e-04	9.71882e-05
1.75000e+00	6.78442e-04	9.71561e-05
1.76000e+00	6.90056e-04	9.71239e-05
1.77000e+00	7.01799e-04	9.70915e-05
1.78000e+00	7.13674e-04	9.70589e-05
1.79000e+00	7.25681e-04	9.70261e-05
1.80000e+00	7.37820e-04	9.69931e-05
1.81000e+00	7.50092e-04	9.69600e-05
1.82000e+00	7.62498e-04	9.69267e-05
1.83000e+00	7.75038e-04	9.68933e-05
1.84000e+00	7.87714e-04	9.68596e-05
1.85000e+00	8.00525e-04	9.68258e-05
1.86000e+00	8.13473e-04	9.67919e-05
1.87000e+00	8.26558e-04	9.67577e-05
1.88000e+00	8.39780e-04	9.67234e-05
1.89000e+00	8.53142e-04	9.66889e-05
1.90000e+00	8.66642e-04	9.66542e-05
1.91000e+00	8.80283e-04	9.66194e-05
1.92000e+00	8.94063e-04	9.65844e-05
1.93000e+00	9.07986e-04	9.65492e-05
1.94000e+00	9.22049e-04	9.65138e-05
1.95000e+00	9.36256e-04	9.64783e-05
1.96000e+00	9.50606e-04	9.64426e-05
1.97000e+00	9.65099e-04	9.64067e-05
1.98000e+00	9.79738e-04	9.63707e-05
1.99000e+00	9.94521e-04	9.63345e-05
2.00000e+00	1.00945e-03	9.62981e-05
2.01000e+00	1.02453e-03	9.62616e-05
2.02000e+00	1.03975e-03	9.62248e-05
2.03000e+00	1.05512e-03	9.61880e-05
2.04000e+00	1.07064e-03	9.61509e-05
2.05000e+00	1.08631e-03	9.61137e-05
2.06000e+00	1.10213e-03	9.60763e-05
2.07000e+00	1.11810e-03	9.60387e-05
2.08000e+00	1.13422e-03	9.60010e-05
2.09000e+00	1.15049e-03	9.59631e-05
2.10000e+00	1.16691e-03	9.59250e-05
2.11000e+00	1.18349e-03	9.58868e-05
2.12000e+00	1.20022e-03	9.58484e-05
2.13000e+00	1.21711e-03	9.58098e-05
2.14000e+00	1.23415e-03	9.57711e-05
2.15000e+00	1.25135e-03	9.57322e-05
2.16000e+00	1.26870e-03	9.56931e-05
2.17000e+00	1.28621e-03	9.56539e-05
2.18000e+00	1.30388e-03	9.56145e-05
2.19000e+00	1.32171e-03	9.55749e-05
2.20000e+00	1.33969e-03	9.55351e-05
2.21000e+00	1.35784e-03	9.54952e-05
2.22000e+00	1.37614e-03	9.54552e-05
2.23000e+00	1.39461e-03	9.54149e-05
2.24000e+00	1.41324e-03	9.53745e-05
2.25000e+00	1.43203e-03	9.53340e-05
2.26000e+00	1.45098e-03	9.52933e-05
2.27000e+00	1.47010e-03	9.52524e-05
2.28000e+00	1.48938e-03	9.52113e-05
2.29000e+00	1.50882e-03	9.51701e-05
2.30000e+00	1.52843e-03	9.51287e-05
2.31000e+00	1.54821e-03	9.50871e-05
2.32000e+00	1.56815e-03	9.50454e-05
2.33000e+00	1.58826e-03	9.50036e-05
2.34000e+00	1.60854e-03	9.49615e-05
2.35000e+00	1.62899e-03	9.49193e-05
2.36000e+00	1.64960e-03	9.48769e-05
2.37000e+00	1.67039e-03	9.48344e-05
2.38000e+00	1.69135e-03	9.47917e-05
2.39000e+00	1.71247e-03	9.47489e-05
2.40000e+00	1.73377e-03	9.47059e-05
2.41000e+00	1.75524e-03	9.46627e-05
2.42000e+00	1.77689e-03	9.46194e-05
2.43000e+00	1.79871e-03	9.45759e-05
2.44000e+00	1.82070e-03	9.45322e-05
2.45000e+00	1.84287e-03	9.44884e-05
2.46000e+00	1.86521e-03	9.44444e-05
2.47000e+00	1.88772e-03	9.44003e-05
2.48000e+00	1.91042e-03	9.43560e-05
2.49000e+00	1.93329e-03	9.43115e-05
2.50000e+00	1.95634e-03	9.42669e-05
2.51000e+00	1.97957e-03	9.42221e-05
2.52000e+00	2.00298e-03	9.41772e-05
2.53000e+00	2.02656e-03	9.41321e-05
2.54000e+00	2.05033e-03	9.40868e-05
2.55000e+00	2.07428e-03	9.40414e-05
2.56000e+00	2.09841e-03	9.39958e-05
2.57000e+00	2.12272e-03	9.39501e-05
2.58000e+00	2.14721e-03	9.39042e-05
2.59000e+00	2.17189e-03	9.38582e-05
2.60000e+00	2.19675e-03	9.38120e-05
2.61000e+00	2.22179e-03	9.37656e-05
2.62000e+00	2.24702e-03	9.37191e-05
2.63000e+00	2.27244e-03	9.36724e-05
2.64000e+00	2.29804e-03	9.36256e-05
2.65000e+00	2.32383e-03	9.35786e-05
2.66000e+00	2.34981e-03	9.35315e-05
2.67000e+00	2.37597e-03	9.34842e-05
2.68000e+00	2.40232e-03	9.34368e-05
2.69000e+00	2.42887e-03	9.33892e-05
2.70000e+00	2.45560e-03	9.33414e-05
2.71000e+00	2.48252e-03	9.32935e-05
2.72000e+00	2.50963e-03	9.32454e-05
2.73000e+00	2.53694e-03	9.31972e-05
2.74000e+00	2.56443e-03	9.31488e-05
2.75000e+00	2.59212e-03	9.31003e-05
2.76000e+00	2.62001e-03	9.30516e-05
2.77000e+00	2.64808e-03	9.30028e-05
2.78000e+00	2.67635e-03	9.29538e-05
2.79000e+00	2.70482e-03	9.29046e-05
2.80000e+00	2.73348e-03	9.28554e-05
2.81000e+00	2.76234e-03	9.28059e-05
2.82000e+00	2.79139e-03	9.27563e-05
2.83000e+00	2.82064e-03	9.27066e-05
2.84000e+00	2.85009e-03	9.26567e-05
2.85000e+00	2.87974e-03	9.26066e-05
2.86000e+00	2.90959e-03	9.25564e-05
2.87000e+00	2.93963e-03	9.25061e-05
2.88000e+00	2.96988e-03	9.24556e-05
2.89000e+00	3.00032e-03	9.24049e-05
2.90000e+00	3.03097e-03	9.23541e-05
2.91000e+00	3.06182e-03	9.23032e-05
2.92000e+00	3.09287e-03	9.22521e-05
2.93000e+00	3.12413e-03	9.22008e-05
2.94000e+00	3.15558e-03	9.21494e-05
2.95000e+00	3.18725e-03	9.20979e-05
2.96000e+00	3.21911e-03	9.20462e-05
2.97000e+00	3.25118e-03	9.19943e-05
2.98000e+00	3.28346e-03	9.19424e-05
2.99000e+00	3.31594e-03	9.18902e-05
3.00000e+00	3.34863e-03	9.18379e-05
3.01000e+00	3.38153e-03	9.17855e-05
3.02000e+00	3.41463e-03	9.17329e-05
3.03000e+00	3.44795e-03	9.16802e-05
3.04000e+00	3.48147e-03	9.16273e-05
3.05000e+00	3.51520e-03	9.15743e-05
3.06000e+00	3.54914e-03	9.15212e-05
3.07000e+00	3.58329e-03	9.14679e-05
3.08000e+00	3.61765e-03	9.14144e-05
3.09000e+00	3.65223e-03	9.13608e-05
3.10000e+00	3.68701e-03	9.13071e-05
3.11000e+00	3.72201e-03	9.12532e-05
3.12000e+00	3.75722e-03	9.11992e-05
3.13000e+00	3.79265e-03	9.11450e-05
3.14000e+00	3.82829e-03	9.10907e-05
3.15000e+00	3.86414e-03	9.10362e-05
3.16000e+00	3.90021e-03	9.09816e-05
3.17000e+00	3.93650e-03	9.09269e-05
3.18000e+00	3.97300e-03	9.08720e-05
3.19000e+00	4.00972e-03	9.08170e-05
3.20000e+00	4.04665e-03	9.07618e-05
3.21000e+00	4.08380e-03	9.07065e-05
3.22000e+00	4.12118e-03	9.06511e-05
3.23000e+00	4.15877e-03	9.05955e-05
3.24000e+00	4.19657e-03	9.05397e-05
3.25000e+00	4.23460e-03	9.04839e-05
3.26000e+00	4.27285e-03	9.04279e-05
3.27000e+00	4.31132e-03	9.03717e-05
3.28000e+00	4.35001e-03	9.03154e-05
3.29000e+00	4.38893e-03	9.02590e-05
3.30000e+00	4.42806e-03	9.02024e-05
3.31000e+00	4.46742e-03	9.01457e-05
3.32000e+00	4.50700e-03	9.00889e-05
3.33000e+00	4.54681e-03	9.00319e-05
3.34000e+00	4.58684e-03	8.99748e-05
3.35000e+00	4.62709e-03	8.99175e-05
3.36000e+00	4.66757e-03	8.98601e-05
3.37000e+00	4.70828e-03	8.98026e-05
3.38000e+00	4.74921e-03	8.97449e-05
3.39000e+00	4.79037e-03	8.96871e-05
3.40000e+00	4.83176e-03	8.96292e-05
3.41000e+00	4.87337e-03	8.95711e-05
3.42000e+00	4.91521e-03	8.95129e-05
3.43000e+00	4.95728e-03	8.94545e-05
3.44000e+00	4.99958e-03	8.93961e-05
3.45000e+00	5.04211e-03	8.93375e-05
3.46000e+00	5.08487e-03	8.92787e-05
3.47000e+00	5.12786e-03	8.92198e-05
3.48000e+00	5.17108e-03	8.91608e-05
3.49000e+00	5.21454e-03	8.91017e-05
3.50000e+00	5.25822e-03	8.90424e-05
3.51000e+00	5.30214e-03	8.89830e-05
3.52000e+00	5.34629e-03	8.89234e-05
3.53000e+00	5.39067e-03	8.88637e-05
3.54000e+00	5.43529e-03	8.88039e-05
3.55000e+00	5.48014e-03	8.87440e-05
3.56000e+00	5.52523e-03	8.86839e-05
3.57000e+00	5.57055e-03	8.86237e-05
3.58000e+00	5.61611e-03	8.85634e-05
3.59000e+00	5.66190e-03	8.85029e-05
3.60000e+00	5.70793e-03	8.84423e-05
3.61000e+00	5.75420e-03	8.83816e-05
3.62000e+00	5.80071e-03	8.83207e-05
3.63000e+00	5.84745e-03	8.82597e-05
3.64000e+00	5.89443e-03	8.81986e-05
3.65000e+00	5.94165e-03	8.81374e-05
3.66000e+00	5.98911e-03	8.80760e-05
3.67000e+00	6.03681e-03	8.80145e-05
3.68000e+00	6.08475e-03	8.79529e-05
3.69000e+00	6.13293e-03	8.78911e-05
3.70000e+00	6.18135e-03	8.78293e-05
3.71000e+00	6.23001e-03	8.77673e-05
3.72000e+00	6.27892e-03	8.77051e-05
3.73000e+00	6.32807e-03	8.76429e-05
3.74000e+00	6.37746e-03	8.75805e-05
3.75000e+00	6.42709e-03	8.75180e-05
3.76000e+00	6.47697e-03	8.74553e-05
3.77000e+00	6.52709e-03	8.73926e-05
3.78000e+00	6.57745e-03	8.73297e-05
3.79000e+00	6.62806e-03	8.72667e-05
3.80000e+00	6.67892e-03	8.72036e-05
3.81000e+00	6.73002e-03	8.71403e-05
3.82000e+00	6.78137e-03	8.70769e-05
3.83000e+00	6.83296e-03	8.70134e-05
3.84000e+00	6.88480e-03	8.69498e-05
3.85000e+00	6.93689e-03	8.68861e-05
3.86000e+00	6.98923e-03	8.68222e-05
3.87000e+00	7.04181e-03	8.67582e-05
3.88000e+00	7.09465e-03	8.66941e-05
3.89000e+00	7.14773e-03	8.66299e-05
3.90000e+00	7.20106e-03	8.65655e-05
3.91000e+00	7.25464e-03	8.65010e-05
3.92000e+00	7.30847e-03	8.64364e-05
3.93000e+00	7.36256e-03	8.63717e-05
3.94000e+00	7.41689e-03	8.63069e-05
3.95000e+00	7.47148e-03	8.62420e-05
3.96000e+00	7.52631e-03	8.61769e-05
3.97000e+00	7.58140e-03	8.61117e-05
3.98000e+00	7.63674e-03	8.60464e-05
3.99000e+00	7.69234e-03	8.59810e-05
4.00000e+00	7.74819e-03	8.59154e-05
4.01000e+00	7.80429e-03	8.58498e-05
4.02000e+00	7.86065e-03	8.57840e-05
4.03000e+00	7.91726e-03	8.57181e-05
4.04000e+00	7.97412e-03	8.56521e-05
4.05000e+00	8.03124e-03	8.55860e-05
4.06000e+00	8.08862e-03	8.55197e-05
4.07000e+00	8.14625e-03	8.54534e-05
4.08000e+00	8.20414e-03	8.53869e-05
4.09000e+00	8.26229e-03	8.53203e-05
4.10000e+00	8.32069e-03	8.52536e-05
4.11000e+00	8.37935e-03	8.51868e-05
4.12000e+00	8.43827e-03	8.51199e-05
4.13000e+00	8.49745e-03	8.50528e-05
4.14000e+00	8.55689e-03	8.49857e-05
4.15000e+00	8.61658e-03	8.49184e-05
4.16000e+00	8.67654e-03	8.48510e-05
4.17000e+00	8.73675e-03	8.47836e-05
4.18000e+00	8.79722e-03	8.47160e-05
4.19000e+00	8.85796e-03	8.46482e-05
4.20000e+00	8.91895e-03	8.45804e-05
4.21000e+00	8.98021e-03	8.45125e-05
4.22000e+00	9.04173e-03	8.44444e-05
4.23000e+00	9.10351e-03	8.43763e-05
4.24000e+00	9.16555e-03	8.43080e-05
4.25000e+00	9.22785e-03	8.42396e-05
4.26000e+00	9.29042e-03	8.41712e-05
4.27000e+00	9.35325e-03	8.41026e-05
4.28000e+00	9.41635e-03	8.40339e-05
4.29000e+00	9.47971e-03	8.39651e-05
4.30000e+00	9.54333e-03	8.38962e-05
4.31000e+00	9.60721e-03	8.38271e-05
4.32000e+00	9.67137e-03	8.37580e-05
4.33000e+00	9.73578e-03	8.36888e-05
4.34000e+00	9.80047e-03	8.36194e-05
4.35000e+00	9.86541e-03	8.35500e-05
4.36000e+00	9.93063e-03	8.34804e-05
4.37000e+00	9.99611e-03	8.34108e-05
4.38000e+00	1.00619e-02	8.33410e-05
4.39000e+00	1.01279e-02	8.32711e-05
4.40000e+00	1.01942e-02	8.32012e-05
4.41000e+00	1.02607e-02	8.31311e-05
4.42000e+00	1.03275e-02	8.30609e-05
4.43000e+00	1.03946e-02	8.29906e-05
4.44000e+00	1.04620e-02	8.29202e-05
4.45000e+00	1.05296e-02	8.28497e-05
4.46000e+00	1.05975e-02	8.27791e-05
4.47000e+00	1.06656e-02	8.27084e-05
4.48000e+00	1.07341e-02	8.26376e-05
4.49000e+00	1.08028e-02	8.25667e-05
4.50000e+00	1.08718e-02	8.24957e-05
4.51000e+00	1.09410e-02	8.24246e-05
4.52000e+00	1.10105e-02	8.23534e-05
4.53000e+00	1.10803e-02	8.22821e-05
4.54000e+00	1.11504e-02	8.22107e-05
4.55000e+00	1.12207e-02	8.21393e-05
4.56000e+00	1.12913e-02	8.20677e-05
4.57000e+00	1.13622e-02	8.19960e-05
4.58000e+00	1.14333e-02	8.19242e-05
4.59000e+00	1.15048e-02	8.18523e-05
4.60000e+00	1.15765e-02	8.17803e-05
4.61000e+00	1.16484e-02	8.17082e-05
4.62000e+00	1.17207e-02	8.16360e-05
4.63000e+00	1.17932e-02	8.15637e-05
4.64000e+00	1.18660e-02	8.14914e-05
4.65000e+00	1.19390e-02	8.14189e-05
4.66000e+00	1.20124e-02	8.13463e-05
4.67000e+00	1.20860e-02	8.12737e-05
4.68000e+00	1.21599e-02	8.12009e-05
4.69000e+00	1.22341e-02	8.11280e-05
4.70000e+00	1.23085e-02	8.10551e-05
4.71000e+00	1.23832e-02	8.09821e-05
4.72000e+00	1.24582e-02	8.09089e-05
4.73000e+00	1.25335e-02	8.08357e-05
4.74000e+00	1.26091e-02	8.07624e-05
4.75000e+00	1.26849e-02	8.06890e-05
4.76000e+00	1.27610e-02	8.06155e-05
4.77000e+00	1.28374e-02	8.05419e-05
4.78000e+00	1.29140e-02	8.04682e-05
4.79000e+00	1.29910e-02	8.03944e-05
4.80000e+00	1.30682e-02	8.03205e-05
4.81000e+00	1.31457e-02	8.02466e-05
4.82000e+00	1.32235e-02	8.01725e-05
4.83000e+00	1.33015e-02	8.00984e-05
4.84000e+00	1.33799e-02	8.00242e-05
4.85000e+00	1.34585e-02	7.99498e-05
4.86000e+00	1.35374e-02	7.98754e-05
4.87000e+00	1.36166e-02	7.98009e-05
4.88000e+00	1.36960e-02	7.97264e-05
4.89000e+00	1.37758e-02	7.96517e-05
4.90000e+00	1.38558e-02	7.95769e-05
4.91000e+00	1.39361e-02	7.95021e-05
4.92000e+00	1.40167e-02	7.94272e-05
4.93000e+00	1.40975e-02	7.93521e-05
4.94000e+00	1.41787e-02	7.92770e-05
4.95000e+00	1.42601e-02	7.92018e-05
4.96000e+00	1.43418e-02	7.91266e-05
4.97000e+00	1.44238e-02	7.90512e-05
4.98000e+00	1.45061e-02	7.89758e-05
4.99000e+00	1.45887e-02	7.89003e-05
5.00000e+00	1.46715e-02	7.88246e-05
5.01000e+00	1.47546e-02	7.87490e-05
5.02000e+00	1.48380e-02	7.86732e-05
5.03000e+00	1.49217e-02	7.85973e-05
5.04000e+00	1.50057e-02	7.85214e-05
5.05000e+00	1.50900e-02	7.84454e-05
5.06000e+00	1.51745e-02	7.83693e-05
5.07000e+00	1.52593e-02	7.82931e-05
5.08000e+00	1.53445e-02	7.82168e-05
5.09000e+00	1.54299e-02	7.81405e-05
5.10000e+00	1.55156e-02	7.80640e-05
5.11000e+00	1.56015e-02	7.79875e-05
5.12000e+00	1.56878e-02	7.79109e-05
5.13000e+00	1.57743e-02	7.78343e-05
5.14000e+00	1.58611e-02	7.77575e-05
5.15000e+00	1.59483e-02	7.76807e-05
5.16000e+00	1.60357e-02	7.76038e-05
5.17000e+00	1.61233e-02	7.75268e-05
5.18000e+00	1.62113e-02	7.74498e-05
5.19000e+00	1.62996e-02	7.73726e-05
5.20000e+00	1.63881e-02	7.72954e-05
5.21000e+00	1.64770e-02	7.72181e-05
5.22000e+00	1.65661e-02	7.71408e-05
5.23000e+00	1.66555e-02	7.70633e-05
5.24000e+00	1.67452e-02	7.69858e-05
5.25000e+00	1.68352e-02	7.69082e-05
5.26000e+00	1.69254e-02	7.68306e-05
5.27000e+00	1.70160e-02	7.67528e-05
5.28000e+00	1.71068e-02	7.66750e-05
5.29000e+00	1.71980e-02	7.65972e-05
5.30000e+00	1.72894e-02	7.65192e-05
5.31000e+00	1.73811e-02	7.64412e-05
5.32000e+00	1.74731e-02	7.63631e-05
5.33000e+00	1.75654e-02	7.62849e-05
5.34000e+00	1.76580e-02	7.62066e-05
5.35000e+00	1.77509e-02	7.61283e-05
5.36000e+00	1.78440e-02	7.60499e-05
5.37000e+00	1.79375e-02	7.59715e-05
5.38000e+00	1.80312e-02	7.58930e-05
5.39000e+00	1.81252e-02	7.58144e-05
5.40000e+00	1.82195e-02	7.57357e-05
5.41000e+00	1.83141e-02	7.56570e-05
5.42000e+00	1.84090e-02	7.55782e-05
5.43000e+00	1.85042e-02	7.54993e-05
5.44000e+00	1.85997e-02	7.54203e-05
5.45000e+00	1.86955e-02	7.53413e-05
5.46000e+00	1.87915e-02	7.52622e-05
5.47000e+00	1.88879e-02	7.51831e-05
5.48000e+00	1.89845e-02	7.51039e-05
5.49000e+00	1.90815e-02	7.50246e-05
5.50000e+00	1.91787e-02	7.49453e-05
5.51000e+00	1.92762e-02	7.48659e-05
5.52000e+00	1.93740e-02	7.47864e-05
5.53000e+00	1.94721e-02	7.47068e-05
5.54000e+00	1.95705e-02	7.46272e-05
5.55000e+00	1.96692e-02	7.45476e-05
5.56000e+00	1.97681e-02	7.44678e-05
5.57000e+00	1.98674e-02	7.43880e-05
5.58000e+00	1.99669e-02	7.43082e-05
5.59000e+00	2.00668e-02	7.42283e-05
5.60000e+00	2.01669e-02	7.41483e-05
5.61000e+00	2.02674e-02	7.40682e-05
5.62000e+00	2.03681e-02	7.39881e-05
5.63000e+00	2.04691e-02	7.39080e-05
5.64000e+00	2.05704e-02	7.38277e-05
5.65000e+00	2.06720e-02	7.37474e-05
5.66000e+00	2.07739e-02	7.36671e-05
5.67000e+00	2.08761e-02	7.35867e-05
5.68000e+00	2.09786e-02	7.35062e-05
5.69000e+00	2.10813e-02	7.34257e-05
5.70000e+00	2.11844e-02	7.33451e-05
5.71000e+00	2.12878e-02	7.32644e-05
5.72000e+00	2.13914e-02	7.31837e-05
5.73000e+00	2.14954e-02	7.31030e-05
5.74000e+00	2.15996e-02	7.30222e-05
5.75000e+00	2.17041e-02	7.29413e-05
5.76000e+00	2.18089e-02	7.28603e-05
5.77000e+00	2.19141e-02	7.27794e-05
5.78000e+00	2.20195e-02	7.26983e-05
5.79000e+00	2.21252e-02	7.26172e-05
5.80000e+00	2.22312e-02	7.25360e-05
5.81000e+00	2.23375e-02	7.24548e-05
5.82000e+00	2.24440e-02	7.23736e-05
5.83000e+00	2.25509e-02	7.22922e-05
5.84000e+00	2.26581e-02	7.22109e-05
5.85000e+00	2.27656e-02	7.21294e-05
5.86000e+00	2.28733e-02	7.20480e-05
5.87000e+00	2.29814e-02	7.19664e-05
5.88000e+00	2.30897e-02	7.18848e-05
5.89000e+00	2.31984e-02	7.18032e-05
5.90000e+00	2.33073e-02	7.17215e-05
5.91000e+00	2.34165e-02	7.16398e-05
5.92000e+00	2.35260e-02	7.15580e-05
5.93000e+00	2.36359e-02	7.14761e-05
5.94000e+00	2.37460e-02	7.13942e-05
5.95000e+00	2.38564e-02	7.13123e-05
5.96000e+00	2.39671e-02	7.12303e-05
5.97000e+00	2.40781e-02	7.11482e-05
5.98000e+00	2.41894e-02	7.10662e-05
5.99000e+00	2.43009e-02	7.09840e-05
6.00000e+00	2.44128e-02	7.09018e-05
6.01000e+00	2.45250e-02	7.08196e-05
6.02000e+00	2.46375e-02	7.07373e-05
6.03000e+00	2.47502e-02	7.06550e-05
6.04000e+00	2.48633e-02	7.05726e-05
6.05000e+00	2.49766e-02	7.04902e-05
6.06000e+00	2.50903e-02	7.04077e-05
6.07000e+00	2.52042e-02	7.03252e-05
6.08000e+00	2.53184e-02	7.02426e-05
6.09000e+00	2.54329e-02	7.01600e-05
6.10000e+00	2.55478e-02	7.00774e-05
6.11000e+00	2.56629e-02	6.99947e-05
6.12000e+00	2.57783e-02	6.99119e-05
6.13000e+00	2.58940e-02	6.98291e-05
6.14000e+00	2.60100e-02	6.97463e-05
6.15000e+00	2.61263e-02	6.96635e-05
6.16000e+00	2.62429e-02	6.95805e-05
6.17000e+00	2.63597e-02	6.94976e-05
6.18000e+00	2.64769e-02	6.94146e-05
6.19000e+00	2.65944e-02	6.93316e-05
6.20000e+00	2.67121e-02	6.92485e-05
6.21000e+00	2.68302e-02	6.91654e-05
6.22000e+00	2.69485e-02	6.90822e-05
6.23000e+00	2.70672e-02	6.89990e-05
6.24000e+00	2.71861e-02	6.89158e-05
6.25000e+00	2.73053e-02	6.88325e-05
6.26000e+00	2.74249e-02	6.87492e-05
6.27000e+00	2.75447e-02	6.86658e-05
6.28000e+00	2.76648e-02	6.85824e-05
6.29000e+00	2.77852e-02	6.84990e-05
6.30000e+00	2.79059e-02	6.84155e-05
6.31000e+00	2.80269e-02	6.83320e-05
6.32000e+00	2.81482e-02	6.82485e-05
6.33000e+00	2.82698e-02	6.81649e-05
6.34000e+00	2.83916e-02	6.80813e-05
6.35000e+00	2.85138e-02	6.79976e-05
6.36000e+00	2.86363e-02	6.79139e-05
6.37000e+00	2.87590e-02	6.78302e-05
6.38000e+00	2.88821e-02	6.77464e-05
6.39000e+00	2.90054e-02	6.76626e-05
6.40000e+00	2.91291e-02	6.75788e-05
6.41000e+00	2.92530e-02	6.74950e-05
6.42000e+00	2.93772e-02	6.74111e-05
6.43000e+00	2.95017e-02	6.73271e-05
6.44000e+00	2.96265e-02	6.72432e-05
6.45000e+00	2.97516e-02	6.71592e-05
6.46000e+00	2.98770e-02	6.70752e-05
6.47000e+00	3.00027e-02	6.69911e-05
6.48000e+00	3.01287e-02	6.69070e-05
6.49000e+00	3.02550e-02	6.68229e-05
6.50000e+00	3.03815e-02	6.67388e-05
6.51000e+00	3.05084e-02	6.66546e-05
6.52000e+00	3.06355e-02	6.65704e-05
6.53000e+00	3.07630e-02	6.64861e-05
6.54000e+00	3.08907e-02	6.64019e-05
6.55000e+00	3.10187e-02	6.63176e-05
6.56000e+00	3.11471e-02	6.62332e-05
6.57000e+00	3.12757e-02	6.61489e-05
6.58000e+00	3.14046e-02	6.60645e-05
6.59000e+00	3.15338e-02	6.59801e-05
6.60000e+00	3.16633e-02	6.58957e-05
6.61000e+00	3.17930e-02	6.58112e-05
6.62000e+00	3.19231e-02	6.57267e-05
6.63000e+00	3.20535e-02	6.56422e-05
6.64000e+00	3.21841e-02	6.55577e-05
6.65000e+00	3.23151e-02	6.54731e-05
6.66000e+00	3.24463e-02	6.53885e-05
6.67000e+00	3.25778e-02	6.53039e-05
6.68000e+00	3.27096e-02	6.52192e-05
6.69000e+00	3.28417e-02	6.51346e-05
6.70000e+00	3.29741e-02	6.50499e-05
6.71000e+00	3.31068e-02	6.49652e-05
6.72000e+00	3.32398e-02	6.48804e-05
6.73000e+00	3.33731e-02	6.47957e-05
6.74000e+00	3.35066e-02	6.47109e-05
6.75000e+00	3.36405e-02	6.46261e-05
6.76000e+00	3.37746e-02	6.45413e-05
6.77000e+00	3.39090e-02	6.44564e-05
6.78000e+00	3.40438e-02	6.43716e-05
6.79000e+00	3.41788e-02	6.42867e-05
6.80000e+00	3.43141e-02	6.42018e-05
6.81000e+00	3.44497e-02	6.41169e-05
6.82000e+00	3.45855e-02	6.40319e-05
6.83000e+00	3.47217e-02	6.39470e-05
6.84000e+00	3.48581e-02	6.38620e-05
6.85000e+00	3.49949e-02	6.37770e-05
6.86000e+00	3.51319e-02	6.36920e-05
6.87000e+00	3.52692e-02	6.36069e-05
6.88000e+00	3.54068e-02	6.35219e-05
6.89000e+00	3.55447e-02	6.34368e-05
6.90000e+00	3.56829e-02	6.33517e-05
6.91000e+00	3.58214e-02	6.32666e-05
6.92000e+00	3.59601e-02	6.31815e-05
6.93000e+00	3.60992e-02	6.30963e-05
6.94000e+00	3.62385e-02	6.30112e-05
6.95000e+00	3.63781e-02	6.29260e-05
6.96000e+00	3.65180e-02	6.28408e-05
6.97000e+00	3.66582e-02	6.27556e-05
6.98000e+00	3.67987e-02	6.26704e-05
6.99000e+00	3.69395e-02	6.25852e-05
7.00000e+00	3.70805e-02	6.24999e-05
7.01000e+00	3.72219e-02	6.24147e-05
7.02000e+00	3.73635e-02	6.23294e-05
7.03000e+00	3.75054e-02	6.22442e-05
7.04000e+00	3.76476e-02	6.21589e-05
7.05000e+00	3.77901e-02	6.20736e-05
7.06000e+00	3.79329e-02	6.19882e-05
7.07000e+00	3.80759e-02	6.19029e-05
7.08000e+00	3.82192e-02	6.18176e-05
7.09000e+00	3.83629e-02	6.17322e-05
7.10000e+00	3.85068e-02	6.16469e-05
7.11000e+00	3.86510e-02	6.15615e-05
7.12000e+00	3.87954e-02	6.14761e-05
7.13000e+00	3.89402e-02	6.13908e-05
7.14000e+00	3.90852e-02	6.13054e-05
7.15000e+00	3.92306e-02	6.12200e-05
7.16000e+00	3.93762e-02	6.11345e-05
7.17000e+00	3.95221e-02	6.10491e-05
7.18000e+00	3.96682e-02	6.09637e-05
7.19000e+00	3.98147e-02	6.08783e-05
7.20000e+00	3.99614e-02	6.07928e-05
7.21000e+00	4.01085e-02	6.07074e-05
7.22000e+00	4.02558e-02	6.06219e-05
7.23000e+00	4.04033e-02	6.05365e-05
7.24000e+00	4.05512e-02	6.04510e-05
7.25000e+00	4.06994e-02	6.03655e-05
7.26000e+00	4.08478e-02	6.02801e-05
7.27000e+00	4.09965e-02	6.01946e-05
7.28000e+00	4.11455e-02	6.01091e-05
7.29000e+00	4.12948e-02	6.00236e-05
7.30000e+00	4.14443e-02	5.99381e-05
7.31000e+00	4.15941e-02	5.98526e-05
7.32000e+00	4.17443e-02	5.97671e-05
7.33000e+00	4.18947e-02	5.96816e-05
7.34000e+00	4.20453e-02	5.95961e-05
7.35000e+00	4.21963e-02	5.95106e-05
7.36000e+00	4.23475e-02	5.94251e-05
7.37000e+00	4.24990e-02	5.93396e-05
7.38000e+00	4.26508e-02	5.92541e-05
7.39000e+00	4.28029e-02	5.91686e-05
7.40000e+00	4.29552e-02	5.90831e-05
7.41000e+00	4.31078e-02	5.89976e-05
7.42000e+00	4.32607e-02	5.89121e-05
7.43000e+00	4.34139e-02	5.88266e-05
7.44000e+00	4.35674e-02	5.87411e-05
7.45000e+00	4.37211e-02	5.86556e-05
7.46000e+00	4.38751e-02	5.85700e-05
7.47000e+00	4.40294e-02	5.84845e-05
7.48000e+00	4.41839e-02	5.83990e-05
7.49000e+00	4.43388e-02	5.83135e-05
7.50000e+00	4.44939e-02	5.82280e-05
7.51000e+00	4.46493e-02	5.81426e-05
7.52000e+00	4.48049e-02	5.80571e-05
7.53000e+00	4.49608e-02	5.79716e-05
7.54000e+00	4.51171e-02	5.78861e-05
7.55000e+00	4.52735e-02	5.78006e-05
7.56000e+00	4.54303e-02	5.77152e-05
7.57000e+00	4.55873e-02	5.76297e-05
7.58000e+00	4.57446e-02	5.75442e-05
7.59000e+00	4.59022e-02	5.74588e-05
7.60000e+00	4.60600e-02	5.73733e-05
7.61000e+00	4.62182e-02	5.72879e-05
7.62000e+00	4.63766e-02	5.72024e-05
7.63000e+00	4.65352e-02	5.71170e-05
7.64000e+00	4.66942e-02	5.70316e-05
7.65000e+00	4.68534e-02	5.69462e-05
7.66000e+00	4.70128e-02	5.68608e-05
7.67000e+00	4.71726e-02	5.67754e-05
7.68000e+00	4.73326e-02	5.66900e-05
7.69000e+00	4.74929e-02	5.66046e-05
7.70000e+00	4.76535e-02	5.65192e-05
7.71000e+00	4.78143e-02	5.64339e-05
7.72000e+00	4.79754e-02	5.63485e-05
7.73000e+00	4.81368e-02	5.62632e-05
7.74000e+00	4.82984e-02	5.61778e-05
7.75000e+00	4.84603e-02	5.60925e-05
7.76000e+00	4.86225e-02	5.60072e-05
7.77000e+00	4.87849e-02	5.59219e-05
7.78000e+00	4.89476e-02	5.58366e-05
7.79000e+00	4.91106e-02	5.57513e-05
7.80000e+00	4.92739e-02	5.56661e-05
7.81000e+00	4.94374e-02	5.55808e-05
7.82000e+00	4.96011e-02	5.54956e-05
7.83000e+00	4.97652e-02	5.54103e-05
7.84000e+00	4.99295e-02	5.53251e-05
7.85000e+00	5.00941e-02	5.52399e-05
7.86000e+00	5.02589e-02	5.51547e-05
7.87000e+00	5.04240e-02	5.50696e-05
7.88000e+00	5.05894e-02	5.49844e-05
7.89000e+00	5.07550e-02	5.48993e-05
7.90000e+00	5.09209e-02	5.48141e-05
7.91000e+00	5.10871e-02	5.47290e-05
7.92000e+00	5.12535e-02	5.46439e-05
7.93000e+00	5.14202e-02	5.45588e-05
7.94000e+00	5.15871e-02	5.44738e-05
7.95000e+00	5.17543e-02	5.43887e-05
7.96000e+00	5.19218e-02	5.43037e-05
7.97000e+00	5.20895e-02	5.42187e-05
7.98000e+00	5.22575e-02	5.41337e-05
7.99000e+00	5.24258e-02	5.40487e-05
8.00000e+00	5.25943e-02	5.39638e-05
8.01000e+00	5.27631e-02	5.38788e-05
8.02000e+00	5.29321e-02	5.37939e-05
8.03000e+00	5.31014e-02	5.37090e-05
8.04000e+00	5.32709e-02	5.36241e-05
8.05000e+00	5.34407e-02	5.35392e-05
8.06000e+00	5.36108e-02	5.34544e-05
8.07000e+00	5.37811e-02	5.33696e-05
8.08000e+00	5.39517e-02	5.32848e-05
8.09000e+00	5.41226e-02	5.32000e-05
8.10000e+00	5.42937e-02	5.31152e-05
8.11000e+00	5.44650e-02	5.30305e-05
8.12000e+00	5.46366e-02	5.29458e-05
8.13000e+00	5.48085e-02	5.28611e-05
8.14000e+00	5.49806e-02	5.27764e-05
8.15000e+00	5.51530e-02	5.26917e-05
8.16000e+00	5.53256e-02	5.26071e-05
8.17000e+00	5.54985e-02	5.25225e-05
8.18000e+00	5.56717e-02	5.24379e-05
8.19000e+00	5.58450e-02	5.23533e-05
8.20000e+00	5.60187e-02	5.22688e-05
8.21000e+00	5.61926e-02	5.21843e-05
8.22000e+00	5.63667e-02	5.20998e-05
8.23000e+00	5.65411e-02	5.20153e-05
8.24000e+00	5.67158e-02	5.19309e-05
8.25000e+00	5.68907e-02	5.18465e-05
8.26000e+00	5.70659e-02	5.17621e-05
8.27000e+00	5.72413e-02	5.16777e-05
8.28000e+00	5.74169e-02	5.15934e-05
8.29000e+00	5.75928e-02	5.15091e-05
8.30000e+00	5.77690e-02	5.14248e-05
8.31000e+00	5.79454e-02	5.13406e-05
8.32000e+00	5.81221e-02	5.12563e-05
8.33000e+00	5.82990e-02	5.11721e-05
8.34000e+00	5.84761e-02	5.10880e-05
8.35000e+00	5.86535e-02	5.10038e-05
8.36000e+00	5.88312e-02	5.09197e-05
8.37000e+00	5.90091e-02	5.08356e-05
8.38000e+00	5.91872e-02	5.07516e-05
8.39000e+00	5.93656e-02	5.06675e-05
8.40000e+00	5.95442e-02	5.05835e-05
8.41000e+00	5.97231e-02	5.04996e-05
8.42000e+00	5.99022e-02	5.04156e-05
8.43000e+00	6.00816e-02	5.03317e-05
8.44000e+00	6.02612e-02	5.02478e-05
8.45000e+00	6.04410e-02	5.01640e-05
8.46000e+00	6.06211e-02	5.00802e-05
8.47000e+00	6.08015e-02	4.99964e-05
8.48000e+00	6.09820e-02	4.99126e-05
8.49000e+00	6.11629e-02	4.98289e-05
8.50000e+00	6.13439e-02	4.97452e-05
8.51000e+00	6.15252e-02	4.96616e-05
8.52000e+00	6.17068e-02	4.95779e-05
8.53000e+00	6.18886e-02	4.94943e-05
8.54000e+00	6.20706e-02	4.94108e-05
8.55000e+00	6.22528e-02	4.93273e-05
8.56000e+00	6.24353e-02	4.92438e-05
8.57000e+00	6.26181e-02	4.91603e-05
8.58000e+00	6.28011e-02	4.90769e-05
8.59000e+00	6.29843e-02	4.89935e-05
8.60000e+00	6.31677e-02	4.89102e-05
8.61000e+00	6.33514e-02	4.88268e-05
8.62000e+00	6.35353e-02	4.87436e-05
8.63000e+00	6.37195e-02	4.86603e-05
8.64000e+00	6.39039e-02	4.85771e-05
8.65000e+00	6.40885e-02	4.84939e-05
8.66000e+00	6.42734e-02	4.84108e-05
8.67000e+00	6.44585e-02	4.83277e-05
8.68000e+00	6.46438e-02	4.82446e-05
8.69000e+00	6.48294e-02	4.81616e-05
8.70000e+00	6.50152e-02	4.80786e-05
8.71000e+00	6.52012e-02	4.79956e-05
8.72000e+00	6.53875e-02	4.79127e-05
8.73000e+00	6.55740e-02	4.78299e-05
8.74000e+00	6.57607e-02	4.77470e-05
8.75000e+00	6.59476e-02	4.76642e-05
8.76000e+00	6.61348e-02	4.75815e-05
8.77000e+00	6.63222e-02	4.74987e-05
8.78000e+00	6.65099e-02	4.74161e-05
8.79000e+00	6.66978e-02	4.73334e-05
8.80000e+00	6.68859e-02	4.72508e-05
8.81000e+00	6.70742e-02	4.71683e-05
8.82000e+00	6.72627e-02	4.70857e-05
8.83000e+00	6.74515e-02	4.70033e-05
8.84000e+00	6.76405e-02	4.69208e-05
8.85000e+00	6.78298e-02	4.68384e-05
8.86000e+00	6.80192e-02	4.67561e-05
8.87000e+00	6.82089e-02	4.66738e-05
8.88000e+00	6.83988e-02	4.65915e-05
8.89000e+00	6.85890e-02	4.65092e-05
8.90000e+00	6.87793e-02	4.64271e-05
8.91000e+00	6.89699e-02	4.63449e-05
8.92000e+00	6.91607e-02	4.62628e-05
8.93000e+00	6.93517e-02	4.61808e-05
8.94000e+00	6.95430e-02	4.60987e-05
8.95000e+00	6.97344e-02	4.60168e-05
8.96000e+00	6.99261e-02	4.59348e-05
8.97000e+00	7.01180e-02	4.58530e-05
8.98000e+00	7.03101e-02	4.57711e-05
8.99000e+00	7.05025e-02	4.56893e-05
9.00000e+00	7.06951e-02	4.56076e-05
9.01000e+00	7.08878e-02	4.55259e-05
9.02000e+00	7.10808e-02	4.54442e-05
9.03000e+00	7.12741e-02	4.53626e-05
9.04000e+00	7.14675e-02	4.52810e-05
9.05000e+00	7.16611e-02	4.51995e-05
9.06000e+00	7.18550e-02	4.51180e-05
9.07000e+00	7.20491e-02	4.50366e-05
9.08000e+00	7.22434e-02	4.49552e-05
9.09000e+00	7.24379e-02	4.48739e-05
9.10000e+00	7.26326e-02	4.47926e-05
9.11000e+00	7.28276e-02	4.47114e-05
9.12000e+00	7.30227e-02	4.46302e-05
9.13000e+00	7.32181e-02	4.45490e-05
9.14000e+00	7.34136e-02	4.44679e-05
9.15000e+00	7.36094e-02	4.43869e-05
9.16000e+00	7.38054e-02	4.43059e-05
9.17000e+00	7.40016e-02	4.42249e-05
9.18000e+00	7.41981e-02	4.41440e-05
9.19000e+00	7.43947e-02	4.40632e-05
9.20000e+00	7.45915e-02	4.39824e-05
9.21000e+00	7.47886e-02	4.39016e-05
9.22000e+00	7.49858e-02	4.38209e-05
9.23000e+00	7.51833e-02	4.37403e-05
9.24000e+00	7.53809e-02	4.36597e-05
9.25000e+00	7.55788e-02	4.35791e-05
9.26000e+00	7.57769e-02	4.34986e-05
9.27000e+00	7.59752e-02	4.34182e-05
9.28000e+00	7.61736e-02	4.33378e-05
9.29000e+00	7.63723e-02	4.32574e-05
9.30000e+00	7.65712e-02	4.31771e-05
9.31000e+00	7.67703e-02	4.30969e-05
9.32000e+00	7.69696e-02	4.30167e-05
9.33000e+00	7.71691e-02	4.29366e-05
9.34000e+00	7.73688e-02	4.28565e-05
9.35000e+00	7.75687e-02	4.27765e-05
9.36000e+00	7.77688e-02	4.26965e-05
9.37000e+00	7.79691e-02	4.26166e-05
9.38000e+00	7.81696e-02	4.25367e-05
9.39000e+00	7.83703e-02	4.24569e-05
9.40000e+00	7.85712e-02	4.23771e-05
9.41000e+00	7.87723e-02	4.22974e-05
9.42000e+00	7.89736e-02	4.22177e-05
9.43000e+00	7.91751e-02	4.21381e-05
9.44000e+00	7.93768e-02	4.20586e-05
9.45000e+00	7.95787e-02	4.19791e-05
9.46000e+00	7.97808e-02	4.18997e-05
9.47000e+00	7.99831e-02	4.18203e-05
9.48000e+00	8.01855e-02	4.17410e-05
9.49000e+00	8.03882e-02	4.16617e-05
9.50000e+00	8.05910e-02	4.15825e-05
9.51000e+00	8.07941e-02	4.15033e-05
9.52000e+00	8.09973e-02	4.14242e-05
9.53000e+00	8.12007e-02	4.13452e-05
9.54000e+00	8.14044e-02	4.12662e-05
9.55000e+00	8.16082e-02	4.11873e-05
9.56000e+00	8.18122e-02	4.11084e-05
9.57000e+00	8.20164e-02	4.10296e-05
9.58000e+00	8.22207e-02	4.09508e-05
9.59000e+00	8.24253e-02	4.08721e-05
9.60000e+00	8.26301e-02	4.07935e-05
9.61000e+00	8.28350e-02	4.07149e-05
9.62000e+00	8.30401e-02	4.06364e-05
9.63000e+00	8.32454e-02	4.05579e-05
9.64000e+00	8.34509e-02	4.04795e-05
9.65000e+00	8.36566e-02	4.04012e-05
9.66000e+00	8.38625e-02	4.03229e-05
9.67000e+00	8.40685e-02	4.02447e-05
9.68000e+00	8.42748e-02	4.01665e-05
9.69000e+00	8.44812e-02	4.00884e-05
9.70000e+00	8.46878e-02	4.00104e-05
9.71000e+00	8.48945e-02	3.99324e-05
9.72000e+00	8.51015e-02	3.98544e-05
9.73000e+00	8.53086e-02	3.97766e-05
9.74000e+00	8.55160e-02	3.96988e-05
9.75000e+00	8.57234e-02	3.96210e-05
9.76000e+00	8.59311e-02	3.95433e-05
9.77000e+00	8.61390e-02	3.94657e-05
9.78000e+00	8.63470e-02	3.93882e-05
9.79000e+00	8.65552e-02	3.93107e-05
9.80000e+00	8.67636e-02	3.92332e-05
9.81000e+00	8.69722e-02	3.91559e-05
9.82000e+00	8.71809e-02	3.90786e-05
9.83000e+00	8.73898e-02	3.90013e-05
9.84000e+00	8.75989e-02	3.89241e-05
9.85000e+00	8.78081e-02	3.88470e-05
9.86000e+00	8.80176e-02	3.87699e-05
9.87000e+00	8.82272e-02	3.86930e-05
9.88000e+00	8.84369e-02	3.86160e-05
9.89000e+00	8.86469e-02	3.85392e-05
9.90000e+00	8.88570e-02	3.84623e-05
9.91000e+00	8.90673e-02	3.83856e-05
9.92000e+00	8.92777e-02	3.83089e-05
9.93000e+00	8.94883e-02	3.82323e-05
9.94000e+00	8.96991e-02	3.81558e-05
9.95000e+00	8.99101e-02	3.80793e-05
9.96000e+00	9.01212e-02	3.80029e-05
9.97000e+00	9.03325e-02	3.79265e-05
9.98000e+00	9.05439e-02	3.78502e-05
9.99000e+00	9.07555e-02	3.77740e-05
1.00000e+01	9.09673e-02	3.76979e-05
1.00100e+01	9.11793e-02	3.76218e-05
1.00200e+01	9.13914e-02	3.75458e-05
1.00300e+01	9.16037e-02	3.74698e-05
1.00400e+01	9.18161e-02	3.73939e-05
1.00500e+01	9.20287e-02	3.73181e-05
1.00600e+01	9.22414e-02	3.72423e-05
1.00700e+01	9.24544e-02	3.71666e-05
1.00800e+01	9.26674e-02	3.70910e-05
1.00900e+01	9.28807e-02	3.70155e-05
1.01000e+01	9.30941e-02	3.69400e-05
1.01100e+01	9.33076e-02	3.68646e-05
1.01200e+01	9.35213e-02	3.67892e-05
1.01300e+01	9.37352e-02	3.67139e-05
1.01400e+01	9.39492e-02	3.66387e-05
1.01500e+01	9.41634e-02	3.65636e-05
1.01600e+01	9.43777e-02	3.64885e-05
1.01700e+01	9.45922e-02	3.64135e-05
1.01800e+01	9.48068e-02	3.63385e-05
1.01900e+01	9.50216e-02	3.62637e-05
1.02000e+01	9.52366e-02	3.61888e-05
1.02100e+01	9.54517e-02	3.61141e-05
1.02200e+01	9.56669e-02	3.60394e-05
1.02300e+01	9.58823e-02	3.59649e-05
1.02400e+01	9.60979e-02	3.58903e-05
1.02500e+01	9.63136e-02	3.58159e-05
1.02600e+01	9.65294e-02	3.57415e-05
1.02700e+01	9.67454e-02	3.56672e-05
1.02800e+01	9.69615e-02	3.55929e-05
1.02900e+01	9.71778e-02	3.55188e-05
1.03000e+01	9.73943e-02	3.54446e-05
1.03100e+01	9.76108e-02	3.53706e-05
1.03200e+01	9.78276e-02	3.52967e-05
1.03300e+01	9.80444e-02	3.52228e-05
1.03400e+01	9.82615e-02	3.51489e-05
1.03500e+01	9.84786e-02	3.50752e-05
1.03600e+01	9.86959e-02	3.50015e-05
1.03700e+01	9.89134e-02	3.49279e-05
1.03800e+01	9.91309e-02	3.48544e-05
1.03900e+01	9.93487e-02	3.47809e-05
1.04000e+01	9.95665e-02	3.47075e-05
1.04100e+01	9.97845e-02	3.46342e-05
1.04200e+01	1.00003e-01	3.45610e-05
1.04300e+01	1.00221e-01	3.44878e-05
1.04400e+01	1.00439e-01	3.44147e-05
1.04500e+01	1.00658e-01	3.43417e-05
1.04600e+01	1.00877e-01	3.42687e-05
1.04700e+01	1.01095e-01	3.41958e-05
1.04800e+01	1.01314e-01	3.41230e-05
1.04900e+01	1.01533e-01	3.40503e-05
1.05000e+01	1.01753e-01	3.39777e-05
1.05100e+01	1.01972e-01	3.39051e-05
1.05200e+01	1.02192e-01	3.38326e-05
1.05300e+01	1.02411e-01	3.37601e-05
1.05400e+01	1.02631e-01	3.36878e-05
1.05500e+01	1.02851e-01	3.36155e-05
1.05600e+01	1.03071e-01	3.35433e-05
1.05700e+01	1.03291e-01	3.34711e-05
1.05800e+01	1.03511e-01	3.33991e-05
1.05900e+01	1.03732e-01	3.33271e-05
1.06000e+01	1.03952e-01	3.32552e-05
1.06100e+01	1.04173e-01	3.31833e-05
1.06200e+01	1.04394e-01	3.31116e-05
1.06300e+01	1.04615e-01	3.30399e-05
1.06400e+01	1.04836e-01	3.29683e-05
1.06500e+01	1.05057e-01	3.28967e-05
1.06600e+01	1.05278e-01	3.28253e-05
1.06700e+01	1.05499e-01	3.27539e-05
1.06800e+01	1.05721e-01	3.26826e-05
1.06900e+01	1.05943e-01	3.26113e-05
1.07000e+01	1.06164e-01	3.25402e-05
1.07100e+01	1.06386e-01	3.24691e-05
1.07200e+01	1.06608e-01	3.23981e-05
1.07300e+01	1.06830e-01	3.23272e-05
1.07400e+01	1.07053e-01	3.22563e-05
1.07500e+01	1.07275e-01	3.21856e-05
1.07600e+01	1.07497e-01	3.21149e-05
1.07700e+01	1.07720e-01	3.20442e-05
1.07800e+01	1.07943e-01	3.19737e-05
1.07900e+01	1.08166e-01	3.19032e-05
1.08000e+01	1.08389e-01	3.18329e-05
1.08100e+01	1.08612e-01	3.17626e-05
1.08200e+01	1.08835e-01	3.16923e-05
1.08300e+01	1.09058e-01	3.16222e-05
1.08400e+01	1.09281e-01	3.15521e-05
1.08500e+01	1.09505e-01	3.14821e-05
1.08600e+01	1.09729e-01	3.14122e-05
1.08700e+01	1.09952e-01	3.13424e-05
1.08800e+01	1.10176e-01	3.12726e-05
1.08900e+01	1.10400e-01	3.12029e-05
1.09000e+01	1.10624e-01	3.11333e-05
1.09100e+01	1.10848e-01	3.10638e-05
1.09200e+01	1.11073e-01	3.09944e-05
1.09300e+01	1.11297e-01	3.09250e-05
1.09400e+01	1.11521e-01	3.08557e-05
1.09500e+01	1.11746e-01	3.07865e-05
1.09600e+01	1.11971e-01	3.07174e-05
1.09700e+01	1.12195e-01	3.06483e-05
1.09800e+01	1.12420e-01	3.05794e-05
1.09900e+01	1.12645e-01	3.05105e-05
1.10000e+01	1.12870e-01	3.04417e-05
1.10100e+01	1.13096e-01	3.03730e-05
1.10200e+01	1.13321e-01	3.03043e-05
1.10300e+01	1.13546e-01	3.02358e-05
1.10400e+01	1.13772e-01	3.01673e-05
1.10500e+01	1.13997e-01	3.00989e-05
1.10600e+01	1.14223e-01	3.00305e-05
1.10700e+01	1.14449e-01	2.99623e-05
1.10800e+01	1.14675e-01	2.98941e-05
1.10900e+01	1.14901e-01	2.98261e-05
1.11000e+01	1.15127e-01	2.97581e-05
1.11100e+01	1.15353e-01	2.96901e-05
1.11200e+01	1.15579e-01	2.96223e-05
1.11300e+01	1.15806e-01	2.95546e-05
1.11400e+01	1.16032e-01	2.94869e-05
1.11500e+01	1.16259e-01	2.94193e-05
1.11600e+01	1.16485e-01	2.93518e-05
1.11700e+01	1.16712e-01	2.92843e-05
1.11800e+01	1.16939e-01	2.92170e-05
1.11900e+01	1.17166e-01	2.91497e-05
1.12000e+01	1.17393e-01	2.90826e-05
1.12100e+01	1.17620e-01	2.90155e-05
1.12200e+01	1.17847e-01	2.89484e-05
1.12300e+01	1.18074e-01	2.88815e-05
1.12400e+01	1.18301e-01	2.88146e-05
1.12500e+01	1.18529e-01	2.87479e-05
1.12600e+01	1.18756e-01	2.86812e-05
1.12700e+01	1.18984e-01	2.86146e-05
1.12800e+01	1.19212e-01	2.85481e-05
1.12900e+01	1.19439e-01	2.84816e-05
1.13000e+01	1.19667e-01	2.84153e-05
1.13100e+01	1.19895e-01	2.83490e-05
1.13200e+01	1.20123e-01	2.82828e-05
1.13300e+01	1.20351e-01	2.82167e-05
1.13400e+01	1.20579e-01	2.81507e-05
1.13500e+01	1.20807e-01	2.80847e-05
1.13600e+01	1.21036e-01	2.80189e-05
1.13700e+01	1.21264e-01	2.79531e-05
1.13800e+01	1.21493e-01	2.78874e-05
1.13900e+01	1.21721e-01	2.78218e-05
1.14000e+01	1.21950e-01	2.77563e-05
1.14100e+01	1.22178e-01	2.76909e-05
1.14200e+01	1.22407e-01	2.76255e-05
1.14300e+01	1.22636e-01	2.75602e-05
1.14400e+01	1.22865e-01	2.74951e-05
1.14500e+01	1.23094e-01	2.74300e-05
1.14600e+01	1.23323e-01	2.73649e-05
1.14700e+01	1.23552e-01	2.73000e-05
1.14800e+01	1.23781e-01	2.72352e-05
1.14900e+01	1.24010e-01	2.71704e-05
1.15000e+01	1.24240e-01	2.71057e-05
1.15100e+01	1.24469e-01	2.70411e-05
1.15200e+01	1.24699e-01	2.69766e-05
1.15300e+01	1.24928e-01	2.69122e-05
1.15400e+01	1.25158e-01	2.68479e-05
1.15500e+01	1.25387e-01	2.67836e-05
1.15600e+01	1.25617e-01	2.67195e-05
1.15700e+01	1.25847e-01	2.66554e-05
1.15800e+01	1.26077e-01	2.65914e-05
1.15900e+01	1.26306e-01	2.65275e-05
1.16000e+01	1.26536e-01	2.64636e-05
1.16100e+01	1.26766e-01	2.63999e-05
1.16200e+01	1.26996e-01	2.63362e-05
1.16300e+01	1.27227e-01	2.62727e-05
1.16400e+01	1.27457e-01	2.62092e-05
1.16500e+01	1.27687e-01	2.61458e-05
1.16600e+01	1.27917e-01	2.60825e-05
1.16700e+01	1.28148e-01	2.60193e-05
1.16800e+01	1.28378e-01	2.59561e-05
1.16900e+01	1.28609e-01	2.58931e-05
1.17000e+01	1.28839e-01	2.58301e-05
1.17100e+01	1.29070e-01	2.57672e-05
1.17200e+01	1.29300e-01	2.57044e-05
1.17300e+01	1.29531e-01	2.56417e-05
1.17400e+01	1.29762e-01	2.55791e-05
1.17500e+01	1.29992e-01	2.55166e-05
1.17600e+01	1.30223e-01	2.54541e-05
1.17700e+01	1.30454e-01	2.53918e-05
1.17800e+01	1.30685e-01	2.53295e-05
1.17900e+01	1.30916e-01	2.52673e-05
1.18000e+01	1.31147e-01	2.52052e-05
1.18100e+01	1.31378e-01	2.51432e-05
1.18200e+01	1.31609e-01	2.50813e-05
1.18300e+01	1.31840e-01	2.50194e-05
1.18400e+01	1.32072e-01	2.49577e-05
1.18500e+01	1.32303e-01	2.48960e-05
1.18600e+01	1.32534e-01	2.48344e-05
1.18700e+01	1.32766e-01	2.47729e-05
1.18800e+01	1.32997e-01	2.47115e-05
1.18900e+01	1.33228e-01	2.46502e-05
1.19000e+01	1.33460e-01	2.45890e-05
1.19100e+01	1.33691e-01	2.45278e-05
1.19200e+01	1.33923e-01	2.44668e-05
1.19300e+01	1.34154e-01	2.44058e-05
1.19400e+01	1.34386e-01	2.43449e-05
1.19500e+01	1.34618e-01	2.42842e-05
1.19600e+01	1.34849e-01	2.42234e-05
1.19700e+01	1.35081e-01	2.41628e-05
1.19800e+01	1.35313e-01	2.41023e-05
1.19900e+01	1.35545e-01	2.40419e-05
1.20000e+01	1.35777e-01	2.39815e-05
1.20100e+01	1.36008e-01	2.39212e-05
1.20200e+01	1.36240e-01	2.38611e-05
1.20300e+01	1.36472e-01	2.38010e-05
1.20400e+01	1.36704e-01	2.37410e-05
1.20500e+01	1.36936e-01	2.36811e-05
1.20600e+01	1.37168e-01	2.36212e-05
1.20700e+01	1.37400e-01	2.35615e-05
1.20800e+01	1.37632e-01	2.35019e-05
1.20900e+01	1.37864e-01	2.34423e-05
1.21000e+01	1.38097e-01	2.33828e-05
1.21100e+01	1.38329e-01	2.33235e-05
1.21200e+01	1.38561e-01	2.32642e-05
1.21300e+01	1.38793e-01	2.32050e-05
1.21400e+01	1.39025e-01	2.31458e-05
1.21500e+01	1.39258e-01	2.30868e-05
1.21600e+01	1.39490e-01	2.30279e-05
1.21700e+01	1.39722e-01	2.29690e-05
1.21800e+01	1.39954e-01	2.29103e-05
1.21900e+01	1.40187e-01	2.28516e-05
1.22000e+01	1.40419e-01	2.27930e-05
1.22100e+01	1.40652e-01	2.27345e-05
1.22200e+01	1.40884e-01	2.26761e-05
1.22300e+01	1.41116e-01	2.26178e-05
1.22400e+01	1.41349e-01	2.25596e-05
1.22500e+01	1.41581e-01	2.25014e-05
1.22600e+01	1.41814e-01	2.24434e-05
1.22700e+01	1.42046e-01	2.23854e-05
1.22800e+01	1.42279e-01	2.23275e-05
1.22900e+01	1.42511e-01	2.22697e-05
1.23000e+01	1.42744e-01	2.22120e-05
1.23100e+01	1.42976e-01	2.21544e-05
1.23200e+01	1.43209e-01	2.20969e-05
1.23300e+01	1.43441e-01	2.20395e-05
1.23400e+01	1.43674e-01	2.19822e-05
1.23500e+01	1.43906e-01	2.19249e-05
1.23600e+01	1.44139e-01	2.18678e-05
1.23700e+01	1.44372e-01	2.18107e-05
1.23800e+01	1.44604e-01	2.17537e-05
1.23900e+01	1.44837e-01	2.16968e-05
1.24000e+01	1.45069e-01	2.16400e-05
1.24100e+01	1.45302e-01	2.15833e-05
1.24200e+01	1.45535e-01	2.15267e-05
1.24300e+01	1.45767e-01	2.14701e-05
1.24400e+01	1.46000e-01	2.14137e-05
1.24500e+01	1.46233e-01	2.13573e-05
1.24600e+01	1.46465e-01	2.13011e-05
1.24700e+01	1.46698e-01	2.12449e-05
1.24800e+01	1.46930e-01	2.11888e-05
1.24900e+01	1.47163e-01	2.11328e-05
1.25000e+01	1.47396e-01	2.10769e-05
1.25100e+01	1.47628e-01	2.10211e-05
1.25200e+01	1.47861e-01	2.09654e-05
1.25300e+01	1.48094e-01	2.09097e-05
1.25400e+01	1.48326e-01	2.08542e-05
1.25500e+01	1.48559e-01	2.07987e-05
1.25600e+01	1.48791e-01	2.07433e-05
1.25700e+01	1.49024e-01	2.06881e-05
1.25800e+01	1.49257e-01	2.06329e-05
1.25900e+01	1.49489e-01	2.05778e-05
1.26000e+01	1.49722e-01	2.05228e-05
1.26100e+01	1.49954e-01	2.04679e-05
1.26200e+01	1.50187e-01	2.04130e-05
1.26300e+01	1.50420e-01	2.03583e-05
1.26400e+01	1.50652e-01	2.03036e-05
1.26500e+01	1.50885e-01	2.02491e-05
1.26600e+01	1.51117e-01	2.01946e-05
1.26700e+01	1.51350e-01	2.01402e-05
1.26800e+01	1.51582e-01	2.00859e-05
1.26900e+01	1.51815e-01	2.00317e-05
1.27000e+01	1.52047e-01	1.99776e-05
1.27100e+01	1.52280e-01	1.99236e-05
1.27200e+01	1.52512e-01	1.98697e-05
1.27300e+01	1.52745e-01	1.98158e-05
1.27400e+01	1.52977e-01	1.97621e-05
1.27500e+01	1.53209e-01	1.97084e-05
1.27600e+01	1.53442e-01	1.96548e-05
1.27700e+01	1.53674e-01	1.96014e-05
1.27800e+01	1.53906e-01	1.95480e-05
1.27900e+01	1.54139e-01	1.94947e-05
1.28000e+01	1.54371e-01	1.94415e-05
1.28100e+01	1.54603e-01	1.93883e-05
1.28200e+01	1.54836e-01	1.93353e-05
1.28300e+01	1.55068e-01	1.92824e-05
1.28400e+01	1.55300e-01	1.92295e-05
1.28500e+01	1.55532e-01	1.91767e-05
1.28600e+01	1.55764e-01	1.91241e-05
1.28700e+01	1.55996e-01	1.90715e-05
1.28800e+01	1.56229e-01	1.90190e-05
1.28900e+01	1.56461e-01	1.89666e-05
1.29000e+01	1.56693e-01	1.89143e-05
1.29100e+01	1.56925e-01	1.88621e-05
1.29200e+01	1.57157e-01	1.88099e-05
1.29300e+01	1.57389e-01	1.87579e-05
1.29400e+01	1.57621e-01	1.87059e-05
1.29500e+01	1.57852e-01	1.86541e-05
1.29600e+01	1.58084e-01	1.86023e-05
1.29700e+01	1.58316e-01	1.85506e-05
1.29800e+01	1.58548e-01	1.84990e-05
1.29900e+01	1.58780e-01	1.84475e-05
1.30000e+01	1.59011e-01	1.83961e-05
1.30100e+01	1.59243e-01	1.83448e-05
1.30200e+01	1.59475e-01	1.82936e-05
1.30300e+01	1.59706e-01	1.82424e-05
1.30400e+01	1.59938e-01	1.81914e-05
1.30500e+01	1.60170e-01	1.81404e-05
1.30600e+01	1.60401e-01	1.80896e-05
1.30700e+01	1.60633e-01	1.80388e-05
1.30800e+01	1.60864e-01	1.79881e-05
1.30900e+01	1.61095e-01	1.79375e-05
1.31000e+01	1.61327e-01	1.78870e-05
1.31100e+01	1.61558e-01	1.78365e-05
1.31200e+01	1.61789e-01	1.77862e-05
1.31300e+01	1.62020e-01	1.77360e-05
1.31400e+01	1.62252e-01	1.76858e-05
1.31500e+01	1.62483e-01	1.76358e-05
1.31600e+01	1.62714e-01	1.75858e-05
1.31700e+01	1.62945e-01	1.75359e-05
1.31800e+01	1.63176e-01	1.74861e-05
1.31900e+01	1.63407e-01	1.74364e-05
1.32000e+01	1.63638e-01	1.73868e-05
1.32100e+01	1.63869e-01	1.73373e-05
1.32200e+01	1.64099e-01	1.72878e-05
1.32300e+01	1.64330e-01	1.72385e-05
1.32400e+01	1.64561e-01	1.71892e-05
1.32500e+01	1.64791e-01	1.71401e-05
1.32600e+01	1.65022e-01	1.70910e-05
1.32700e+01	1.65253e-01	1.70420e-05
1.32800e+01	1.65483e-01	1.69931e-05
1.32900e+01	1.65713e-01	1.69443e-05
1.33000e+01	1.65944e-01	1.68956e-05
1.33100e+01	1.66174e-01	1.68470e-05
1.33200e+01	1.66404e-01	1.67984e-05
1.33300e+01	1.66635e-01	1.67500e-05
1.33400e+01	1.66865e-01	1.67016e-05
1.33500e+01	1.67095e-01	1.66533e-05
1.33600e+01	1.67325e-01	1.66052e-05
1.33700e+01	1.67555e-01	1.65571e-05
1.33800e+01	1.67785e-01	1.65091e-05
1.33900e+01	1.68015e-01	1.64612e-05
1.34000e+01	1.68244e-01	1.64133e-05
1.34100e+01	1.68474e-01	1.63656e-05
1.34200e+01	1.68704e-01	1.63180e-05
1.34300e+01	1.68933e-01	1.62704e-05
1.34400e+01	1.69163e-01	1.62230e-05
1.34500e+01	1.69392e-01	1.61756e-05
1.34600e+01	1.69622e-01	1.61283e-05
1.34700e+01	1.69851e-01	1.60811e-05
1.34800e+01	1.70081e-01	1.60340e-05
1.34900e+01	1.70310e-01	1.59870e-05
1.35000e+01	1.70539e-01	1.59400e-05
1.35100e+01	1.70768e-01	1.58932e-05
1.35200e+01	1.70997e-01	1.58464e-05
1.35300e+01	1.71226e-01	1.57998e-05
1.35400e+01	1.71455e-01	1.57532e-05
1.35500e+01	1.71684e-01	1.57067e-05
1.35600e+01	1.71912e-01	1.56603e-05
1.35700e+01	1.72141e-01	1.56140e-05
1.35800e+01	1.72370e-01	1.55678e-05
1.35900e+01	1.72598e-01	1.55217e-05
1.36000e+01	1.72826e-01	1.54756e-05
1.36100e+01	1.73055e-01	1.54297e-05
1.36200e+01	1.73283e-01	1.53838e-05
1.36300e+01	1.73511e-01	1.53381e-05
1.36400e+01	1.73739e-01	1.52924e-05
1.36500e+01	1.73967e-01	1.52468e-05
1.36600e+01	1.74195e-01	1.52013e-05
1.36700e+01	1.74423e-01	1.51558e-05
1.36800e+01	1.74651e-01	1.51105e-05
1.36900e+01	1.74879e-01	1.50653e-05
1.37000e+01	1.75107e-01	1.50201e-05
1.37100e+01	1.75334e-01	1.49751e-05
1.37200e+01	1.75562e-01	1.49301e-05
1.37300e+01	1.75789e-01	1.48852e-05
1.37400e+01	1.76016e-01	1.48404e-05
1.37500e+01	1.76244e-01	1.47957e-05
1.37600e+01	1.76471e-01	1.47511e-05
1.37700e+01	1.76698e-01	1.47065e-05
1.37800e+01	1.76925e-01	1.46621e-05
1.37900e+01	1.77152e-01	1.46177e-05
1.38000e+01	1.77378e-01	1.45734e-05
1.38100e+01	1.77605e-01	1.45293e-05
1.38200e+01	1.77832e-01	1.44852e-05
1.38300e+01	1.78058e-01	1.44412e-05
1.38400e+01	1.78285e-01	1.43972e-05
1.38500e+01	1.78511e-01	1.43534e-05
1.38600e+01	1.78737e-01	1.43097e-05
1.38700e+01	1.78964e-01	1.42660e-05
1.38800e+01	1.79190e-01	1.42224e-05
1.38900e+01	1.79416e-01	1.41790e-05
1.39000e+01	1.79642e-01	1.41356e-05
1.39100e+01	1.79867e-01	1.40923e-05
1.39200e+01	1.80093e-01	1.40490e-05
1.39300e+01	1.80319e-01	1.40059e-05
1.39400e+01	1.80544e-01	1.39629e-05
1.39500e+01	1.80770e-01	1.39199e-05
1.39600e+01	1.80995e-01	1.38770e-05
1.39700e+01	1.81220e-01	1.38343e-05
1.39800e+01	1.81445e-01	1.37916e-05
1.39900e+01	1.81670e-01	1.37490e-05
1.40000e+01	1.81895e-01	1.37064e-05
1.40100e+01	1.82120e-01	1.36640e-05
1.40200e+01	1.82345e-01	1.36217e-05
1.40300e+01	1.82570e-01	1.35794e-05
1.40400e+01	1.82794e-01	1.35372e-05
1.40500e+01	1.83019e-01	1.34952e-05
1.40600e+01	1.83243e-01	1.34532e-05
1.40700e+01	1.83467e-01	1.34113e-05
1.40800e+01	1.83691e-01	1.33694e-05
1.40900e+01	1.83915e-01	1.33277e-05
1.41000e+01	1.84139e-01	1.32860e-05
1.41100e+01	1.84363e-01	1.32445e-05
1.41200e+01	1.84587e-01	1.32030e-05
1.41300e+01	1.84810e-01	1.31616e-05
1.41400e+01	1.85034e-01	1.31203e-05
1.41500e+01	1.85257e-01	1.30791e-05
1.41600e+01	1.85480e-01	1.30380e-05
1.41700e+01	1.85703e-01	1.29969e-05
1.41800e+01	1.85926e-01	1.29560e-05
1.41900e+01	1.86149e-01	1.29151e-05
1.42000e+01	1.86372e-01	1.28743e-05
1.42100e+01	1.86595e-01	1.28336e-05
1.42200e+01	1.86817e-01	1.27930e-05
1.42300e+01	1.87040e-01	1.27525e-05
1.42400e+01	1.87262e-01	1.27120e-05
1.42500e+01	1.87485e-01	1.26717e-05
1.42600e+01	1.87707e-01	1.26314e-05
1.42700e+01	1.87929e-01	1.25912e-05
1.42800e+01	1.88151e-01	1.25511e-05
1.42900e+01	1.88372e-01	1.25111e-05
1.43000e+01	1.88594e-01	1.24712e-05
1.43100e+01	1.88816e-01	1.24313e-05
1.43200e+01	1.89037e-01	1.23916e-05
1.43300e+01	1.89258e-01	1.23519e-05
1.43400e+01	1.89479e-01	1.23123e-05
1.43500e+01	1.89700e-01	1.22728e-05
1.43600e+01	1.89921e-01	1.22334e-05
1.43700e+01	1.90142e-01	1.21941e-05
1.43800e+01	1.90363e-01	1.21548e-05
1.43900e+01	1.90583e-01	1.21157e-05
1.44000e+01	1.90804e-01	1.20766e-05
1.44100e+01	1.91024e-01	1.20376e-05
1.44200e+01	1.91244e-01	1.19987e-05
1.44300e+01	1.91464e-01	1.19599e-05
1.44400e+01	1.91684e-01	1.19211e-05
1.44500e+01	1.91904e-01	1.18825e-05
1.44600e+01	1.92124e-01	1.18439e-05
1.44700e+01	1.92343e-01	1.18054e-05
1.44800e+01	1.92563e-01	1.17670e-05
1.44900e+01	1.92782e-01	1.17287e-05
1.45000e+01	1.93001e-01	1.16905e-05
1.45100e+01	1.93220e-01	1.16523e-05
1.45200e+01	1.93439e-01	1.16143e-05
1.45300e+01	1.93658e-01	1.15763e-05
1.45400e+01	1.93877e-01	1.15384e-05
1.45500e+01	1.94095e-01	1.15006e-05
1.45600e+01	1.94314e-01	1.14629e-05
1.45700e+01	1.94532e-01	1.14252e-05
1.45800e+01	1.94750e-01	1.13877e-05
1.45900e+01	1.94968e-01	1.13502e-05
1.46000e+01	1.95186e-01	1.13128e-05
1.46100e+01	1.95403e-01	1.12755e-05
1.46200e+01	1.95621e-01	1.12383e-05
1.46300e+01	1.95838e-01	1.12011e-05
1.46400e+01	1.96056e-01	1.11641e-05
1.46500e+01	1.96273e-01	1.11271e-05
1.46600e+01	1.96490e-01	1.10902e-05
1.46700e+01	1.96707e-01	1.10534e-05
1.46800e+01	1.96924e-01	1.10167e-05
1.46900e+01	1.97140e-01	1.09801e-05
1.47000e+01	1.97357e-01	1.09435e-05
1.47100e+01	1.97573e-01	1.09070e-05
1.47200e+01	1.97789e-01	1.08706e-05
1.47300e+01	1.98005e-01	1.08343e-05
1.47400e+01	1.98221e-01	1.07981e-05
1.47500e+01	1.98437e-01	1.07620e-05
1.47600e+01	1.98652e-01	1.07259e-05
1.47700e+01	1.98868e-01	1.06899e-05
1.47800e+01	1.99083e-01	1.06540e-05
1.47900e+01	1.99298e-01	1.06182e-05
1.48000e+01	1.99513e-01	1.05825e-05
1.48100e+01	1.99728e-01	1.05468e-05
1.48200e+01	1.99943e-01	1.05112e-05
1.48300e+01	2.00157e-01	1.04758e-05
1.48400e+01	2.00372e-01	1.04404e-05
1.48500e+01	2.00586e-01	1.04050e-05
1.48600e+01	2.00800e-01	1.03698e-05
1.48700e+01	2.01014e-01	1.03346e-05
1.48800e+01	2.01228e-01	1.02996e-05
1.48900e+01	2.01441e-01	1.02646e-05
1.49000e+01	2.01655e-01	1.02296e-05
1.49100e+01	2.01868e-01	1.01948e-05
1.49200e+01	2.02081e-01	1.01601e-05
1.49300e+01	2.02295e-01	1.01254e-05
1.49400e+01	2.02507e-01	1.00908e-05
1.49500e+01	2.02720e-01	1.00563e-05
1.49600e+01	2.02933e-01	1.00219e-05
1.49700e+01	2.03145e-01	9.98752e-06
1.49800e+01	2.03357e-01	9.95326e-06
1.49900e+01	2.03569e-01	9.91907e-06
1.50000e+01	2.03781e-01	9.88497e-06
1.50100e+01	2.03993e-01	9.85095e-06
1.50200e+01	2.04205e-01	9.81700e-06
1.50300e+01	2.04416e-01	9.78314e-06
1.50400e+01	2.04628e-01	9.74936e-06
1.50500e+01	2.04839e-01	9.71566e-06
1.50600e+01	2.05050e-01	9.68203e-06
1.50700e+01	2.05261e-01	9.64849e-06
1.50800e+01	2.05471e-01	9.61503e-06
1.50900e+01	2.05682e-01	9.58165e-06
1.51000e+01	2.05892e-01	9.54835e-06
1.51100e+01	2.06102e-01	9.51512e-06
1.51200e+01	2.06312e-01	9.48198e-06
1.51300e+01	2.06522e-01	9.44892e-06
1.51400e+01	2.06732e-01	9.41594e-06
1.51500e+01	2.06941e-01	9.38303e-06
1.51600e+01	2.07151e-01	9.35021e-06
1.51700e+01	2.07360e-01	9.31746e-06
1.51800e+01	2.07569e-01	9.28480e-06
1.51900e+01	2.07778e-01	9.25221e-06
1.52000e+01	2.07986e-01	9.21970e-06
1.52100e+01	2.08195e-01	9.18727e-06
1.52200e+01	2.08403e-01	9.15492e-06
1.52300e+01	2.08611e-01	9.12265e-06
1.52400e+01	2.08819e-01	9.09046e-06
1.52500e+01	2.09027e-01	9.05834e-06
1.52600e+01	2.09235e-01	9.02631e-06
1.52700e+01	2.09442e-01	8.99435e-06
1.52800e+01	2.09649e-01	8.96247e-06
1.52900e+01	2.09857e-01	8.93067e-06
1.53000e+01	2.10063e-01	8.89895e-06
1.53100e+01	2.10270e-01	8.86730e-06
1.53200e+01	2.10477e-01	8.83574e-06
1.53300e+01	2.10683e-01	8.80425e-06
1.53400e+01	2.10889e-01	8.77284e-06
1.53500e+01	2.11096e-01	8.74151e-06
1.53600e+01	2.11301e-01	8.71025e-06
1.53700e+01	2.11507e-01	8.67907e-06
1.53800e+01	2.11713e-01	8.64797e-06
1.53900e+01	2.11918e-01	8.61695e-06
1.54000e+01	2.12123e-01	8.58600e-06
1.54100e+01	2.12328e-01	8.55514e-06
1.54200e+01	2.12533e-01	8.52434e-06
1.54300e+01	2.12738e-01	8.49363e-06
1.54400e+01	2.12942e-01	8.46299e-06
1.54500e+01	2.13146e-01	8.43243e-06
1.54600e+01	2.13351e-01	8.40195e-06
1.54700e+01	2.13554e-01	8.37154e-06
1.54800e+01	2.13758e-01	8.34121e-06
1.54900e+01	2.13962e-01	8.31096e-06
1.55000e+01	2.14165e-01	8.28078e-06
1.55100e+01	2.14368e-01	8.25068e-06
1.55200e+01	2.14571e-01	8.22065e-06
1.55300e+01	2.14774e-01	8.19070e-06
1.55400e+01	2.14977e-01	8.16083e-06
1.55500e+01	2.15179e-01	8.13103e-06
1.55600e+01	2.15381e-01	8.10131e-06
1.55700e+01	2.15583e-01	8.07167e-06
1.55800e+01	2.15785e-01	8.04210e-06
1.55900e+01	2.15987e-01	8.01260e-06
1.56000e+01	2.16188e-01	7.98319e-06
1.56100e+01	2.16390e-01	7.95384e-06
1.56200e+01	2.16591e-01	7.92457e-06
1.56300e+01	2.16792e-01	7.89538e-06
1.56400e+01	2.16993e-01	7.86626e-06
1.56500e+01	2.17193e-01	7.83722e-06
1.56600e+01	2.17393e-01	7.80825e-06
1.56700e+01	2.17594e-01	7.77936e-06
1.56800e+01	2.17794e-01	7.75054e-06
1.56900e+01	2.17993e-01	7.72180e-06
1.57000e+01	2.18193e-01	7.69313e-06
1.57100e+01	2.18392e-01	7.66454e-06
1.57200e+01	2.18591e-01	7.63601e-06
1.57300e+01	2.18790e-01	7.60757e-06
1.57400e+01	2.18989e-01	7.57920e-06
1.57500e+01	2.19188e-01	7.55090e-06
1.57600e+01	2.19386e-01	7.52268e-06
1.57700e+01	2.19584e-01	7.49453e-06
1.57800e+01	2.19783e-01	7.46645e-06
1.57900e+01	2.19980e-01	7.43845e-06
1.58000e+01	2.20178e-01	7.41052e-06
1.58100e+01	2.20375e-01	7.38266e-06
1.58200e+01	2.20573e-01	7.35488e-06
1.58300e+01	2.20770e-01	7.32717e-06
1.58400e+01	2.20966e-01	7.29954e-06
1.58500e+01	2.21163e-01	7.27197e-06
1.58600e+01	2.21359e-01	7.24449e-06
1.58700e+01	2.21556e-01	7.21707e-06
1.58800e+01	2.21752e-01	7.18973e-06
1.58900e+01	2.21947e-01	7.16245e-06
1.59000e+01	2.22143e-01	7.13526e-06
1.59100e+01	2.22338e-01	7.10813e-06
1.59200e+01	2.22534e-01	7.08108e-06
1.59300e+01	2.22729e-01	7.05410e-06
1.59400e+01	2.22923e-01	7.02719e-06
1.59500e+01	2.23118e-01	7.00035e-06
1.59600e+01	2.23312e-01	6.97359e-06
1.59700e+01	2.23507e-01	6.94689e-06
1.59800e+01	2.23701e-01	6.92027e-06
1.59900e+01	2.23894e-01	6.89372e-06
1.60000e+01	2.24088e-01	6.86725e-06
1.60100e+01	2.24281e-01	6.84084e-06
1.60200e+01	2.24474e-01	6.81451e-06
1.60300e+01	2.24667e-01	6.78824e-06
1.60400e+01	2.24860e-01	6.76205e-06
1.60500e+01	2.25052e-01	6.73593e-06
1.60600e+01	2.25245e-01	6.70988e-06
1.60700e+01	2.25437e-01	6.68390e-06
1.60800e+01	2.25629e-01	6.65800e-06
1.60900e+01	2.25820e-01	6.63216e-06
1.61000e+01	2.26012e-01	6.60639e-06
1.61100e+01	2.26203e-01	6.58070e-06
1.61200e+01	2.26394e-01	6.55507e-06
1.61300e+01	2.26585e-01	6.52952e-06
1.61400e+01	2.26776e-01	6.50403e-06
1.61500e+01	2.26966e-01	6.47862e-06
1.61600e+01	2.27156e-01	6.45327e-06
1.61700e+01	2.27346e-01	6.42800e-06
1.61800e+01	2.27536e-01	6.40279e-06
1.61900e+01	2.27725e-01	6.37766e-06
1.62000e+01	2.27915e-01	6.35259e-06
1.62100e+01	2.28104e-01	6.32760e-06
1.62200e+01	2.28293e-01	6.30267e-06
1.62300e+01	2.28481e-01	6.27781e-06
1.62400e+01	2.28670e-01	6.25302e-06
1.62500e+01	2.28858e-01	6.22831e-06
1.62600e+01	2.29046e-01	6.20366e-06
1.62700e+01	2.29234e-01	6.17908e-06
1.62800e+01	2.29421e-01	6.15456e-06
1.62900e+01	2.29609e-01	6.13012e-06
1.63000e+01	2.29796e-01	6.10575e-06
1.63100e+01	2.29983e-01	6.08144e-06
1.63200e+01	2.30169e-01	6.05720e-06
1.63300e+01	2.30356e-01	6.03303e-06
1.63400e+01	2.30542e-01	6.00893e-06
1.63500e+01	2.30728e-01	5.98490e-06
1.63600e+01	2.30914e-01	5.96093e-06
1.63700e+01	2.31100e-01	5.93704e-06
1.63800e+01	2.31285e-01	5.91321e-06
1.63900e+01	2.31470e-01	5.88945e-06
1.64000e+01	2.31655e-01	5.86575e-06
1.64100e+01	2.31840e-01	5.84212e-06
1.64200e+01	2.32024e-01	5.81857e-06
1.64300e+01	2.32208e-01	5.79507e-06
1.64400e+01	2.32392e-01	5.77165e-06
1.64500e+01	2.32576e-01	5.74829e-06
1.64600e+01	2.32760e-01	5.72500e-06
1.64700e+01	2.32943e-01	5.70178e-06
1.64800e+01	2.33126e-01	5.67862e-06
1.64900e+01	2.33309e-01	5.65553e-06
1.65000e+01	2.33492e-01	5.63251e-06
1.65100e+01	2.33674e-01	5.60955e-06
1.65200e+01	2.33856e-01	5.58666e-06
1.65300e+01	2.34038e-01	5.56383e-06
1.65400e+01	2.34220e-01	5.54107e-06
1.65500e+01	2.34401e-01	5.51838e-06
1.65600e+01	2.34583e-01	5.49575e-06
1.65700e+01	2.34764e-01	5.47319e-06
1.65800e+01	2.34945e-01	5.45070e-06
1.65900e+01	2.35125e-01	5.42827e-06
1.66000e+01	2.35305e-01	5.40591e-06
1.66100e+01	2.35486e-01	5.38361e-06
1.66200e+01	2.35665e-01	5.36137e-06
1.66300e+01	2.35845e-01	5.33921e-06
1.66400e+01	2.36024e-01	5.31710e-06
1.66500e+01	2.36204e-01	5.29506e-06
1.66600e+01	2.36383e-01	5.27309e-06
1.66700e+01	2.36561e-01	5.25118e-06
1.66800e+01	2.36740e-01	5.22934e-06
1.66900e+01	2.36918e-01	5.20756e-06
1.67000e+01	2.37096e-01	5.18584e-06
1.67100e+01	2.37274e-01	5.16419e-06
1.67200e+01	2.37451e-01	5.14261e-06
1.67300e+01	2.37629e-01	5.12109e-06
1.67400e+01	2.37806e-01	5.09963e-06
1.67500e+01	2.37983e-01	5.07823e-06
1.67600e+01	2.38159e-01	5.05690e-06
1.67700e+01	2.38336e-01	5.03564e-06
1.67800e+01	2.38512e-01	5.01443e-06
1.67900e+01	2.38687e-01	4.99330e-06
1.68000e+01	2.38863e-01	4.97222e-06
1.68100e+01	2.39039e-01	4.95121e-06
1.68200e+01	2.39214e-01	4.93026e-06
1.68300e+01	2.39389e-01	4.90937e-06
1.68400e+01	2.39563e-01	4.88855e-06
1.68500e+01	2.39738e-01	4.86779e-06
1.68600e+01	2.39912e-01	4.84709e-06
1.68700e+01	2.40086e-01	4.82645e-06
1.68800e+01	2.40260e-01	4.80588e-06
1.68900e+01	2.40433e-01	4.78537e-06
1.69000e+01	2.40606e-01	4.76492e-06
1.69100e+01	2.40779e-01	4.74454e-06
1.69200e+01	2.40952e-01	4.72421e-06
1.69300e+01	2.41125e-01	4.70395e-06
1.69400e+01	2.41297e-01	4.68375e-06
1.69500e+01	2.41469e-01	4.66361e-06
1.69600e+01	2.41641e-01	4.64354e-06
1.69700e+01	2.41812e-01	4.62352e-06
1.69800e+01	2.41983e-01	4.60357e-06
1.69900e+01	2.42154e-01	4.58368e-06
1.70000e+01	2.42325e-01	4.56385e-06
1.70100e+01	2.42496e-01	4.54408e-06
1.70200e+01	2.42666e-01	4.52437e-06
1.70300e+01	2.42836e-01	4.50472e-06
1.70400e+01	2.43006e-01	4.48513e-06
1.70500e+01	2.43175e-01	4.46561e-06
1.70600e+01	2.43345e-01	4.44614e-06
1.70700e+01	2.43514e-01	4.42674e-06
1.70800e+01	2.43683e-01	4.40739e-06
1.70900e+01	2.43851e-01	4.38811e-06
1.71000e+01	2.44020e-01	4.36888e-06
1.71100e+01	2.44188e-01	4.34972e-06
1.71200e+01	2.44355e-01	4.33062e-06
1.71300e+01	2.44523e-01	4.31157e-06
1.71400e+01	2.44690e-01	4.29259e-06
1.71500e+01	2.44857e-01	4.27366e-06
1.71600e+01	2.45024e-01	4.25480e-06
1.71700e+01	2.45191e-01	4.23599e-06
1.71800e+01	2.45357e-01	4.21725e-06
1.71900e+01	2.45523e-01	4.19856e-06
1.72000e+01	2.45689e-01	4.17993e-06
1.72100e+01	2.45855e-01	4.16136e-06
1.72200e+01	2.46020e-01	4.14285e-06
1.72300e+01	2.46185e-01	4.12440e-06
1.72400e+01	2.46350e-01	4.10601e-06
1.72500e+01	2.46514e-01	4.08767e-06
1.72600e+01	2.46679e-01	4.06940e-06
1.72700e+01	2.46843e-01	4.05118e-06
1.72800e+01	2.47006e-01	4.03302e-06
1.72900e+01	2.47170e-01	4.01492e-06
1.73000e+01	2.47333e-01	3.99688e-06
1.73100e+01	2.47496e-01	3.97889e-06
1.73200e+01	2.47659e-01	3.96096e-06
1.73300e+01	2.47822e-01	3.94309e-06
1.73400e+01	2.47984e-01	3.92528e-06
1.73500e+01	2.48146e-01	3.90753e-06
1.73600e+01	2.48308e-01	3.88983e-06
1.73700e+01	2.48469e-01	3.87219e-06
1.73800e+01	2.48630e-01	3.85461e-06
1.73900e+01	2.48791e-01	3.83708e-06
1.74000e+01	2.48952e-01	3.81961e-06
1.74100e+01	2.49113e-01	3.80220e-06
1.74200e+01	2.49273e-01	3.78484e-06
1.74300e+01	2.49433e-01	3.76754e-06
1.74400e+01	2.49592e-01	3.75030e-06
1.74500e+01	2.49752e-01	3.73312e-06
1.74600e+01	2.49911e-01	3.71599e-06
1.74700e+01	2.50070e-01	3.69891e-06
1.74800e+01	2.50229e-01	3.68190e-06
1.74900e+01	2.50387e-01	3.66493e-06
1.75000e+01	2.50545e-01	3.64803e-06
1.75100e+01	2.50703e-01	3.63118e-06
1.75200e+01	2.50861e-01	3.61438e-06
1.75300e+01	2.51018e-01	3.59765e-06
1.75400e+01	2.51175e-01	3.58096e-06
1.75500e+01	2.51332e-01	3.56433e-06
1.75600e+01	2.51489e-01	3.54776e-06
1.75700e+01	2.51645e-01	3.53124e-06
1.75800e+01	2.51801e-01	3.51478e-06
1.75900e+01	2.51957e-01	3.49837e-06
1.76000e+01	2.52112e-01	3.48202e-06
1.76100e+01	2.52267e-01	3.46572e-06
1.76200e+01	2.52422e-01	3.44948e-06
1.76300e+01	2.52577e-01	3.43329e-06
1.76400e+01	2.52732e-01	3.41715e-06
1.76500e+01	2.52886e-01	3.40107e-06
1.76600e+01	2.53040e-01	3.38505e-06
1.76700e+01	2.53194e-01	3.36907e-06
1.76800e+01	2.53347e-01	3.35316e-06
1.76900e+01	2.53500e-01	3.33729e-06
1.77000e+01	2.53653e-01	3.32148e-06
1.77100e+01	2.53806e-01	3.30572e-06
1.77200e+01	2.53958e-01	3.29002e-06
1.77300e+01	2.54110e-01	3.27437e-06
1.77400e+01	2.54262e-01	3.25877e-06
1.77500e+01	2.54413e-01	3.24322e-06
1.77600e+01	2.54565e-01	3.22773e-06
1.77700e+01	2.54716e-01	3.21229e-06
1.77800e+01	2.54867e-01	3.19691e-06
1.77900e+01	2.55017e-01	3.18158e-06
1.78000e+01	2.55167e-01	3.16630e-06
1.78100e+01	2.55317e-01	3.15107e-06
1.78200e+01	2.55467e-01	3.13589e-06
1.78300e+01	2.55616e-01	3.12077e-06
1.78400e+01	2.55766e-01	3.10570e-06
1.78500e+01	2.55914e-01	3.09068e-06
1.78600e+01	2.56063e-01	3.07571e-06
1.78700e+01	2.56211e-01	3.06080e-06
1.78800e+01	2.56360e-01	3.04593e-06
1.78900e+01	2.56507e-01	3.03112e-06
1.79000e+01	2.56655e-01	3.01636e-06
1.79100e+01	2.56802e-01	3.00165e-06
1.79200e+01	2.56949e-01	2.98700e-06
1.79300e+01	2.57096e-01	2.97239e-06
1.79400e+01	2.57242e-01	2.95783e-06
1.79500e+01	2.57389e-01	2.94333e-06
1.79600e+01	2.57535e-01	2.92888e-06
1.79700e+01	2.57680e-01	2.91447e-06
1.79800e+01	2.57826e-01	2.90012e-06
1.79900e+01	2.57971e-01	2.88582e-06
1.80000e+01	2.58116e-01	2.87157e-06
1.80100e+01	2.58260e-01	2.85737e-06
1.80200e+01	2.58405e-01	2.84322e-06
1.80300e+01	2.58549e-01	2.82912e-06
1.80400e+01	2.58692e-01	2.81507e-06
1.80500e+01	2.58836e-01	2.80107e-06
1.80600e+01	2.58979e-01	2.78712e-06
1.80700e+01	2.59122e-01	2.77322e-06
1.80800e+01	2.59265e-01	2.75937e-06
1.80900e+01	2.59407e-01	2.74557e-06
1.81000e+01	2.59549e-01	2.73181e-06
1.81100e+01	2.59691e-01	2.71811e-06
1.81200e+01	2.59833e-01	2.70446e-06
1.81300e+01	2.59974e-01	2.69085e-06
1.81400e+01	2.60115e-01	2.67730e-06
1.81500e+01	2.60256e-01	2.66379e-06
1.81600e+01	2.60396e-01	2.65033e-06
1.81700e+01	2.60537e-01	2.63692e-06
1.81800e+01	2.60676e-01	2.62356e-06
1.81900e+01	2.60816e-01	2.61025e-06
1.82000e+01	2.60956e-01	2.59698e-06
1.82100e+01	2.61095e-01	2.58377e-06
1.82200e+01	2.61234e-01	2.57060e-06
1.82300e+01	2.61372e-01	2.55748e-06
1.82400e+01	2.61510e-01	2.54441e-06
1.82500e+01	2.61648e-01	2.53138e-06
1.82600e+01	2.61786e-01	2.51841e-06
1.82700e+01	2.61924e-01	2.50548e-06
1.82800e+01	2.62061e-01	2.49260e-06
1.82900e+01	2.62198e-01	2.47976e-06
1.83000e+01	2.62334e-01	2.46698e-06
1.83100e+01	2.62471e-01	2.45424e-06
1.83200e+01	2.62607e-01	2.44154e-06
1.83300e+01	2.62743e-01	2.42890e-06
1.83400e+01	2.62878e-01	2.41630e-06
1.83500e+01	2.63013e-01	2.40375e-06
1.83600e+01	2.63148e-01	2.39124e-06
1.83700e+01	2.63283e-01	2.37878e-06
1.83800e+01	2.63418e-01	2.36637e-06
1.83900e+01	2.63552e-01	2.35400e-06
1.84000e+01	2.63686e-01	2.34168e-06
1.84100e+01	2.63819e-01	2.32941e-06
1.84200e+01	2.63953e-01	2.31718e-06
1.84300e+01	2.64086e-01	2.30500e-06
1.84400e+01	2.64218e-01	2.29286e-06
1.84500e+01	2.64351e-01	2.28077e-06
1.84600e+01	2.64483e-01	2.26872e-06
1.84700e+01	2.64615e-01	2.25672e-06
1.84800e+01	2.64747e-01	2.24477e-06
1.84900e+01	2.64878e-01	2.23286e-06
1.85000e+01	2.65009e-01	2.22100e-06
1.85100e+01	2.65140e-01	2.20918e-06
1.85200e+01	2.65270e-01	2.19740e-06
1.85300e+01	2.65401e-01	2.18567e-06
1.85400e+01	2.65531e-01	2.17399e-06
1.85500e+01	2.65660e-01	2.16235e-06
1.85600e+01	2.65790e-01	2.15075e-06
1.85700e+01	2.65919e-01	2.13920e-06
1.85800e+01	2.66048e-01	2.12770e-06
1.85900e+01	2.66176e-01	2.11623e-06
1.86000e+01	2.66305e-01	2.10482e-06
1.86100e+01	2.66433e-01	2.09344e-06
1.86200e+01	2.66560e-01	2.08211e-06
1.86300e+01	2.66688e-01	2.07082e-06
1.86400e+01	2.66815e-01	2.05958e-06
1.86500e+01	2.66942e-01	2.04838e-06
1.86600e+01	2.67069e-01	2.03723e-06
1.86700e+01	2.67195e-01	2.02611e-06
1.86800e+01	2.67321e-01	2.01504e-06
1.86900e+01	2.67447e-01	2.00402e-06
1.87000e+01	2.67572e-01	1.99304e-06
1.87100e+01	2.67697e-01	1.98210e-06
1.87200e+01	2.67822e-01	1.97120e-06
1.87300e+01	2.67947e-01	1.96034e-06
1.87400e+01	2.68071e-01	1.94953e-06
1.87500e+01	2.68196e-01	1.93876e-06
1.87600e+01	2.68319e-01	1.92804e-06
1.87700e+01	2.68443e-01	1.91735e-06
1.87800e+01	2.68566e-01	1.90671e-06
1.87900e+01	2.68689e-01	1.89611e-06
1.88000e+01	2.68812e-01	1.88555e-06
1.88100e+01	2.68934e-01	1.87503e-06
1.88200e+01	2.69056e-01	1.86456e-06
1.88300e+01	2.69178e-01	1.85413e-06
1.88400e+01	2.69300e-01	1.84374e-06
1.88500e+01	2.69421e-01	1.83339e-06
1.88600e+01	2.69542e-01	1.82308e-06
1.88700e+01	2.69663e-01	1.81281e-06
1.88800e+01	2.69783e-01	1.80259e-06
1.88900e+01	2.69903e-01	1.79240e-06
1.89000e+01	2.70023e-01	1.78226e-06
1.89100e+01	2.70143e-01	1.77216e-06
1.89200e+01	2.70262e-01	1.76210e-06
1.89300e+01	2.70381e-01	1.75207e-06
1.89400e+01	2.70500e-01	1.74209e-06
1.89500e+01	2.70618e-01	1.73215e-06
1.89600e+01	2.70736e-01	1.72225e-06
1.89700e+01	2.70854e-01	1.71240e-06
1.89800e+01	2.70972e-01	1.70258e-06
1.89900e+01	2.71089e-01	1.69280e-06
1.90000e+01	2.71206e-01	1.68306e-06
1.90100e+01	2.71323e-01	1.67336e-06
1.90200e+01	2.71439e-01	1.66370e-06
1.90300e+01	2.71556e-01	1.65408e-06
1.90400e+01	2.71671e-01	1.64450e-06
1.90500e+01	2.71787e-01	1.63496e-06
1.90600e+01	2.71902e-01	1.62546e-06
1.90700e+01	2.72017e-01	1.61600e-06
1.90800e+01	2.72132e-01	1.60658e-06
1.90900e+01	2.72247e-01	1.59719e-06
1.91000e+01	2.72361e-01	1.58785e-06
1.91100e+01	2.72475e-01	1.57854e-06
1.91200e+01	2.72588e-01	1.56928e-06
1.91300e+01	2.72702e-01	1.56005e-06
1.91400e+01	2.72815e-01	1.55086e-06
1.91500e+01	2.72928e-01	1.54171e-06
1.91600e+01	2.73040e-01	1.53260e-06
1.91700e+01	2.73152e-01	1.52352e-06
1.91800e+01	2.73264e-01	1.51449e-06
1.91900e+01	2.73376e-01	1.50549e-06
1.92000e+01	2.73487e-01	1.49653e-06
1.92100e+01	2.73598e-01	1.48761e-06
1.92200e+01	2.73709e-01	1.47872e-06
1.92300e+01	2.73820e-01	1.46987e-06
1.92400e+01	2.73930e-01	1.46107e-06
1.92500e+01	2.74040e-01	1.45229e-06
1.92600e+01	2.74149e-01	1.44356e-06
1.92700e+01	2.74259e-01	1.43486e-06
1.92800e+01	2.74368e-01	1.42620e-06
1.92900e+01	2.74477e-01	1.41758e-06
1.93000e+01	2.74585e-01	1.40900e-06
1.93100e+01	2.74694e-01	1.40045e-06
1.93200e+01	2.74801e-01	1.39194e-06
1.93300e+01	2.74909e-01	1.38346e-06
1.93400e+01	2.75017e-01	1.37502e-06
1.93500e+01	2.75124e-01	1.36662e-06
1.93600e+01	2.75230e-01	1.35826e-06
1.93700e+01	2.75337e-01	1.34993e-06
1.93800e+01	2.75443e-01	1.34163e-06
1.93900e+01	2.75549e-01	1.33338e-06
1.94000e+01	2.75655e-01	1.32516e-06
1.94100e+01	2.75760e-01	1.31697e-06
1.94200e+01	2.75865e-01	1.30882e-06
1.94300e+01	2.75970e-01	1.30071e-06
1.94400e+01	2.76075e-01	1.29263e-06
1.94500e+01	2.76179e-01	1.28459e-06
1.94600e+01	2.76283e-01	1.27659e-06
1.94700e+01	2.76387e-01	1.26861e-06
1.94800e+01	2.76490e-01	1.26068e-06
1.94900e+01	2.76593e-01	1.25278e-06
1.95000e+01	2.76696e-01	1.24491e-06
1.95100e+01	2.76799e-01	1.23708e-06
1.95200e+01	2.76901e-01	1.22929e-06
1.95300e+01	2.77003e-01	1.22153e-06
1.95400e+01	2.77105e-01	1.21380e-06
1.95500e+01	2.77206e-01	1.20611e-06
1.95600e+01	2.77307e-01	1.19845e-06
1.95700e+01	2.77408e-01	1.19083e-06
1.95800e+01	2.77508e-01	1.18324e-06
1.95900e+01	2.77609e-01	1.17569e-06
1.96000e+01	2.77709e-01	1.16817e-06
1.96100e+01	2.77808e-01	1.16068e-06
1.96200e+01	2.77908e-01	1.15323e-06
1.96300e+01	2.78007e-01	1.14581e-06
1.96400e+01	2.78106e-01	1.13842e-06
1.96500e+01	2.78205e-01	1.13107e-06
1.96600e+01	2.78303e-01	1.12376e-06
1.96700e+01	2.78401e-01	1.11647e-06
1.96800e+01	2.78499e-01	1.10922e-06
1.96900e+01	2.78596e-01	1.10200e-06
1.97000e+01	2.78693e-01	1.09482e-06
1.97100e+01	2.78790e-01	1.08767e-06
1.97200e+01	2.78887e-01	1.08055e-06
1.97300e+01	2.78983e-01	1.07347e-06
1.97400e+01	2.79079e-01	1.06641e-06
1.97500e+01	2.79175e-01	1.05939e-06
1.97600e+01	2.79270e-01	1.05241e-06
1.97700e+01	2.79365e-01	1.04545e-06
1.97800e+01	2.79460e-01	1.03853e-06
1.97900e+01	2.79555e-01	1.03164e-06
1.98000e+01	2.79649e-01	1.02478e-06
1.98100e+01	2.79743e-01	1.01796e-06
1.98200e+01	2.79837e-01	1.01116e-06
1.98300e+01	2.79930e-01	1.00440e-06
1.98400e+01	2.80024e-01	9.97674e-07
1.98500e+01	2.80117e-01	9.90976e-07
1.98600e+01	2.80209e-01	9.84310e-07
1.98700e+01	2.80302e-01	9.77676e-07
1.98800e+01	2.80394e-01	9.71073e-07
1.98900e+01	2.80485e-01	9.64501e-07
1.99000e+01	2.80577e-01	9.57961e-07
1.99100e+01	2.80668e-01	9.51452e-07
1.99200e+01	2.80759e-01	9.44974e-07
1.99300e+01	2.80850e-01	9.38528e-07
1.99400e+01	2.80940e-01	9.32112e-07
1.99500e+01	2.81030e-01	9.25727e-07
1.99600e+01	2.81120e-01	9.19373e-07
1.99700e+01	2.81210e-01	9.13049e-07
1.99800e+01	2.81299e-01	9.06756e-07
1.99900e+01	2.81388e-01	9.00494e-07
2.00000e+01	2.81476e-01	8.94262e-07
2.00100e+01	2.81565e-01	8.88060e-07
2.00200e+01	2.81653e-01	8.81889e-07
2.00300e+01	2.81741e-01	8.75747e-07
2.00400e+01	2.81828e-01	8.69636e-07
2.00500e+01	2.81916e-01	8.63555e-07
2.00600e+01	2.82003e-01	8.57503e-07
2.00700e+01	2.82089e-01	8.51482e-07
2.00800e+01	2.82176e-01	8.45490e-07
2.00900e+01	2.82262e-01	8.39527e-07
2.01000e+01	2.82348e-01	8.33594e-07
2.01100e+01	2.82433e-01	8.27691e-07
2.01200e+01	2.82519e-01	8.21817e-07
2.01300e+01	2.82604e-01	8.15972e-07
2.01400e+01	2.82688e-01	8.10156e-07
2.01500e+01	2.82773e-01	8.04369e-07
2.01600e+01	2.82857e-01	7.98612e-07
2.01700e+01	2.82941e-01	7.92883e-07
2.01800e+01	2.83025e-01	7.87183e-07
2.01900e+01	2.83108e-01	7.81512e-07
2.02000e+01	2.83191e-01	7.75869e-07
2.02100e+01	2.83274e-01	7.70255e-07
2.02200e+01	2.83356e-01	7.64669e-07
2.02300e+01	2.83439e-01	7.59112e-07
2.02400e+01	2.83521e-01	7.53583e-07
2.02500e+01	2.83602e-01	7.48082e-07
2.02600e+01	2.83684e-01	7.42609e-07
2.02700e+01	2.83765e-01	7.37165e-07
2.02800e+01	2.83846e-01	7.31748e-07
2.02900e+01	2.83926e-01	7.26359e-07
2.03000e+01	2.84006e-01	7.20998e-07
2.03100e+01	2.84086e-01	7.15664e-07
2.03200e+01	2.84166e-01	7.10358e-07
2.03300e+01	2.84246e-01	7.05080e-07
2.03400e+01	2.84325e-01	6.99829e-07
2.03500e+01	2.84404e-01	6.94605e-07
2.03600e+01	2.84482e-01	6.89408e-07
2.03700e+01	2.84561e-01	6.84239e-07
2.03800e+01	2.84639e-01	6.79096e-07
2.03900e+01	2.84716e-01	6.73981e-07
2.04000e+01	2.84794e-01	6.68893e-07
2.04100e+01	2.84871e-01	6.63831e-07
2.04200e+01	2.84948e-01	6.58796e-07
2.04300e+01	2.85025e-01	6.53788e-07
2.04400e+01	2.85101e-01	6.48806e-07
2.04500e+01	2.85177e-01	6.43851e-07
2.04600e+01	2.85253e-01	6.38922e-07
2.04700e+01	2.85329e-01	6.34019e-07
2.04800e+01	2.85404e-01	6.29143e-07
2.04900e+01	2.85479e-01	6.24292e-07
2.05000e+01	2.85554e-01	6.19468e-07
2.05100e+01	2.85628e-01	6.14670e-07
2.05200e+01	2.85702e-01	6.09897e-07
2.05300e+01	2.85776e-01	6.05151e-07
2.05400e+01	2.85850e-01	6.00430e-07
2.05500e+01	2.85923e-01	5.95734e-07
2.05600e+01	2.85996e-01	5.91064e-07
2.05700e+01	2.86069e-01	5.86420e-07
2.05800e+01	2.86142e-01	5.81801e-07
2.05900e+01	2.86214e-01	5.77207e-07
2.06000e+01	2.86286e-01	5.72639e-07
2.06100e+01	2.86358e-01	5.68096e-07
2.06200e+01	2.86429e-01	5.63577e-07
2.06300e+01	2.86500e-01	5.59084e-07
2.06400e+01	2.86571e-01	5.54615e-07
2.06500e+01	2.86642e-01	5.50172e-07
2.06600e+01	2.86712e-01	5.45753e-07
2.06700e+01	2.86782e-01	5.41358e-07
2.06800e+01	2.86852e-01	5.36988e-07
2.06900e+01	2.86922e-01	5.32643e-07
2.07000e+01	2.86991e-01	5.28322e-07
2.07100e+01	2.87060e-01	5.24025e-07
2.07200e+01	2.87129e-01	5.19753e-07
2.07300e+01	2.87197e-01	5.15504e-07
2.07400e+01	2.87265e-01	5.11280e-07
2.07500e+01	2.87333e-01	5.07080e-07
2.07600e+01	2.87401e-01	5.02903e-07
2.07700e+01	2.87468e-01	4.98750e-07
2.07800e+01	2.87535e-01	4.94621e-07
2.07900e+01	2.87602e-01	4.90516e-07
2.08000e+01	2.87669e-01	4.86434e-07
2.08100e+01	2.87735e-01	4.82376e-07
2.08200e+01	2.87801e-01	4.78341e-07
2.08300e+01	2.87867e-01	4.74330e-07
2.08400e+01	2.87932e-01	4.70342e-07
2.08500e+01	2.87998e-01	4.66377e-07
2.08600e+01	2.88062e-01	4.62435e-07
2.08700e+01	2.88127e-01	4.58516e-07
2.08800e+01	2.88192e-01	4.54620e-07
2.08900e+01	2.88256e-01	4.50746e-07
2.09000e+01	2.88320e-01	4.46896e-07
2.09100e+01	2.88383e-01	4.43068e-07
2.09200e+01	2.88446e-01	4.39263e-07
2.09300e+01	2.88510e-01	4.35480e-07
2.09400e+01	2.88572e-01	4.31720e-07
2.09500e+01	2.88635e-01	4.27982e-07
2.09600e+01	2.88697e-01	4.24267e-07
2.09700e+01	2.88759e-01	4.20573e-07
2.09800e+01	2.88821e-01	4.16902e-07
2.09900e+01	2.88882e-01	4.13253e-07
2.10000e+01	2.88944e-01	4.09626e-07
2.10100e+01	2.89004e-01	4.06021e-07
2.10200e+01	2.89065e-01	4.02438e-07
2.10300e+01	2.89126e-01	3.98876e-07
2.10400e+01	2.89186e-01	3.95336e-07
2.10500e+01	2.89246e-01	3.91818e-07
2.10600e+01	2.89305e-01	3.88321e-07
2.10700e+01	2.89364e-01	3.84845e-07
2.10800e+01	2.89424e-01	3.81391e-07
2.10900e+01	2.89482e-01	3.77958e-07
2.11000e+01	2.89541e-01	3.74547e-07
2.11100e+01	2.89599e-01	3.71156e-07
2.11200e+01	2.89657e-01	3.67787e-07
2.11300e+01	2.89715e-01	3.64439e-07
2.11400e+01	2.89773e-01	3.61111e-07
2.11500e+01	2.89830e-01	3.57804e-07
2.11600e+01	2.89887e-01	3.54518e-07
2.11700e+01	2.89943e-01	3.51253e-07
2.11800e+01	2.90000e-01	3.48009e-07
2.11900e+01	2.90056e-01	3.44784e-07
2.12000e+01	2.90112e-01	3.41581e-07
2.12100e+01	2.90168e-01	3.38397e-07
2.12200e+01	2.90223e-01	3.35234e-07
2.12300e+01	2.90278e-01	3.32092e-07
2.12400e+01	2.90333e-01	3.28969e-07
2.12500e+01	2.90388e-01	3.25866e-07
2.12600e+01	2.90442e-01	3.22784e-07
2.12700e+01	2.90496e-01	3.19721e-07
2.12800e+01	2.90550e-01	3.16678e-07
2.12900e+01	2.90604e-01	3.13655e-07
2.13000e+01	2.90657e-01	3.10652e-07
2.13100e+01	2.90710e-01	3.07668e-07
2.13200e+01	2.90763e-01	3.04704e-07
2.13300e+01	2.90816e-01	3.01759e-07
2.13400e+01	2.90868e-01	2.98834e-07
2.13500e+01	2.90920e-01	2.95928e-07
2.13600e+01	2.90972e-01	2.93041e-07
2.13700e+01	2.91023e-01	2.90174e-07
2.13800e+01	2.91075e-01	2.87326e-07
2.13900e+01	2.91126e-01	2.84496e-07
2.14000e+01	2.91176e-01	2.81686e-07
2.14100e+01	2.91227e-01	2.78894e-07
2.14200e+01	2.91277e-01	2.76122e-07
2.14300e+01	2.91327e-01	2.73368e-07
2.14400e+01	2.91377e-01	2.70632e-07
2.14500e+01	2.91426e-01	2.67916e-07
2.14600e+01	2.91476e-01	2.65217e-07
2.14700e+01	2.91525e-01	2.62538e-07
2.14800e+01	2.91573e-01	2.59876e-07
2.14900e+01	2.91622e-01	2.57233e-07
2.15000e+01	2.91670e-01	2.54609e-07
2.15100e+01	2.91718e-01	2.52002e-07
2.15200e+01	2.91766e-01	2.49414e-07
2.15300e+01	2.91813e-01	2.46843e-07
2.15400e+01	2.91861e-01	2.44291e-07
2.15500e+01	2.91908e-01	2.41756e-07
2.15600e+01	2.91954e-01	2.39239e-07
2.15700e+01	2.92001e-01	2.36740e-07
2.15800e+01	2.92047e-01	2.34259e-07
2.15900e+01	2.92093e-01	2.31795e-07
2.16000e+01	2.92139e-01	2.29349e-07
2.16100e+01	2.92184e-01	2.26920e-07
2.16200e+01	2.92229e-01	2.24509e-07
2.16300e+01	2.92274e-01	2.22114e-07
2.16400e+01	2.92319e-01	2.19738e-07
2.16500e+01	2.92364e-01	2.17378e-07
2.16600e+01	2.92408e-01	2.15035e-07
2.16700e+01	2.92452e-01	2.12710e-07
2.16800e+01	2.92496e-01	2.10401e-07
2.16900e+01	2.92539e-01	2.08110e-07
2.17000e+01	2.92582e-01	2.05835e-07
2.17100e+01	2.92626e-01	2.03577e-07
2.17200e+01	2.92668e-01	2.01335e-07
2.17300e+01	2.92711e-01	1.99111e-07
2.17400e+01	2.92753e-01	1.96903e-07
2.17500e+01	2.92795e-01	1.94711e-07
2.17600e+01	2.92837e-01	1.92536e-07
2.17700e+01	2.92879e-01	1.90377e-07
2.17800e+01	2.92920e-01	1.88234e-07
2.17900e+01	2.92961e-01	1.86108e-07
2.18000e+01	2.93002e-01	1.83997e-07
2.18100e+01	2.93042e-01	1.81903e-07
2.18200e+01	2.93083e-01	1.79825e-07
2.18300e+01	2.93123e-01	1.77763e-07
2.18400e+01	2.93163e-01	1.75716e-07
2.18500e+01	2.93202e-01	1.73686e-07
2.18600e+01	2.93242e-01	1.71671e-07
2.18700e+01	2.93281e-01	1.69672e-07
2.18800e+01	2.93320e-01	1.67688e-07
2.18900e+01	2.93358e-01	1.65720e-07
2.19000e+01	2.93397e-01	1.63768e-07
2.19100e+01	2.93435e-01	1.61831e-07
2.19200e+01	2.93473e-01	1.59909e-07
2.19300e+01	2.93511e-01	1.58003e-07
2.19400e+01	2.93548e-01	1.56111e-07
2.19500e+01	2.93585e-01	1.54235e-07
2.19600e+01	2.93622e-01	1.52374e-07
2.19700e+01	2.93659e-01	1.50528e-07
2.19800e+01	2.93696e-01	1.48697e-07
2.19900e+01	2.93732e-01	1.46881e-07
2.20000e+01	2.93768e-01	1.45079e-07
2.20100e+01	2.93804e-01	1.43292e-07
2.20200e+01	2.93839e-01	1.41520e-07
2.20300e+01	2.93875e-01	1.39763e-07
2.20400e+01	2.93910e-01	1.38020e-07
2.20500e+01	2.93945e-01	1.36292e-07
2.20600e+01	2.93980e-01	1.34578e-07
2.20700e+01	2.94014e-01	1.32878e-07
2.20800e+01	2.94048e-01	1.31193e-07
2.20900e+01	2.94082e-01	1.29522e-07
2.21000e+01	2.94116e-01	1.27865e-07
2.21100e+01	2.94149e-01	1.26222e-07
2.21200e+01	2.94183e-01	1.24593e-07
2.21300e+01	2.94216e-01	1.22979e-07
2.21400e+01	2.94249e-01	1.21378e-07
2.21500e+01	2.94281e-01	1.19791e-07
2.21600e+01	2.94314e-01	1.18217e-07
2.21700e+01	2.94346e-01	1.16658e-07
2.21800e+01	2.94378e-01	1.15112e-07
2.21900e+01	2.94409e-01	1.13579e-07
2.22000e+01	2.94441e-01	1.12060e-07
2.22100e+01	2.94472e-01	1.10555e-07
2.22200e+01	2.94503e-01	1.09063e-07
2.22300e+01	2.94534e-01	1.07584e-07
2.22400e+01	2.94564e-01	1.06119e-07
2.22500e+01	2.94595e-01	1.04667e-07
2.22600e+01	2.94625e-01	1.03228e-07
2.22700e+01	2.94655e-01	1.01802e-07
2.22800e+01	2.94685e-01	1.00389e-07
2.22900e+01	2.94714e-01	9.89890e-08
2.23000e+01	2.94743e-01	9.76019e-08
2.23100e+01	2.94772e-01	9.62276e-08
2.23200e+01	2.94801e-01	9.48661e-08
2.23300e+01	2.94830e-01	9.35174e-08
2.23400e+01	2.94858e-01	9.21812e-08
2.23500e+01	2.94886e-01	9.08577e-08
2.23600e+01	2.94914e-01	8.95466e-08
2.23700e+01	2.94942e-01	8.82480e-08
2.23800e+01	2.94969e-01	8.69619e-08
2.23900e+01	2.94996e-01	8.56880e-08
2.24000e+01	2.95024e-01	8.44265e-08
2.24100e+01	2.95050e-01	8.31771e-08
2.24200e+01	2.95077e-01	8.19399e-08
2.24300e+01	2.95103e-01	8.07148e-08
2.24400e+01	2.95130e-01	7.95017e-08
2.24500e+01	2.95156e-01	7.83006e-08
2.24600e+01	2.95181e-01	7.71114e-08
2.24700e+01	2.95207e-01	7.59341e-08
2.24800e+01	2.95232e-01	7.47685e-08
2.24900e+01	2.95257e-01	7.36147e-08
2.25000e+01	2.95282e-01	7.24725e-08
2.25100e+01	2.95307e-01	7.13420e-08
2.25200e+01	2.95331e-01	7.02230e-08
2.25300e+01	2.95356e-01	6.91155e-08
2.25400e+01	2.95380e-01	6.80194e-08
2.25500e+01	2.95404e-01	6.69347e-08
2.25600e+01	2.95427e-01	6.58613e-08
2.25700e+01	2.95451e-01	6.47991e-08
2.25800e+01	2.95474e-01	6.37481e-08
2.25900e+01	2.95497e-01	6.27083e-08
2.26000e+01	2.95520e-01	6.16795e-08
2.26100e+01	2.95542e-01	6.06618e-08
2.26200e+01	2.95565e-01	5.96550e-08
2.26300e+01	2.95587e-01	5.86591e-08
2.26400e+01	2.95609e-01	5.76740e-08
2.26500e+01	2.95631e-01	5.66997e-08
2.26600e+01	2.95652e-01	5.57361e-08
2.26700e+01	2.95674e-01	5.47832e-08
2.26800e+01	2.95695e-01	5.38408e-08
2.26900e+01	2.95716e-01	5.29091e-08
2.27000e+01	2.95737e-01	5.19878e-08
2.27100e+01	2.95757e-01	5.10769e-08
2.27200e+01	2.95778e-01	5.01764e-08
2.27300e+01	2.95798e-01	4.92862e-08
2.27400e+01	2.95818e-01	4.84062e-08
2.27500e+01	2.95838e-01	4.75364e-08
2.27600e+01	2.95857e-01	4.66768e-08
2.27700e+01	2.95877e-01	4.58273e-08
2.27800e+01	2.95896e-01	4.49877e-08
2.27900e+01	2.95915e-01	4.41582e-08
2.28000e+01	2.95934e-01	4.33385e-08
2.28100e+01	2.95953e-01	4.25287e-08
2.28200e+01	2.95971e-01	4.17286e-08
2.28300e+01	2.95989e-01	4.09383e-08
2.28400e+01	2.96007e-01	4.01577e-08
2.28500e+01	2.96025e-01	3.93867e-08
2.28600e+01	2.96043e-01	3.86252e-08
2.28700e+01	2.96060e-01	3.78733e-08
2.28800e+01	2.96078e-01	3.71307e-08
2.28900e+01	2.96095e-01	3.63976e-08
2.29000e+01	2.96112e-01	3.56738e-08
2.29100e+01	2.96128e-01	3.49593e-08
2.29200e+01	2.96145e-01	3.42540e-08
2.29300e+01	2.96161e-01	3.35579e-08
2.29400e+01	2.96177e-01	3.28708e-08
2.29500e+01	2.96193e-01	3.21929e-08
2.29600e+01	2.96209e-01	3.15239e-08
2.29700e+01	2.96225e-01	3.08638e-08
2.29800e+01	2.96240e-01	3.02126e-08
2.29900e+01	2.96255e-01	2.95703e-08
2.30000e+01	2.96270e-01	2.89367e-08
2.30100e+01	2.96285e-01	2.83118e-08
2.30200e+01	2.96300e-01	2.76956e-08
2.30300e+01	2.96314e-01	2.70880e-08
2.30400e+01	2.96329e-01	2.64889e-08
2.30500e+01	2.96343e-01	2.58983e-08
2.30600e+01	2.96357e-01	2.53161e-08
2.30700e+01	2.96371e-01	2.47423e-08
2.30800e+01	2.96384e-01	2.41768e-08
2.30900e+01	2.96398e-01	2.36196e-08
2.31000e+01	2.96411e-01	2.30706e-08
2.31100e+01	2.96424e-01	2.25298e-08
2.31200e+01	2.96437e-01	2.19970e-08
2.31300e+01	2.96450e-01	2.14723e-08
2.31400e+01	2.96462e-01	2.09556e-08
2.31500e+01	2.96475e-01	2.04468e-08
2.31600e+01	2.96487e-01	1.99459e-08
2.31700e+01	2.96499e-01	1.94528e-08
2.31800e+01	2.96511e-01	1.89674e-08
2.31900e+01	2.96523e-01	1.84898e-08
2.32000e+01	2.96534e-01	1.80198e-08
2.32100e+01	2.96546e-01	1.75575e-08
2.32200e+01	2.96557e-01	1.71026e-08
2.32300e+01	2.96568e-01	1.66553e-08
2.32400e+01	2.96579e-01	1.62154e-08
2.32500e+01	2.96589e-01	1.57828e-08
2.32600e+01	2.96600e-01	1.53576e-08
2.32700e+01	2.96610e-01	1.49397e-08
2.32800e+01	2.96621e-01	1.45290e-08
2.32900e+01	2.96631e-01	1.41254e-08
2.33000e+01	2.96641e-01	1.37289e-08
2.33100e+01	2.96650e-01	1.33395e-08
2.33200e+01	2.96660e-01	1.29571e-08
2.33300e+01	2.96669e-01	1.25816e-08
2.33400e+01	2.96679e-01	1.22130e-08
2.33500e+01	2.96688e-01	1.18512e-08
2.33600e+01	2.96697e-01	1.14962e-08
2.33700e+01	2.96706e-01	1.11479e-08
2.33800e+01	2.96714e-01	1.08062e-08
2.33900e+01	2.96723e-01	1.04712e-08
2.34000e+01	2.96731e-01	1.01427e-08
2.34100e+01	2.96739e-01	9.82076e-09
2.34200e+01	2.96747e-01	9.50523e-09
2.34300e+01	2.96755e-01	9.19608e-09
2.34400e+01	2.96763e-01	8.89326e-09
2.34500e+01	2.96771e-01	8.59673e-09
2.34600e+01	2.96778e-01	8.30641e-09
2.34700e+01	2.96785e-01	8.02226e-09
2.34800e+01	2.96793e-01	7.74422e-09
2.34900e+01	2.96800e-01	7.47224e-09
2.35000e+01	2.96807e-01	7.20626e-09
2.35100e+01	2.96813e-01	6.94622e-09
2.35200e+01	2.96820e-01	6.69207e-09
2.35300e+01	2.96826e-01	6.44375e-09
2.35400e+01	2.96833e-01	6.20121e-09
2.35500e+01	2.96839e-01	5.96440e-09
2.35600e+01	2.96845e-01	5.73325e-09
2.35700e+01	2.96851e-01	5.50771e-09
2.35800e+01	2.96857e-01	5.28773e-09
2.35900e+01	2.96862e-01	5.07325e-09
2.36000e+01	2.96868e-01	4.86420e-09
2.36100e+01	2.96873e-01	4.66055e-09
2.36200e+01	2.96878e-01	4.46222e-09
2.36300e+01	2.96883e-01	4.26917e-09
2.36400e+01	2.96888e-01	4.08133e-09
2.36500e+01	2.96893e-01	3.89866e-09
2.36600e+01	2.96898e-01	3.72109e-09
2.36700e+01	2.96902e-01	3.54856e-09
2.36800e+01	2.96907e-01	3.38102e-09
2.36900e+01	2.96911e-01	3.21842e-09
2.37000e+01	2.96916e-01	3.06068e-09
2.37100e+01	2.96920e-01	2.90777e-09
2.37200e+01	2.96924e-01	2.75961e-09
2.37300e+01	2.96927e-01	2.61615e-09
2.37400e+01	2.96931e-01	2.47733e-09
2.37500e+01	2.96935e-01	2.34310e-09
2.37600e+01	2.96938e-01	2.21339e-09
2.37700e+01	2.96942e-01	2.08814e-09
2.37800e+01	2.96945e-01	1.96730e-09
2.37900e+01	2.96948e-01	1.85081e-09
2.38000e+01	2.96951e-01	1.73860e-09
2.38100e+01	2.96954e-01	1.63062e-09
2.38200e+01	2.96957e-01	1.52680e-09
2.38300e+01	2.96960e-01	1.42709e-09
2.38400e+01	2.96962e-01	1.33141e-09
2.38500e+01	2.96965e-01	1.23972e-09
2.38600e+01	2.96967e-01	1.15195e-09
2.38700e+01	2.96970e-01	1.06803e-09
2.38800e+01	2.96972e-01	9.87902e-10
2.38900e+01	2.96974e-01	9.11505e-10
2.39000e+01	2.96976e-01	8.38771e-10
2.39100e+01	2.96978e-01	7.69637e-10
2.39200e+01	2.96980e-01	7.04037e-10
2.39300e+01	2.96981e-01	6.41905e-10
2.39400e+01	2.96983e-01	5.83173e-10
2.39500e+01	2.96985e-01	5.27775e-10
2.39600e+01	2.96986e-01	4.75642e-10
2.39700e+01	2.96987e-01	4.26705e-10
2.39800e+01	2.96989e-01	3.80894e-10
2.39900e+01	2.96990e-01	3.38137e-10
2.40000e+01	2.96991e-01	2.98362e-10
2.40100e+01	2.96992e-01	2.61496e-10
2.40200e+01	2.96993e-01	2.27464e-10
2.40300e+01	2.96994e-01	1.96191e-10
2.40400e+01	2.96995e-01	1.67597e-10
2.40500e+01	2.96995e-01	1.41605e-10
2.40600e+01	2.96996e-01	1.18132e-10
2.40700e+01	2.96997e-01	9.70959e-11
2.40800e+01	2.96997e-01	7.84110e-11
2.40900e+01	2.96998e-01	6.19890e-11
2.41000e+01	2.96998e-01	4.77390e-11
2.41100e+01	2.96998e-01	3.55666e-11
2.41200e+01	2.96999e-01	2.53735e-11
2.41300e+01	2.96999e-01	1.70570e-11
2.41400e+01	2.96999e-01	1.05095e-11
2.41500e+01	2.96999e-01	5.61718e-12
2.41600e+01	2.96999e-01	2.26055e-12
2.41700e+01	2.96999e-01	3.18113e-13
