1.00000e-02	7.68555e-20	2.00000e+03
2.00000e-02	5.37989e-04	2.00000e+03
3.00000e-02	1.99824e-03	1.82826e+03
4.00000e-02	4.60140e-03	1.53097e+03
5.00000e-02	8.20585e-03	1.13783e+03
6.00000e-02	1.22239e-02	7.08896e+02
7.00000e-02	1.57526e-02	3.48640e+02
8.00000e-02	1.81057e-02	1.46628e+02
9.00000e-02	1.94159e-02	6.92305e+01
1.00000e-01	2.02164e-02	4.01548e+01
1.10000e-01	2.08020e-02	2.70228e+01
1.20000e-01	2.12878e-02	2.00159e+01
1.30000e-01	2.17229e-02	1.58011e+01
1.40000e-01	2.21315e-02	1.30388e+01
1.50000e-01	2.25273e-02	1.11102e+01
1.60000e-01	2.29186e-02	9.69726e+00
1.70000e-01	2.33109e-02	8.62217e+00
1.80000e-01	2.37080e-02	7.77896e+00
1.90000e-01	2.41128e-02	7.10097e+00
2.00000e-01	2.45275e-02	6.54438e+00
2.10000e-01	2.49538e-02	6.07938e+00
2.20000e-01	2.53930e-02	5.68500e+00
2.30000e-01	2.58465e-02	5.34613e+00
2.40000e-01	2.63150e-02	5.05162e+00
2.50000e-01	2.67996e-02	4.79308e+00
2.60000e-01	2.73009e-02	4.56408e+00
2.70000e-01	2.78196e-02	4.35962e+00
2.80000e-01	2.83563e-02	4.17576e+00
2.90000e-01	2.89114e-02	4.00935e+00
3.00000e-01	2.94855e-02	3.85783e+00
3.10000e-01	3.00790e-02	3.71914e+00
3.20000e-01	3.06922e-02	3.59157e+00
3.30000e-01	3.13256e-02	3.47369e+00
3.40000e-01	3.19794e-02	3.36431e+00
3.50000e-01	3.26539e-02	3.26244e+00
3.60000e-01	3.33493e-02	3.16722e+00
3.70000e-01	3.40660e-02	3.07792e+00
3.80000e-01	3.48041e-02	2.99392e+00
3.90000e-01	3.55638e-02	2.91468e+00
4.00000e-01	3.63453e-02	2.83974e+00
4.10000e-01	3.71487e-02	2.76868e+00
4.20000e-01	3.79741e-02	2.70115e+00
4.30000e-01	3.88217e-02	2.63683e+00
4.40000e-01	3.96916e-02	2.57545e+00
4.50000e-01	4.05838e-02	2.51676e+00
4.60000e-01	4.14983e-02	2.46055e+00
4.70000e-01	4.24353e-02	2.40662e+00
4.80000e-01	4.33948e-02	2.35479e+00
4.90000e-01	4.43767e-02	2.30492e+00
5.00000e-01	4.53811e-02	2.25686e+00
5.10000e-01	4.64080e-02	2.21048e+00
5.20000e-01	4.74573e-02	2.16567e+00
5.30000e-01	4.85289e-02	2.12233e+00
5.40000e-01	4.96230e-02	2.08036e+00
5.50000e-01	5.07392e-02	2.03969e+00
5.60000e-01	5.18777e-02	2.00022e+00
5.70000e-01	5.30382e-02	1.96189e+00
5.80000e-01	5.42208e-02	1.92464e+00
5.90000e-01	5.54252e-02	1.88841e+00
6.00000e-01	5.66513e-02	1.85313e+00
6.10000e-01	5.78991e-02	1.81877e+00
6.20000e-01	5.91683e-02	1.78527e+00
6.30000e-01	6.04588e-02	1.75259e+00
6.40000e-01	6.17705e-02	1.72070e+00
6.50000e-01	6.31031e-02	1.68955e+00
6.60000e-01	6.44565e-02	1.65911e+00
6.70000e-01	6.58304e-02	1.62936e+00
6.80000e-01	6.72248e-02	1.60026e+00
6.90000e-01	6.86392e-02	1.57178e+00
7.00000e-01	7.00737e-02	1.54390e+00
7.10000e-01	7.15278e-02	1.51660e+00
7.20000e-01	7.30013e-02	1.48986e+00
7.30000e-01	7.44942e-02	1.46365e+00
7.40000e-01	7.60059e-02	1.43795e+00
7.50000e-01	7.75364e-02	1.41275e+00
7.60000e-01	7.90853e-02	1.38803e+00
7.70000e-01	8.06524e-02	1.36378e+00
7.80000e-01	8.22374e-02	1.33997e+00
7.90000e-01	8.38400e-02	1.31661e+00
8.00000e-01	8.54599e-02	1.29366e+00
8.10000e-01	8.70969e-02	1.27113e+00
8.20000e-01	8.87505e-02	1.24899e+00
8.30000e-01	9.04206e-02	1.22725e+00
8.40000e-01	9.21068e-02	1.20588e+00
8.50000e-01	9.38088e-02	1.18487e+00
8.60000e-01	9.55263e-02	1.16423e+00
8.70000e-01	9.72589e-02	1.14394e+00
8.80000e-01	9.90064e-02	1.12399e+00
8.90000e-01	1.00768e-01	1.10437e+00
9.00000e-01	1.02544e-01	1.08508e+00
9.10000e-01	1.04334e-01	1.06611e+00
9.20000e-01	1.06138e-01	1.04745e+00
9.30000e-01	1.07955e-01	1.02909e+00
9.40000e-01	1.09784e-01	1.01103e+00
9.50000e-01	1.11626e-01	9.93271e-01
9.60000e-01	1.13480e-01	9.75796e-01
9.70000e-01	1.15346e-01	9.58603e-01
9.80000e-01	1.17224e-01	9.41686e-01
9.90000e-01	1.19112e-01	9.25041e-01
1.00000e+00	1.21012e-01	9.08663e-01
1.01000e+00	1.22921e-01	8.92548e-01
1.02000e+00	1.24841e-01	8.76690e-01
1.03000e+00	1.26770e-01	8.61085e-01
1.04000e+00	1.28709e-01	8.45730e-01
1.05000e+00	1.30657e-01	8.30620e-01
1.06000e+00	1.32614e-01	8.15751e-01
1.07000e+00	1.34579e-01	8.01120e-01
1.08000e+00	1.36552e-01	7.86723e-01
1.09000e+00	1.38532e-01	7.72555e-01
1.10000e+00	1.40520e-01	7.58615e-01
1.11000e+00	1.42515e-01	7.44897e-01
1.12000e+00	1.44517e-01	7.31400e-01
1.13000e+00	1.46524e-01	7.18120e-01
1.14000e+00	1.48538e-01	7.05053e-01
1.15000e+00	1.50558e-01	6.92197e-01
1.16000e+00	1.52582e-01	6.79549e-01
1.17000e+00	1.54612e-01	6.67105e-01
1.18000e+00	1.56646e-01	6.54863e-01
1.19000e+00	1.58685e-01	6.42821e-01
1.20000e+00	1.60728e-01	6.30974e-01
1.21000e+00	1.62774e-01	6.19321e-01
1.22000e+00	1.64824e-01	6.07860e-01
1.23000e+00	1.66877e-01	5.96586e-01
1.24000e+00	1.68932e-01	5.85498e-01
1.25000e+00	1.70990e-01	5.74593e-01
1.26000e+00	1.73051e-01	5.63870e-01
1.27000e+00	1.75113e-01	5.53324e-01
1.28000e+00	1.77176e-01	5.42954e-01
1.29000e+00	1.79241e-01	5.32758e-01
1.30000e+00	1.81307e-01	5.22732e-01
1.31000e+00	1.83374e-01	5.12876e-01
1.32000e+00	1.85441e-01	5.03185e-01
1.33000e+00	1.87509e-01	4.93659e-01
1.34000e+00	1.89576e-01	4.84295e-01
1.35000e+00	1.91643e-01	4.75091e-01
1.36000e+00	1.93709e-01	4.66044e-01
1.37000e+00	1.95774e-01	4.57153e-01
1.38000e+00	1.97839e-01	4.48414e-01
1.39000e+00	1.99902e-01	4.39827e-01
1.40000e+00	2.01963e-01	4.31388e-01
1.41000e+00	2.04023e-01	4.23097e-01
1.42000e+00	2.06080e-01	4.14950e-01
1.43000e+00	2.08135e-01	4.06945e-01
1.44000e+00	2.10188e-01	3.99082e-01
1.45000e+00	2.12237e-01	3.91357e-01
1.46000e+00	2.14284e-01	3.83769e-01
1.47000e+00	2.16328e-01	3.76315e-01
1.48000e+00	2.18368e-01	3.68994e-01
1.49000e+00	2.20405e-01	3.61804e-01
1.50000e+00	2.22438e-01	3.54743e-01
1.51000e+00	2.24467e-01	3.47808e-01
1.52000e+00	2.26492e-01	3.40999e-01
1.53000e+00	2.28512e-01	3.34313e-01
1.54000e+00	2.30528e-01	3.27748e-01
1.55000e+00	2.32539e-01	3.21303e-01
1.56000e+00	2.34545e-01	3.14976e-01
1.57000e+00	2.36547e-01	3.08764e-01
1.58000e+00	2.38543e-01	3.02666e-01
1.59000e+00	2.40533e-01	2.96681e-01
1.60000e+00	2.42518e-01	2.90806e-01
1.61000e+00	2.44498e-01	2.85040e-01
1.62000e+00	2.46472e-01	2.79382e-01
1.63000e+00	2.48439e-01	2.73828e-01
1.64000e+00	2.50401e-01	2.68379e-01
1.65000e+00	2.52356e-01	2.63031e-01
1.66000e+00	2.54305e-01	2.57784e-01
1.67000e+00	2.56248e-01	2.52636e-01
1.68000e+00	2.58183e-01	2.47585e-01
1.69000e+00	2.60113e-01	2.42629e-01
1.70000e+00	2.62035e-01	2.37768e-01
1.71000e+00	2.63950e-01	2.32998e-01
1.72000e+00	2.65858e-01	2.28320e-01
1.73000e+00	2.67760e-01	2.23732e-01
1.74000e+00	2.69653e-01	2.19231e-01
1.75000e+00	2.71540e-01	2.14816e-01
1.76000e+00	2.73419e-01	2.10487e-01
1.77000e+00	2.75290e-01	2.06241e-01
1.78000e+00	2.77154e-01	2.02077e-01
1.79000e+00	2.79010e-01	1.97993e-01
1.80000e+00	2.80859e-01	1.93989e-01
1.81000e+00	2.82699e-01	1.90062e-01
1.82000e+00	2.84532e-01	1.86213e-01
1.83000e+00	2.86356e-01	1.82438e-01
1.84000e+00	2.88173e-01	1.78737e-01
1.85000e+00	2.89981e-01	1.75108e-01
1.86000e+00	2.91781e-01	1.71551e-01
1.87000e+00	2.93573e-01	1.68063e-01
1.88000e+00	2.95357e-01	1.64645e-01
1.89000e+00	2.97132e-01	1.61293e-01
1.90000e+00	2.98899e-01	1.58008e-01
1.91000e+00	3.00657e-01	1.54788e-01
1.92000e+00	3.02407e-01	1.51632e-01
1.93000e+00	3.04148e-01	1.48538e-01
1.94000e+00	3.05881e-01	1.45505e-01
1.95000e+00	3.07605e-01	1.42534e-01
1.96000e+00	3.09320e-01	1.39621e-01
1.97000e+00	3.11027e-01	1.36766e-01
1.98000e+00	3.12725e-01	1.33969e-01
1.99000e+00	3.14414e-01	1.31227e-01
2.00000e+00	3.16094e-01	1.28540e-01
2.01000e+00	3.17766e-01	1.25907e-01
2.02000e+00	3.19429e-01	1.23327e-01
2.03000e+00	3.21082e-01	1.20799e-01
2.04000e+00	3.22727e-01	1.18322e-01
2.05000e+00	3.24364e-01	1.15894e-01
2.06000e+00	3.25991e-01	1.13516e-01
2.07000e+00	3.27609e-01	1.11185e-01
2.08000e+00	3.29219e-01	1.08902e-01
2.09000e+00	3.30819e-01	1.06664e-01
2.10000e+00	3.32411e-01	1.04472e-01
2.11000e+00	3.33993e-01	1.02324e-01
2.12000e+00	3.35567e-01	1.00220e-01
2.13000e+00	3.37132e-01	9.81588e-02
2.14000e+00	3.38688e-01	9.61391e-02
2.15000e+00	3.40234e-01	9.41605e-02
2.16000e+00	3.41772e-01	9.22220e-02
2.17000e+00	3.43301e-01	9.03230e-02
2.18000e+00	3.44821e-01	8.84626e-02
2.19000e+00	3.46332e-01	8.66401e-02
2.20000e+00	3.47834e-01	8.48547e-02
2.21000e+00	3.49327e-01	8.31057e-02
2.22000e+00	3.50812e-01	8.13923e-02
2.23000e+00	3.52287e-01	7.97140e-02
2.24000e+00	3.53754e-01	7.80698e-02
2.25000e+00	3.55211e-01	7.64593e-02
2.26000e+00	3.56660e-01	7.48817e-02
2.27000e+00	3.58100e-01	7.33363e-02
2.28000e+00	3.59531e-01	7.18225e-02
2.29000e+00	3.60953e-01	7.03396e-02
2.30000e+00	3.62366e-01	6.88871e-02
2.31000e+00	3.63771e-01	6.74644e-02
2.32000e+00	3.65167e-01	6.60707e-02
2.33000e+00	3.66554e-01	6.47056e-02
2.34000e+00	3.67932e-01	6.33685e-02
2.35000e+00	3.69301e-01	6.20587e-02
2.36000e+00	3.70662e-01	6.07758e-02
2.37000e+00	3.72015e-01	5.95192e-02
2.38000e+00	3.73358e-01	5.82883e-02
2.39000e+00	3.74693e-01	5.70827e-02
2.40000e+00	3.76019e-01	5.59018e-02
2.41000e+00	3.77337e-01	5.47451e-02
2.42000e+00	3.78646e-01	5.36121e-02
2.43000e+00	3.79947e-01	5.25024e-02
2.44000e+00	3.81239e-01	5.14155e-02
2.45000e+00	3.82523e-01	5.03508e-02
2.46000e+00	3.83798e-01	4.93080e-02
2.47000e+00	3.85065e-01	4.82866e-02
2.48000e+00	3.86323e-01	4.72861e-02
2.49000e+00	3.87573e-01	4.63062e-02
2.50000e+00	3.88815e-01	4.53464e-02
2.51000e+00	3.90049e-01	4.44062e-02
2.52000e+00	3.91274e-01	4.34854e-02
2.53000e+00	3.92490e-01	4.25835e-02
2.54000e+00	3.93699e-01	4.17000e-02
2.55000e+00	3.94900e-01	4.08347e-02
2.56000e+00	3.96092e-01	3.99871e-02
2.57000e+00	3.97276e-01	3.91570e-02
2.58000e+00	3.98452e-01	3.83438e-02
2.59000e+00	3.99620e-01	3.75473e-02
2.60000e+00	4.00780e-01	3.67672e-02
2.61000e+00	4.01932e-01	3.60031e-02
2.62000e+00	4.03076e-01	3.52546e-02
2.63000e+00	4.04212e-01	3.45215e-02
2.64000e+00	4.05340e-01	3.38034e-02
2.65000e+00	4.06460e-01	3.31000e-02
2.66000e+00	4.07573e-01	3.24111e-02
2.67000e+00	4.08677e-01	3.17363e-02
2.68000e+00	4.09774e-01	3.10753e-02
2.69000e+00	4.10863e-01	3.04278e-02
2.70000e+00	4.11944e-01	2.97936e-02
2.71000e+00	4.13018e-01	2.91724e-02
2.72000e+00	4.14084e-01	2.85639e-02
2.73000e+00	4.15142e-01	2.79679e-02
2.74000e+00	4.16193e-01	2.73841e-02
2.75000e+00	4.17236e-01	2.68122e-02
2.76000e+00	4.18272e-01	2.62520e-02
2.77000e+00	4.19300e-01	2.57033e-02
2.78000e+00	4.20321e-01	2.51659e-02
2.79000e+00	4.21334e-01	2.46394e-02
2.80000e+00	4.22340e-01	2.41237e-02
2.81000e+00	4.23339e-01	2.36186e-02
2.82000e+00	4.24330e-01	2.31237e-02
2.83000e+00	4.25314e-01	2.26390e-02
2.84000e+00	4.26291e-01	2.21642e-02
2.85000e+00	4.27260e-01	2.16992e-02
2.86000e+00	4.28223e-01	2.12436e-02
2.87000e+00	4.29178e-01	2.07973e-02
2.88000e+00	4.30126e-01	2.03602e-02
2.89000e+00	4.31067e-01	1.99320e-02
2.90000e+00	4.32001e-01	1.95125e-02
2.91000e+00	4.32928e-01	1.91016e-02
2.92000e+00	4.33848e-01	1.86991e-02
2.93000e+00	4.34760e-01	1.83048e-02
2.94000e+00	4.35667e-01	1.79186e-02
2.95000e+00	4.36566e-01	1.75402e-02
2.96000e+00	4.37458e-01	1.71696e-02
2.97000e+00	4.38343e-01	1.68066e-02
2.98000e+00	4.39222e-01	1.64509e-02
2.99000e+00	4.40094e-01	1.61026e-02
3.00000e+00	4.40959e-01	1.57613e-02
3.01000e+00	4.41818e-01	1.54270e-02
3.02000e+00	4.42670e-01	1.50995e-02
3.03000e+00	4.43515e-01	1.47787e-02
3.04000e+00	4.44353e-01	1.44645e-02
3.05000e+00	4.45185e-01	1.41566e-02
3.06000e+00	4.46011e-01	1.38551e-02
3.07000e+00	4.46830e-01	1.35597e-02
3.08000e+00	4.47643e-01	1.32703e-02
3.09000e+00	4.48449e-01	1.29869e-02
3.10000e+00	4.49248e-01	1.27092e-02
3.11000e+00	4.50042e-01	1.24372e-02
3.12000e+00	4.50829e-01	1.21707e-02
3.13000e+00	4.51609e-01	1.19097e-02
3.14000e+00	4.52384e-01	1.16540e-02
3.15000e+00	4.53152e-01	1.14036e-02
3.16000e+00	4.53914e-01	1.11582e-02
3.17000e+00	4.54670e-01	1.09179e-02
3.18000e+00	4.55419e-01	1.06824e-02
3.19000e+00	4.56163e-01	1.04518e-02
3.20000e+00	4.56900e-01	1.02259e-02
3.21000e+00	4.57631e-01	1.00046e-02
3.22000e+00	4.58357e-01	9.78784e-03
3.23000e+00	4.59076e-01	9.57550e-03
3.24000e+00	4.59789e-01	9.36750e-03
3.25000e+00	4.60497e-01	9.16375e-03
3.26000e+00	4.61198e-01	8.96417e-03
3.27000e+00	4.61894e-01	8.76867e-03
3.28000e+00	4.62583e-01	8.57718e-03
3.29000e+00	4.63267e-01	8.38960e-03
3.30000e+00	4.63945e-01	8.20586e-03
3.31000e+00	4.64618e-01	8.02589e-03
3.32000e+00	4.65284e-01	7.84961e-03
3.33000e+00	4.65945e-01	7.67693e-03
3.34000e+00	4.66600e-01	7.50780e-03
3.35000e+00	4.67250e-01	7.34214e-03
3.36000e+00	4.67894e-01	7.17988e-03
3.37000e+00	4.68532e-01	7.02094e-03
3.38000e+00	4.69165e-01	6.86528e-03
3.39000e+00	4.69792e-01	6.71281e-03
3.40000e+00	4.70414e-01	6.56347e-03
3.41000e+00	4.71030e-01	6.41721e-03
3.42000e+00	4.71641e-01	6.27395e-03
3.43000e+00	4.72247e-01	6.13364e-03
3.44000e+00	4.72847e-01	5.99623e-03
3.45000e+00	4.73441e-01	5.86165e-03
3.46000e+00	4.74030e-01	5.72984e-03
3.47000e+00	4.74614e-01	5.60075e-03
3.48000e+00	4.75193e-01	5.47433e-03
3.49000e+00	4.75767e-01	5.35052e-03
3.50000e+00	4.76335e-01	5.22926e-03
3.51000e+00	4.76898e-01	5.11052e-03
3.52000e+00	4.77455e-01	4.99424e-03
3.53000e+00	4.78008e-01	4.88036e-03
3.54000e+00	4.78556e-01	4.76885e-03
3.55000e+00	4.79098e-01	4.65965e-03
3.56000e+00	4.79635e-01	4.55272e-03
3.57000e+00	4.80168e-01	4.44802e-03
3.58000e+00	4.80695e-01	4.34549e-03
3.59000e+00	4.81217e-01	4.24509e-03
3.60000e+00	4.81735e-01	4.14679e-03
3.61000e+00	4.82247e-01	4.05054e-03
3.62000e+00	4.82755e-01	3.95630e-03
3.63000e+00	4.83257e-01	3.86403e-03
3.64000e+00	4.83755e-01	3.77369e-03
3.65000e+00	4.84248e-01	3.68524e-03
3.66000e+00	4.84736e-01	3.59865e-03
3.67000e+00	4.85219e-01	3.51387e-03
3.68000e+00	4.85698e-01	3.43088e-03
3.69000e+00	4.86171e-01	3.34963e-03
3.70000e+00	4.86640e-01	3.27010e-03
3.71000e+00	4.87105e-01	3.19224e-03
3.72000e+00	4.87565e-01	3.11603e-03
3.73000e+00	4.88020e-01	3.04143e-03
3.74000e+00	4.88470e-01	2.96841e-03
3.75000e+00	4.88916e-01	2.89693e-03
3.76000e+00	4.89357e-01	2.82698e-03
3.77000e+00	4.89794e-01	2.75851e-03
3.78000e+00	4.90226e-01	2.69150e-03
3.79000e+00	4.90654e-01	2.62591e-03
3.80000e+00	4.91077e-01	2.56173e-03
3.81000e+00	4.91496e-01	2.49893e-03
3.82000e+00	4.91910e-01	2.43746e-03
3.83000e+00	4.92320e-01	2.37732e-03
3.84000e+00	4.92726e-01	2.31847e-03
3.85000e+00	4.93127e-01	2.26088e-03
3.86000e+00	4.93524e-01	2.20454e-03
3.87000e+00	4.93917e-01	2.14942e-03
3.88000e+00	4.94305e-01	2.09549e-03
3.89000e+00	4.94689e-01	2.04272e-03
3.90000e+00	4.95069e-01	1.99111e-03
3.91000e+00	4.95445e-01	1.94062e-03
3.92000e+00	4.95816e-01	1.89122e-03
3.93000e+00	4.96184e-01	1.84291e-03
3.94000e+00	4.96547e-01	1.79566e-03
3.95000e+00	4.96906e-01	1.74944e-03
3.96000e+00	4.97261e-01	1.70424e-03
3.97000e+00	4.97612e-01	1.66004e-03
3.98000e+00	4.97959e-01	1.61681e-03
3.99000e+00	4.98301e-01	1.57454e-03
4.00000e+00	4.98640e-01	1.53321e-03
4.01000e+00	4.98975e-01	1.49279e-03
4.02000e+00	4.99306e-01	1.45328e-03
4.03000e+00	4.99633e-01	1.41465e-03
4.04000e+00	4.99956e-01	1.37689e-03
4.05000e+00	5.00275e-01	1.33997e-03
4.06000e+00	5.00590e-01	1.30389e-03
4.07000e+00	5.00901e-01	1.26862e-03
4.08000e+00	5.01209e-01	1.23415e-03
4.09000e+00	5.01512e-01	1.20046e-03
4.10000e+00	5.01812e-01	1.16754e-03
4.11000e+00	5.02109e-01	1.13537e-03
4.12000e+00	5.02401e-01	1.10393e-03
4.13000e+00	5.02690e-01	1.07322e-03
4.14000e+00	5.02975e-01	1.04322e-03
4.15000e+00	5.03256e-01	1.01391e-03
4.16000e+00	5.03534e-01	9.85277e-04
4.17000e+00	5.03808e-01	9.57312e-04
4.18000e+00	5.04078e-01	9.29999e-04
4.19000e+00	5.04345e-01	9.03326e-04
4.20000e+00	5.04608e-01	8.77279e-04
4.21000e+00	5.04868e-01	8.51846e-04
4.22000e+00	5.05124e-01	8.27015e-04
4.23000e+00	5.05377e-01	8.02773e-04
4.24000e+00	5.05626e-01	7.79109e-04
4.25000e+00	5.05872e-01	7.56010e-04
4.26000e+00	5.06114e-01	7.33466e-04
4.27000e+00	5.06353e-01	7.11466e-04
4.28000e+00	5.06588e-01	6.89997e-04
4.29000e+00	5.06821e-01	6.69051e-04
4.30000e+00	5.07049e-01	6.48614e-04
4.31000e+00	5.07275e-01	6.28679e-04
4.32000e+00	5.07497e-01	6.09234e-04
4.33000e+00	5.07716e-01	5.90269e-04
4.34000e+00	5.07931e-01	5.71775e-04
4.35000e+00	5.08143e-01	5.53741e-04
4.36000e+00	5.08352e-01	5.36159e-04
4.37000e+00	5.08558e-01	5.19020e-04
4.38000e+00	5.08761e-01	5.02313e-04
4.39000e+00	5.08960e-01	4.86031e-04
4.40000e+00	5.09156e-01	4.70165e-04
4.41000e+00	5.09350e-01	4.54705e-04
4.42000e+00	5.09540e-01	4.39644e-04
4.43000e+00	5.09727e-01	4.24974e-04
4.44000e+00	5.09911e-01	4.10686e-04
4.45000e+00	5.10091e-01	3.96772e-04
4.46000e+00	5.10269e-01	3.83224e-04
4.47000e+00	5.10444e-01	3.70036e-04
4.48000e+00	5.10616e-01	3.57199e-04
4.49000e+00	5.10785e-01	3.44706e-04
4.50000e+00	5.10951e-01	3.32550e-04
4.51000e+00	5.11114e-01	3.20724e-04
4.52000e+00	5.11274e-01	3.09221e-04
4.53000e+00	5.11431e-01	2.98033e-04
4.54000e+00	5.11586e-01	2.87155e-04
4.55000e+00	5.11737e-01	2.76580e-04
4.56000e+00	5.11886e-01	2.66301e-04
4.57000e+00	5.12032e-01	2.56313e-04
4.58000e+00	5.12175e-01	2.46608e-04
4.59000e+00	5.12315e-01	2.37181e-04
4.60000e+00	5.12453e-01	2.28025e-04
4.61000e+00	5.12588e-01	2.19136e-04
4.62000e+00	5.12720e-01	2.10507e-04
4.63000e+00	5.12850e-01	2.02132e-04
4.64000e+00	5.12977e-01	1.94006e-04
4.65000e+00	5.13101e-01	1.86124e-04
4.66000e+00	5.13223e-01	1.78480e-04
4.67000e+00	5.13342e-01	1.71069e-04
4.68000e+00	5.13458e-01	1.63886e-04
4.69000e+00	5.13572e-01	1.56926e-04
4.70000e+00	5.13684e-01	1.50184e-04
4.71000e+00	5.13793e-01	1.43655e-04
4.72000e+00	5.13899e-01	1.37334e-04
4.73000e+00	5.14003e-01	1.31216e-04
4.74000e+00	5.14105e-01	1.25297e-04
4.75000e+00	5.14204e-01	1.19573e-04
4.76000e+00	5.14301e-01	1.14039e-04
4.77000e+00	5.14396e-01	1.08691e-04
4.78000e+00	5.14488e-01	1.03524e-04
4.79000e+00	5.14577e-01	9.85339e-05
4.80000e+00	5.14665e-01	9.37171e-05
4.81000e+00	5.14750e-01	8.90694e-05
4.82000e+00	5.14833e-01	8.45867e-05
4.83000e+00	5.14913e-01	8.02651e-05
4.84000e+00	5.14992e-01	7.61009e-05
4.85000e+00	5.15068e-01	7.20903e-05
4.86000e+00	5.15142e-01	6.82295e-05
4.87000e+00	5.15214e-01	6.45150e-05
4.88000e+00	5.15284e-01	6.09431e-05
4.89000e+00	5.15352e-01	5.75105e-05
4.90000e+00	5.15417e-01	5.42135e-05
4.91000e+00	5.15481e-01	5.10489e-05
4.92000e+00	5.15542e-01	4.80134e-05
4.93000e+00	5.15602e-01	4.51036e-05
4.94000e+00	5.15659e-01	4.23163e-05
4.95000e+00	5.15715e-01	3.96485e-05
4.96000e+00	5.15768e-01	3.70969e-05
4.97000e+00	5.15820e-01	3.46586e-05
4.98000e+00	5.15870e-01	3.23306e-05
4.99000e+00	5.15918e-01	3.01098e-05
5.00000e+00	5.15964e-01	2.79935e-05
5.01000e+00	5.16008e-01	2.59787e-05
5.02000e+00	5.16051e-01	2.40627e-05
5.03000e+00	5.16091e-01	2.22427e-05
5.04000e+00	5.16130e-01	2.05159e-05
5.05000e+00	5.16168e-01	1.88798e-05
5.06000e+00	5.16203e-01	1.73316e-05
5.07000e+00	5.16237e-01	1.58688e-05
5.08000e+00	5.16269e-01	1.44888e-05
5.09000e+00	5.16300e-01	1.31892e-05
5.10000e+00	5.16329e-01	1.19673e-05
5.11000e+00	5.16357e-01	1.08209e-05
5.12000e+00	5.16383e-01	9.74739e-06
5.13000e+00	5.16407e-01	8.74449e-06
5.14000e+00	5.16430e-01	7.80983e-06
5.15000e+00	5.16452e-01	6.94109e-06
5.16000e+00	5.16472e-01	6.13597e-06
5.17000e+00	5.16491e-01	5.39221e-06
5.18000e+00	5.16508e-01	4.70756e-06
5.19000e+00	5.16524e-01	4.07980e-06
5.20000e+00	5.16539e-01	3.50673e-06
5.21000e+00	5.16553e-01	2.98615e-06
5.22000e+00	5.16565e-01	2.51589e-06
5.23000e+00	5.16576e-01	2.09380e-06
5.24000e+00	5.16587e-01	1.71772e-06
5.25000e+00	5.16596e-01	1.38550e-06
5.26000e+00	5.16604e-01	1.09500e-06
5.27000e+00	5.16610e-01	8.44057e-07
5.28000e+00	5.16616e-01	6.30512e-07
5.29000e+00	5.16621e-01	4.52182e-07
5.30000e+00	5.16625e-01	3.06857e-07
5.31000e+00	5.16629e-01	1.92290e-07
5.32000e+00	5.16631e-01	1.06187e-07
5.33000e+00	5.16633e-01	4.62048e-08
5.34000e+00	5.16634e-01	9.98725e-09
