1.00000e-02	3.89045e-20	1.00000e+03
2.00000e-02	2.72332e-04	1.00000e+03
3.00000e-02	1.01152e-03	9.57921e+02
4.00000e-02	2.39162e-03	8.86948e+02
5.00000e-02	4.50174e-03	7.91265e+02
6.00000e-02	7.31698e-03	6.75715e+02
7.00000e-02	1.06843e-02	5.47594e+02
8.00000e-02	1.43343e-02	4.17342e+02
9.00000e-02	1.79322e-02	2.97757e+02
1.00000e-01	2.11706e-02	2.00552e+02
1.10000e-01	2.38710e-02	1.31094e+02
1.20000e-01	2.60242e-02	8.63695e+01
1.30000e-01	2.77328e-02	5.90069e+01
1.40000e-01	2.91221e-02	4.22530e+01
1.50000e-01	3.02930e-02	3.16694e+01
1.60000e-01	3.13153e-02	2.46967e+01
1.70000e-01	3.22351e-02	1.99045e+01
1.80000e-01	3.30833e-02	1.64818e+01
1.90000e-01	3.38807e-02	1.39536e+01
2.00000e-01	3.46418e-02	1.20312e+01
2.10000e-01	3.53772e-02	1.05327e+01
2.20000e-01	3.60946e-02	9.33928e+00
2.30000e-01	3.67997e-02	8.37102e+00
2.40000e-01	3.74970e-02	7.57265e+00
2.50000e-01	3.81901e-02	6.90500e+00
2.60000e-01	3.88818e-02	6.33966e+00
2.70000e-01	3.95743e-02	5.85563e+00
2.80000e-01	4.02695e-02	5.43711e+00
2.90000e-01	4.09689e-02	5.07204e+00
3.00000e-01	4.16739e-02	4.75105e+00
3.10000e-01	4.23856e-02	4.46677e+00
3.20000e-01	4.31047e-02	4.21337e+00
3.30000e-01	4.38323e-02	3.98614e+00
3.40000e-01	4.45689e-02	3.78127e+00
3.50000e-01	4.53152e-02	3.59563e+00
3.60000e-01	4.60716e-02	3.42665e+00
3.70000e-01	4.68386e-02	3.27217e+00
3.80000e-01	4.76166e-02	3.13039e+00
3.90000e-01	4.84060e-02	2.99981e+00
4.00000e-01	4.92070e-02	2.87912e+00
4.10000e-01	5.00200e-02	2.76722e+00
4.20000e-01	5.08450e-02	2.66317e+00
4.30000e-01	5.16824e-02	2.56615e+00
4.40000e-01	5.25323e-02	2.47545e+00
4.50000e-01	5.33949e-02	2.39045e+00
4.60000e-01	5.42702e-02	2.31062e+00
4.70000e-01	5.51584e-02	2.23548e+00
4.80000e-01	5.60596e-02	2.16461e+00
4.90000e-01	5.69738e-02	2.09765e+00
5.00000e-01	5.79012e-02	2.03426e+00
5.10000e-01	5.88416e-02	1.97414e+00
5.20000e-01	5.97952e-02	1.91705e+00
5.30000e-01	6.07620e-02	1.86275e+00
5.40000e-01	6.17420e-02	1.81102e+00
5.50000e-01	6.27352e-02	1.76167e+00
5.60000e-01	6.37415e-02	1.71454e+00
5.70000e-01	6.47610e-02	1.66947e+00
5.80000e-01	6.57936e-02	1.62631e+00
5.90000e-01	6.68393e-02	1.58495e+00
6.00000e-01	6.78980e-02	1.54527e+00
6.10000e-01	6.89696e-02	1.50715e+00
6.20000e-01	7.00542e-02	1.47050e+00
6.30000e-01	7.11516e-02	1.43524e+00
6.40000e-01	7.22617e-02	1.40127e+00
6.50000e-01	7.33845e-02	1.36853e+00
6.60000e-01	7.45200e-02	1.33694e+00
6.70000e-01	7.56679e-02	1.30645e+00
6.80000e-01	7.68282e-02	1.27699e+00
6.90000e-01	7.80009e-02	1.24850e+00
7.00000e-01	7.91857e-02	1.22094e+00
7.10000e-01	8.03827e-02	1.19426e+00
7.20000e-01	8.15916e-02	1.16842e+00
7.30000e-01	8.28123e-02	1.14336e+00
7.40000e-01	8.40449e-02	1.11907e+00
7.50000e-01	8.52890e-02	1.09550e+00
7.60000e-01	8.65446e-02	1.07261e+00
7.70000e-01	8.78116e-02	1.05038e+00
7.80000e-01	8.90897e-02	1.02878e+00
7.90000e-01	9.03790e-02	1.00778e+00
8.00000e-01	9.16792e-02	9.87349e-01
8.10000e-01	9.29903e-02	9.67472e-01
8.20000e-01	9.43119e-02	9.48123e-01
8.30000e-01	9.56441e-02	9.29281e-01
8.40000e-01	9.69867e-02	9.10926e-01
8.50000e-01	9.83395e-02	8.93039e-01
8.60000e-01	9.97023e-02	8.75601e-01
8.70000e-01	1.01075e-01	8.58596e-01
8.80000e-01	1.02458e-01	8.42009e-01
8.90000e-01	1.03850e-01	8.25823e-01
9.00000e-01	1.05251e-01	8.10025e-01
9.10000e-01	1.06662e-01	7.94600e-01
9.20000e-01	1.08082e-01	7.79537e-01
9.30000e-01	1.09511e-01	7.64823e-01
9.40000e-01	1.10949e-01	7.50446e-01
9.50000e-01	1.12395e-01	7.36395e-01
9.60000e-01	1.13850e-01	7.22660e-01
9.70000e-01	1.15313e-01	7.09230e-01
9.80000e-01	1.16784e-01	6.96096e-01
9.90000e-01	1.18263e-01	6.83249e-01
1.00000e+00	1.19750e-01	6.70681e-01
1.01000e+00	1.21245e-01	6.58382e-01
1.02000e+00	1.22747e-01	6.46344e-01
1.03000e+00	1.24256e-01	6.34561e-01
1.04000e+00	1.25773e-01	6.23025e-01
1.05000e+00	1.27297e-01	6.11729e-01
1.06000e+00	1.28827e-01	6.00666e-01
1.07000e+00	1.30364e-01	5.89830e-01
1.08000e+00	1.31907e-01	5.79214e-01
1.09000e+00	1.33457e-01	5.68814e-01
1.10000e+00	1.35013e-01	5.58622e-01
1.11000e+00	1.36575e-01	5.48634e-01
1.12000e+00	1.38142e-01	5.38844e-01
1.13000e+00	1.39716e-01	5.29247e-01
1.14000e+00	1.41294e-01	5.19838e-01
1.15000e+00	1.42878e-01	5.10614e-01
1.16000e+00	1.44468e-01	5.01568e-01
1.17000e+00	1.46062e-01	4.92697e-01
1.18000e+00	1.47661e-01	4.83997e-01
1.19000e+00	1.49264e-01	4.75463e-01
1.20000e+00	1.50872e-01	4.67091e-01
1.21000e+00	1.52485e-01	4.58879e-01
1.22000e+00	1.54102e-01	4.50821e-01
1.23000e+00	1.55722e-01	4.42915e-01
1.24000e+00	1.57347e-01	4.35157e-01
1.25000e+00	1.58975e-01	4.27544e-01
1.26000e+00	1.60607e-01	4.20072e-01
1.27000e+00	1.62242e-01	4.12739e-01
1.28000e+00	1.63880e-01	4.05541e-01
1.29000e+00	1.65522e-01	3.98476e-01
1.30000e+00	1.67166e-01	3.91540e-01
1.31000e+00	1.68813e-01	3.84731e-01
1.32000e+00	1.70463e-01	3.78046e-01
1.33000e+00	1.72115e-01	3.71482e-01
1.34000e+00	1.73770e-01	3.65038e-01
1.35000e+00	1.75427e-01	3.58710e-01
1.36000e+00	1.77086e-01	3.52496e-01
1.37000e+00	1.78746e-01	3.46394e-01
1.38000e+00	1.80409e-01	3.40402e-01
1.39000e+00	1.82073e-01	3.34516e-01
1.40000e+00	1.83739e-01	3.28736e-01
1.41000e+00	1.85406e-01	3.23060e-01
1.42000e+00	1.87074e-01	3.17484e-01
1.43000e+00	1.88744e-01	3.12007e-01
1.44000e+00	1.90414e-01	3.06627e-01
1.45000e+00	1.92085e-01	3.01343e-01
1.46000e+00	1.93757e-01	2.96152e-01
1.47000e+00	1.95430e-01	2.91052e-01
1.48000e+00	1.97102e-01	2.86043e-01
1.49000e+00	1.98776e-01	2.81121e-01
1.50000e+00	2.00449e-01	2.76286e-01
1.51000e+00	2.02122e-01	2.71536e-01
1.52000e+00	2.03796e-01	2.66869e-01
1.53000e+00	2.05469e-01	2.62284e-01
1.54000e+00	2.07142e-01	2.57778e-01
1.55000e+00	2.08815e-01	2.53352e-01
1.56000e+00	2.10487e-01	2.49002e-01
1.57000e+00	2.12158e-01	2.44729e-01
1.58000e+00	2.13829e-01	2.40529e-01
1.59000e+00	2.15498e-01	2.36403e-01
1.60000e+00	2.17167e-01	2.32348e-01
1.61000e+00	2.18835e-01	2.28364e-01
1.62000e+00	2.20502e-01	2.24449e-01
1.63000e+00	2.22167e-01	2.20602e-01
1.64000e+00	2.23831e-01	2.16821e-01
1.65000e+00	2.25494e-01	2.13106e-01
1.66000e+00	2.27155e-01	2.09454e-01
1.67000e+00	2.28814e-01	2.05866e-01
1.68000e+00	2.30471e-01	2.02340e-01
1.69000e+00	2.32127e-01	1.98875e-01
1.70000e+00	2.33781e-01	1.95470e-01
1.71000e+00	2.35432e-01	1.92123e-01
1.72000e+00	2.37082e-01	1.88834e-01
1.73000e+00	2.38729e-01	1.85601e-01
1.74000e+00	2.40374e-01	1.82425e-01
1.75000e+00	2.42017e-01	1.79302e-01
1.76000e+00	2.43657e-01	1.76234e-01
1.77000e+00	2.45294e-01	1.73218e-01
1.78000e+00	2.46929e-01	1.70254e-01
1.79000e+00	2.48561e-01	1.67341e-01
1.80000e+00	2.50190e-01	1.64478e-01
1.81000e+00	2.51817e-01	1.61664e-01
1.82000e+00	2.53440e-01	1.58899e-01
1.83000e+00	2.55061e-01	1.56181e-01
1.84000e+00	2.56678e-01	1.53509e-01
1.85000e+00	2.58293e-01	1.50883e-01
1.86000e+00	2.59904e-01	1.48303e-01
1.87000e+00	2.61511e-01	1.45766e-01
1.88000e+00	2.63115e-01	1.43273e-01
1.89000e+00	2.64716e-01	1.40823e-01
1.90000e+00	2.66314e-01	1.38414e-01
1.91000e+00	2.67907e-01	1.36047e-01
1.92000e+00	2.69498e-01	1.33721e-01
1.93000e+00	2.71084e-01	1.31434e-01
1.94000e+00	2.72667e-01	1.29186e-01
1.95000e+00	2.74246e-01	1.26977e-01
1.96000e+00	2.75820e-01	1.24806e-01
1.97000e+00	2.77392e-01	1.22671e-01
1.98000e+00	2.78959e-01	1.20574e-01
1.99000e+00	2.80522e-01	1.18512e-01
2.00000e+00	2.82081e-01	1.16485e-01
2.01000e+00	2.83636e-01	1.14493e-01
2.02000e+00	2.85186e-01	1.12535e-01
2.03000e+00	2.86733e-01	1.10611e-01
2.04000e+00	2.88275e-01	1.08719e-01
2.05000e+00	2.89812e-01	1.06860e-01
2.06000e+00	2.91346e-01	1.05032e-01
2.07000e+00	2.92875e-01	1.03236e-01
2.08000e+00	2.94399e-01	1.01470e-01
2.09000e+00	2.95919e-01	9.97350e-02
2.10000e+00	2.97435e-01	9.80292e-02
2.11000e+00	2.98946e-01	9.63525e-02
2.12000e+00	3.00452e-01	9.47044e-02
2.13000e+00	3.01954e-01	9.30845e-02
2.14000e+00	3.03451e-01	9.14922e-02
2.15000e+00	3.04943e-01	8.99271e-02
2.16000e+00	3.06430e-01	8.83887e-02
2.17000e+00	3.07913e-01	8.68766e-02
2.18000e+00	3.09391e-01	8.53903e-02
2.19000e+00	3.10864e-01	8.39293e-02
2.20000e+00	3.12332e-01	8.24933e-02
2.21000e+00	3.13795e-01	8.10817e-02
2.22000e+00	3.15253e-01	7.96942e-02
2.23000e+00	3.16706e-01	7.83304e-02
2.24000e+00	3.18154e-01	7.69899e-02
2.25000e+00	3.19597e-01	7.56722e-02
2.26000e+00	3.21035e-01	7.43770e-02
2.27000e+00	3.22468e-01	7.31038e-02
2.28000e+00	3.23896e-01	7.18524e-02
2.29000e+00	3.25318e-01	7.06223e-02
2.30000e+00	3.26736e-01	6.94132e-02
2.31000e+00	3.28148e-01	6.82247e-02
2.32000e+00	3.29555e-01	6.70564e-02
2.33000e+00	3.30957e-01	6.59080e-02
2.34000e+00	3.32353e-01	6.47792e-02
2.35000e+00	3.33744e-01	6.36697e-02
2.36000e+00	3.35130e-01	6.25790e-02
2.37000e+00	3.36511e-01	6.15069e-02
2.38000e+00	3.37886e-01	6.04531e-02
2.39000e+00	3.39256e-01	5.94172e-02
2.40000e+00	3.40621e-01	5.83990e-02
2.41000e+00	3.41980e-01	5.73981e-02
2.42000e+00	3.43334e-01	5.64142e-02
2.43000e+00	3.44683e-01	5.54471e-02
2.44000e+00	3.46026e-01	5.44964e-02
2.45000e+00	3.47363e-01	5.35619e-02
2.46000e+00	3.48695e-01	5.26434e-02
2.47000e+00	3.50022e-01	5.17404e-02
2.48000e+00	3.51343e-01	5.08528e-02
2.49000e+00	3.52659e-01	4.99803e-02
2.50000e+00	3.53969e-01	4.91227e-02
2.51000e+00	3.55274e-01	4.82796e-02
2.52000e+00	3.56573e-01	4.74509e-02
2.53000e+00	3.57867e-01	4.66363e-02
2.54000e+00	3.59155e-01	4.58355e-02
2.55000e+00	3.60438e-01	4.50483e-02
2.56000e+00	3.61715e-01	4.42745e-02
2.57000e+00	3.62987e-01	4.35138e-02
2.58000e+00	3.64253e-01	4.27661e-02
2.59000e+00	3.65514e-01	4.20311e-02
2.60000e+00	3.66769e-01	4.13086e-02
2.61000e+00	3.68018e-01	4.05983e-02
2.62000e+00	3.69262e-01	3.99001e-02
2.63000e+00	3.70500e-01	3.92138e-02
2.64000e+00	3.71733e-01	3.85391e-02
2.65000e+00	3.72960e-01	3.78759e-02
2.66000e+00	3.74182e-01	3.72239e-02
2.67000e+00	3.75398e-01	3.65830e-02
2.68000e+00	3.76608e-01	3.59530e-02
2.69000e+00	3.77813e-01	3.53337e-02
2.70000e+00	3.79012e-01	3.47249e-02
2.71000e+00	3.80206e-01	3.41264e-02
2.72000e+00	3.81394e-01	3.35381e-02
2.73000e+00	3.82577e-01	3.29597e-02
2.74000e+00	3.83754e-01	3.23911e-02
2.75000e+00	3.84925e-01	3.18322e-02
2.76000e+00	3.86091e-01	3.12828e-02
2.77000e+00	3.87251e-01	3.07427e-02
2.78000e+00	3.88406e-01	3.02117e-02
2.79000e+00	3.89555e-01	2.96898e-02
2.80000e+00	3.90698e-01	2.91767e-02
2.81000e+00	3.91836e-01	2.86723e-02
2.82000e+00	3.92969e-01	2.81764e-02
2.83000e+00	3.94095e-01	2.76890e-02
2.84000e+00	3.95217e-01	2.72097e-02
2.85000e+00	3.96332e-01	2.67387e-02
2.86000e+00	3.97443e-01	2.62756e-02
2.87000e+00	3.98547e-01	2.58203e-02
2.88000e+00	3.99646e-01	2.53728e-02
2.89000e+00	4.00740e-01	2.49328e-02
2.90000e+00	4.01828e-01	2.45003e-02
2.91000e+00	4.02910e-01	2.40751e-02
2.92000e+00	4.03987e-01	2.36571e-02
2.93000e+00	4.05059e-01	2.32461e-02
2.94000e+00	4.06125e-01	2.28422e-02
2.95000e+00	4.07185e-01	2.24451e-02
2.96000e+00	4.08240e-01	2.20546e-02
2.97000e+00	4.09290e-01	2.16709e-02
2.98000e+00	4.10333e-01	2.12936e-02
2.99000e+00	4.11372e-01	2.09226e-02
3.00000e+00	4.12405e-01	2.05580e-02
3.01000e+00	4.13433e-01	2.01995e-02
3.02000e+00	4.14455e-01	1.98471e-02
3.03000e+00	4.15472e-01	1.95007e-02
3.04000e+00	4.16483e-01	1.91601e-02
3.05000e+00	4.17489e-01	1.88253e-02
3.06000e+00	4.18489e-01	1.84961e-02
3.07000e+00	4.19484e-01	1.81725e-02
3.08000e+00	4.20474e-01	1.78544e-02
3.09000e+00	4.21458e-01	1.75417e-02
3.10000e+00	4.22437e-01	1.72343e-02
3.11000e+00	4.23411e-01	1.69320e-02
3.12000e+00	4.24379e-01	1.66349e-02
3.13000e+00	4.25342e-01	1.63428e-02
3.14000e+00	4.26299e-01	1.60556e-02
3.15000e+00	4.27251e-01	1.57733e-02
3.16000e+00	4.28198e-01	1.54958e-02
3.17000e+00	4.29140e-01	1.52230e-02
3.18000e+00	4.30076e-01	1.49548e-02
3.19000e+00	4.31007e-01	1.46911e-02
3.20000e+00	4.31932e-01	1.44319e-02
3.21000e+00	4.32853e-01	1.41771e-02
3.22000e+00	4.33768e-01	1.39266e-02
3.23000e+00	4.34678e-01	1.36803e-02
3.24000e+00	4.35583e-01	1.34382e-02
3.25000e+00	4.36482e-01	1.32002e-02
3.26000e+00	4.37376e-01	1.29662e-02
3.27000e+00	4.38265e-01	1.27362e-02
3.28000e+00	4.39149e-01	1.25100e-02
3.29000e+00	4.40028e-01	1.22878e-02
3.30000e+00	4.40901e-01	1.20692e-02
3.31000e+00	4.41770e-01	1.18544e-02
3.32000e+00	4.42633e-01	1.16432e-02
3.33000e+00	4.43491e-01	1.14356e-02
3.34000e+00	4.44344e-01	1.12315e-02
3.35000e+00	4.45192e-01	1.10309e-02
3.36000e+00	4.46034e-01	1.08336e-02
3.37000e+00	4.46872e-01	1.06397e-02
3.38000e+00	4.47705e-01	1.04491e-02
3.39000e+00	4.48532e-01	1.02618e-02
3.40000e+00	4.49355e-01	1.00776e-02
3.41000e+00	4.50172e-01	9.89649e-03
3.42000e+00	4.50985e-01	9.71850e-03
3.43000e+00	4.51792e-01	9.54352e-03
3.44000e+00	4.52595e-01	9.37152e-03
3.45000e+00	4.53392e-01	9.20243e-03
3.46000e+00	4.54185e-01	9.03622e-03
3.47000e+00	4.54972e-01	8.87283e-03
3.48000e+00	4.55755e-01	8.71222e-03
3.49000e+00	4.56533e-01	8.55433e-03
3.50000e+00	4.57305e-01	8.39914e-03
3.51000e+00	4.58073e-01	8.24658e-03
3.52000e+00	4.58836e-01	8.09661e-03
3.53000e+00	4.59594e-01	7.94920e-03
3.54000e+00	4.60347e-01	7.80430e-03
3.55000e+00	4.61096e-01	7.66187e-03
3.56000e+00	4.61839e-01	7.52186e-03
3.57000e+00	4.62578e-01	7.38424e-03
3.58000e+00	4.63312e-01	7.24897e-03
3.59000e+00	4.64041e-01	7.11600e-03
3.60000e+00	4.64765e-01	6.98530e-03
3.61000e+00	4.65485e-01	6.85683e-03
3.62000e+00	4.66200e-01	6.73056e-03
3.63000e+00	4.66910e-01	6.60644e-03
3.64000e+00	4.67615e-01	6.48445e-03
3.65000e+00	4.68316e-01	6.36454e-03
3.66000e+00	4.69012e-01	6.24668e-03
3.67000e+00	4.69703e-01	6.13084e-03
3.68000e+00	4.70390e-01	6.01698e-03
3.69000e+00	4.71071e-01	5.90508e-03
3.70000e+00	4.71749e-01	5.79509e-03
3.71000e+00	4.72421e-01	5.68699e-03
3.72000e+00	4.73089e-01	5.58074e-03
3.73000e+00	4.73753e-01	5.47632e-03
3.74000e+00	4.74411e-01	5.37369e-03
3.75000e+00	4.75066e-01	5.27283e-03
3.76000e+00	4.75715e-01	5.17370e-03
3.77000e+00	4.76360e-01	5.07627e-03
3.78000e+00	4.77001e-01	4.98053e-03
3.79000e+00	4.77637e-01	4.88643e-03
3.80000e+00	4.78269e-01	4.79396e-03
3.81000e+00	4.78896e-01	4.70308e-03
3.82000e+00	4.79518e-01	4.61377e-03
3.83000e+00	4.80136e-01	4.52601e-03
3.84000e+00	4.80750e-01	4.43976e-03
3.85000e+00	4.81359e-01	4.35501e-03
3.86000e+00	4.81964e-01	4.27172e-03
3.87000e+00	4.82564e-01	4.18987e-03
3.88000e+00	4.83160e-01	4.10945e-03
3.89000e+00	4.83752e-01	4.03042e-03
3.90000e+00	4.84339e-01	3.95277e-03
3.91000e+00	4.84922e-01	3.87646e-03
3.92000e+00	4.85501e-01	3.80148e-03
3.93000e+00	4.86075e-01	3.72781e-03
3.94000e+00	4.86645e-01	3.65543e-03
3.95000e+00	4.87210e-01	3.58430e-03
3.96000e+00	4.87772e-01	3.51442e-03
3.97000e+00	4.88329e-01	3.44576e-03
3.98000e+00	4.88882e-01	3.37830e-03
3.99000e+00	4.89430e-01	3.31202e-03
4.00000e+00	4.89975e-01	3.24691e-03
4.01000e+00	4.90515e-01	3.18293e-03
4.02000e+00	4.91051e-01	3.12008e-03
4.03000e+00	4.91582e-01	3.05834e-03
4.04000e+00	4.92110e-01	2.99768e-03
4.05000e+00	4.92633e-01	2.93810e-03
4.06000e+00	4.93153e-01	2.87956e-03
4.07000e+00	4.93668e-01	2.82206e-03
4.08000e+00	4.94179e-01	2.76557e-03
4.09000e+00	4.94686e-01	2.71008e-03
4.10000e+00	4.95189e-01	2.65558e-03
4.11000e+00	4.95688e-01	2.60205e-03
4.12000e+00	4.96182e-01	2.54946e-03
4.13000e+00	4.96673e-01	2.49781e-03
4.14000e+00	4.97160e-01	2.44708e-03
4.15000e+00	4.97642e-01	2.39726e-03
4.16000e+00	4.98121e-01	2.34833e-03
4.17000e+00	4.98596e-01	2.30027e-03
4.18000e+00	4.99067e-01	2.25307e-03
4.19000e+00	4.99533e-01	2.20672e-03
4.20000e+00	4.99996e-01	2.16120e-03
4.21000e+00	5.00455e-01	2.11650e-03
4.22000e+00	5.00910e-01	2.07260e-03
4.23000e+00	5.01361e-01	2.02950e-03
4.24000e+00	5.01809e-01	1.98717e-03
4.25000e+00	5.02252e-01	1.94561e-03
4.26000e+00	5.02691e-01	1.90480e-03
4.27000e+00	5.03127e-01	1.86474e-03
4.28000e+00	5.03559e-01	1.82540e-03
4.29000e+00	5.03987e-01	1.78678e-03
4.30000e+00	5.04411e-01	1.74886e-03
4.31000e+00	5.04832e-01	1.71164e-03
4.32000e+00	5.05248e-01	1.67509e-03
4.33000e+00	5.05661e-01	1.63922e-03
4.34000e+00	5.06070e-01	1.60400e-03
4.35000e+00	5.06476e-01	1.56944e-03
4.36000e+00	5.06878e-01	1.53551e-03
4.37000e+00	5.07276e-01	1.50220e-03
4.38000e+00	5.07670e-01	1.46952e-03
4.39000e+00	5.08061e-01	1.43744e-03
4.40000e+00	5.08448e-01	1.40595e-03
4.41000e+00	5.08831e-01	1.37505e-03
4.42000e+00	5.09211e-01	1.34473e-03
4.43000e+00	5.09587e-01	1.31497e-03
4.44000e+00	5.09960e-01	1.28577e-03
4.45000e+00	5.10329e-01	1.25712e-03
4.46000e+00	5.10694e-01	1.22900e-03
4.47000e+00	5.11056e-01	1.20142e-03
4.48000e+00	5.11415e-01	1.17436e-03
4.49000e+00	5.11770e-01	1.14781e-03
4.50000e+00	5.12121e-01	1.12176e-03
4.51000e+00	5.12469e-01	1.09621e-03
4.52000e+00	5.12813e-01	1.07114e-03
4.53000e+00	5.13154e-01	1.04656e-03
4.54000e+00	5.13491e-01	1.02244e-03
4.55000e+00	5.13825e-01	9.98787e-04
4.56000e+00	5.14156e-01	9.75589e-04
4.57000e+00	5.14483e-01	9.52839e-04
4.58000e+00	5.14807e-01	9.30529e-04
4.59000e+00	5.15127e-01	9.08652e-04
4.60000e+00	5.15444e-01	8.87200e-04
4.61000e+00	5.15758e-01	8.66166e-04
4.62000e+00	5.16068e-01	8.45543e-04
4.63000e+00	5.16375e-01	8.25324e-04
4.64000e+00	5.16679e-01	8.05503e-04
4.65000e+00	5.16980e-01	7.86073e-04
4.66000e+00	5.17277e-01	7.67026e-04
4.67000e+00	5.17571e-01	7.48357e-04
4.68000e+00	5.17861e-01	7.30060e-04
4.69000e+00	5.18149e-01	7.12127e-04
4.70000e+00	5.18433e-01	6.94553e-04
4.71000e+00	5.18714e-01	6.77332e-04
4.72000e+00	5.18992e-01	6.60458e-04
4.73000e+00	5.19266e-01	6.43924e-04
4.74000e+00	5.19538e-01	6.27725e-04
4.75000e+00	5.19806e-01	6.11856e-04
4.76000e+00	5.20071e-01	5.96311e-04
4.77000e+00	5.20333e-01	5.81083e-04
4.78000e+00	5.20592e-01	5.66168e-04
4.79000e+00	5.20848e-01	5.51561e-04
4.80000e+00	5.21101e-01	5.37256e-04
4.81000e+00	5.21350e-01	5.23248e-04
4.82000e+00	5.21597e-01	5.09532e-04
4.83000e+00	5.21841e-01	4.96102e-04
4.84000e+00	5.22081e-01	4.82955e-04
4.85000e+00	5.22319e-01	4.70084e-04
4.86000e+00	5.22553e-01	4.57486e-04
4.87000e+00	5.22785e-01	4.45155e-04
4.88000e+00	5.23014e-01	4.33088e-04
4.89000e+00	5.23240e-01	4.21279e-04
4.90000e+00	5.23462e-01	4.09723e-04
4.91000e+00	5.23682e-01	3.98417e-04
4.92000e+00	5.23899e-01	3.87357e-04
4.93000e+00	5.24113e-01	3.76537e-04
4.94000e+00	5.24325e-01	3.65954e-04
4.95000e+00	5.24533e-01	3.55604e-04
4.96000e+00	5.24739e-01	3.45482e-04
4.97000e+00	5.24941e-01	3.35584e-04
4.98000e+00	5.25141e-01	3.25907e-04
4.99000e+00	5.25338e-01	3.16447e-04
5.00000e+00	5.25533e-01	3.07200e-04
5.01000e+00	5.25724e-01	2.98161e-04
5.02000e+00	5.25913e-01	2.89328e-04
5.03000e+00	5.26099e-01	2.80697e-04
5.04000e+00	5.26283e-01	2.72264e-04
5.05000e+00	5.26463e-01	2.64026e-04
5.06000e+00	5.26641e-01	2.55979e-04
5.07000e+00	5.26817e-01	2.48119e-04
5.08000e+00	5.26989e-01	2.40444e-04
5.09000e+00	5.27159e-01	2.32950e-04
5.10000e+00	5.27327e-01	2.25633e-04
5.11000e+00	5.27492e-01	2.18492e-04
5.12000e+00	5.27654e-01	2.11522e-04
5.13000e+00	5.27813e-01	2.04720e-04
5.14000e+00	5.27970e-01	1.98083e-04
5.15000e+00	5.28125e-01	1.91609e-04
5.16000e+00	5.28277e-01	1.85294e-04
5.17000e+00	5.28426e-01	1.79135e-04
5.18000e+00	5.28573e-01	1.73130e-04
5.19000e+00	5.28718e-01	1.67275e-04
5.20000e+00	5.28860e-01	1.61569e-04
5.21000e+00	5.28999e-01	1.56007e-04
5.22000e+00	5.29136e-01	1.50588e-04
5.23000e+00	5.29271e-01	1.45309e-04
5.24000e+00	5.29403e-01	1.40167e-04
5.25000e+00	5.29533e-01	1.35160e-04
5.26000e+00	5.29660e-01	1.30285e-04
5.27000e+00	5.29785e-01	1.25539e-04
5.28000e+00	5.29908e-01	1.20920e-04
5.29000e+00	5.30028e-01	1.16427e-04
5.30000e+00	5.30147e-01	1.12055e-04
5.31000e+00	5.30262e-01	1.07804e-04
5.32000e+00	5.30376e-01	1.03670e-04
5.33000e+00	5.30487e-01	9.96518e-05
5.34000e+00	5.30596e-01	9.57467e-05
5.35000e+00	5.30703e-01	9.19526e-05
5.36000e+00	5.30807e-01	8.82674e-05
5.37000e+00	5.30910e-01	8.46888e-05
5.38000e+00	5.31010e-01	8.12148e-05
5.39000e+00	5.31108e-01	7.78433e-05
5.40000e+00	5.31204e-01	7.45722e-05
5.41000e+00	5.31298e-01	7.13997e-05
5.42000e+00	5.31389e-01	6.83236e-05
5.43000e+00	5.31479e-01	6.53421e-05
5.44000e+00	5.31566e-01	6.24532e-05
5.45000e+00	5.31651e-01	5.96551e-05
5.46000e+00	5.31735e-01	5.69458e-05
5.47000e+00	5.31816e-01	5.43236e-05
5.48000e+00	5.31895e-01	5.17866e-05
5.49000e+00	5.31973e-01	4.93331e-05
5.50000e+00	5.32048e-01	4.69613e-05
5.51000e+00	5.32121e-01	4.46695e-05
5.52000e+00	5.32193e-01	4.24559e-05
5.53000e+00	5.32262e-01	4.03190e-05
5.54000e+00	5.32330e-01	3.82570e-05
5.55000e+00	5.32395e-01	3.62684e-05
5.56000e+00	5.32459e-01	3.43515e-05
5.57000e+00	5.32521e-01	3.25048e-05
5.58000e+00	5.32581e-01	3.07266e-05
5.59000e+00	5.32640e-01	2.90155e-05
5.60000e+00	5.32696e-01	2.73700e-05
5.61000e+00	5.32751e-01	2.57885e-05
5.62000e+00	5.32804e-01	2.42696e-05
5.63000e+00	5.32855e-01	2.28119e-05
5.64000e+00	5.32905e-01	2.14139e-05
5.65000e+00	5.32953e-01	2.00741e-05
5.66000e+00	5.32999e-01	1.87913e-05
5.67000e+00	5.33043e-01	1.75640e-05
5.68000e+00	5.33086e-01	1.63909e-05
5.69000e+00	5.33127e-01	1.52707e-05
5.70000e+00	5.33167e-01	1.42020e-05
5.71000e+00	5.33205e-01	1.31835e-05
5.72000e+00	5.33242e-01	1.22139e-05
5.73000e+00	5.33277e-01	1.12921e-05
5.74000e+00	5.33310e-01	1.04167e-05
5.75000e+00	5.33342e-01	9.58643e-06
5.76000e+00	5.33373e-01	8.80016e-06
5.77000e+00	5.33402e-01	8.05665e-06
5.78000e+00	5.33430e-01	7.35471e-06
5.79000e+00	5.33456e-01	6.69315e-06
5.80000e+00	5.33481e-01	6.07081e-06
5.81000e+00	5.33505e-01	5.48652e-06
5.82000e+00	5.33527e-01	4.93914e-06
5.83000e+00	5.33548e-01	4.42754e-06
5.84000e+00	5.33568e-01	3.95059e-06
5.85000e+00	5.33586e-01	3.50718e-06
5.86000e+00	5.33604e-01	3.09619e-06
5.87000e+00	5.33620e-01	2.71654e-06
5.88000e+00	5.33634e-01	2.36711e-06
5.89000e+00	5.33648e-01	2.04684e-06
5.90000e+00	5.33661e-01	1.75463e-06
5.91000e+00	5.33672e-01	1.48941e-06
5.92000e+00	5.33683e-01	1.25010e-06
5.93000e+00	5.33692e-01	1.03562e-06
5.94000e+00	5.33701e-01	8.44906e-07
5.95000e+00	5.33708e-01	6.76862e-07
5.96000e+00	5.33715e-01	5.30407e-07
5.97000e+00	5.33721e-01	4.04446e-07
5.98000e+00	5.33726e-01	2.97870e-07
5.99000e+00	5.33730e-01	2.09557e-07
6.00000e+00	5.33733e-01	1.38359e-07
6.01000e+00	5.33736e-01	8.31057e-08
6.02000e+00	5.33738e-01	4.25920e-08
6.03000e+00	5.33739e-01	1.55845e-08
6.04000e+00	5.33740e-01	8.76683e-10
