1.00000e-02	7.55671e-22	1.60000e+01
2.00000e-02	5.28970e-06	1.60000e+01
3.00000e-02	1.96475e-05	1.59854e+01
4.00000e-02	4.75840e-05	1.59613e+01
5.00000e-02	9.35783e-05	1.59285e+01
6.00000e-02	1.62064e-04	1.58872e+01
7.00000e-02	2.57417e-04	1.58376e+01
8.00000e-02	3.83942e-04	1.57796e+01
9.00000e-02	5.45860e-04	1.57134e+01
1.00000e-01	7.47297e-04	1.56391e+01
1.10000e-01	9.92271e-04	1.55567e+01
1.20000e-01	1.28468e-03	1.54663e+01
1.30000e-01	1.62829e-03	1.53679e+01
1.40000e-01	2.02671e-03	1.52618e+01
1.50000e-01	2.48343e-03	1.51479e+01
1.60000e-01	3.00174e-03	1.50264e+01
1.70000e-01	3.58477e-03	1.48974e+01
1.80000e-01	4.23546e-03	1.47610e+01
1.90000e-01	4.95655e-03	1.46174e+01
2.00000e-01	5.75059e-03	1.44668e+01
2.10000e-01	6.61989e-03	1.43092e+01
2.20000e-01	7.56658e-03	1.41448e+01
2.30000e-01	8.59253e-03	1.39739e+01
2.40000e-01	9.69938e-03	1.37965e+01
2.50000e-01	1.08885e-02	1.36130e+01
2.60000e-01	1.21611e-02	1.34235e+01
2.70000e-01	1.35181e-02	1.32281e+01
2.80000e-01	1.49601e-02	1.30272e+01
2.90000e-01	1.64876e-02	1.28210e+01
3.00000e-01	1.81005e-02	1.26098e+01
3.10000e-01	1.97989e-02	1.23937e+01
3.20000e-01	2.15823e-02	1.21730e+01
3.30000e-01	2.34502e-02	1.19481e+01
3.40000e-01	2.54015e-02	1.17191e+01
3.50000e-01	2.74351e-02	1.14865e+01
3.60000e-01	2.95497e-02	1.12504e+01
3.70000e-01	3.17435e-02	1.10112e+01
3.80000e-01	3.40147e-02	1.07693e+01
3.90000e-01	3.63612e-02	1.05249e+01
4.00000e-01	3.87805e-02	1.02784e+01
4.10000e-01	4.12702e-02	1.00301e+01
4.20000e-01	4.38275e-02	9.78040e+00
4.30000e-01	4.64494e-02	9.52958e+00
4.40000e-01	4.91327e-02	9.27801e+00
4.50000e-01	5.18743e-02	9.02607e+00
4.60000e-01	5.46705e-02	8.77410e+00
4.70000e-01	5.75178e-02	8.52245e+00
4.80000e-01	6.04126e-02	8.27150e+00
4.90000e-01	6.33509e-02	8.02158e+00
5.00000e-01	6.63290e-02	7.77305e+00
5.10000e-01	6.93427e-02	7.52626e+00
5.20000e-01	7.23882e-02	7.28155e+00
5.30000e-01	7.54613e-02	7.03924e+00
5.40000e-01	7.85581e-02	6.79967e+00
5.50000e-01	8.16744e-02	6.56313e+00
5.60000e-01	8.48062e-02	6.32995e+00
5.70000e-01	8.79496e-02	6.10039e+00
5.80000e-01	9.11006e-02	5.87474e+00
5.90000e-01	9.42554e-02	5.65324e+00
6.00000e-01	9.74101e-02	5.43614e+00
6.10000e-01	1.00561e-01	5.22365e+00
6.20000e-01	1.03705e-01	5.01598e+00
6.30000e-01	1.06839e-01	4.81331e+00
6.40000e-01	1.09959e-01	4.61578e+00
6.50000e-01	1.13061e-01	4.42355e+00
6.60000e-01	1.16145e-01	4.23673e+00
6.70000e-01	1.19205e-01	4.05541e+00
6.80000e-01	1.22241e-01	3.87966e+00
6.90000e-01	1.25249e-01	3.70954e+00
7.00000e-01	1.28227e-01	3.54508e+00
7.10000e-01	1.31174e-01	3.38628e+00
7.20000e-01	1.34087e-01	3.23313e+00
7.30000e-01	1.36965e-01	3.08562e+00
7.40000e-01	1.39807e-01	2.94369e+00
7.50000e-01	1.42610e-01	2.80729e+00
7.60000e-01	1.45375e-01	2.67633e+00
7.70000e-01	1.48099e-01	2.55073e+00
7.80000e-01	1.50783e-01	2.43038e+00
7.90000e-01	1.53425e-01	2.31516e+00
8.00000e-01	1.56026e-01	2.20497e+00
8.10000e-01	1.58584e-01	2.09966e+00
8.20000e-01	1.61100e-01	1.99909e+00
8.30000e-01	1.63573e-01	1.90313e+00
8.40000e-01	1.66004e-01	1.81161e+00
8.50000e-01	1.68392e-01	1.72440e+00
8.60000e-01	1.70738e-01	1.64134e+00
8.70000e-01	1.73042e-01	1.56226e+00
8.80000e-01	1.75304e-01	1.48703e+00
8.90000e-01	1.77525e-01	1.41547e+00
9.00000e-01	1.79705e-01	1.34745e+00
9.10000e-01	1.81845e-01	1.28280e+00
9.20000e-01	1.83945e-01	1.22137e+00
9.30000e-01	1.86006e-01	1.16304e+00
9.40000e-01	1.88028e-01	1.10764e+00
9.50000e-01	1.90013e-01	1.05505e+00
9.60000e-01	1.91961e-01	1.00512e+00
9.70000e-01	1.93873e-01	9.57733e-01
9.80000e-01	1.95749e-01	9.12761e-01
9.90000e-01	1.97590e-01	8.70082e-01
1.00000e+00	1.99397e-01	8.29581e-01
1.01000e+00	2.01171e-01	7.91147e-01
1.02000e+00	2.02912e-01	7.54674e-01
1.03000e+00	2.04621e-01	7.20059e-01
1.04000e+00	2.06300e-01	6.87206e-01
1.05000e+00	2.07947e-01	6.56022e-01
1.06000e+00	2.09566e-01	6.26419e-01
1.07000e+00	2.11155e-01	5.98314e-01
1.08000e+00	2.12716e-01	5.71626e-01
1.09000e+00	2.14250e-01	5.46280e-01
1.10000e+00	2.15756e-01	5.22204e-01
1.11000e+00	2.17237e-01	4.99330e-01
1.12000e+00	2.18692e-01	4.77594e-01
1.13000e+00	2.20122e-01	4.56934e-01
1.14000e+00	2.21528e-01	4.37293e-01
1.15000e+00	2.22911e-01	4.18617e-01
1.16000e+00	2.24270e-01	4.00853e-01
1.17000e+00	2.25607e-01	3.83953e-01
1.18000e+00	2.26922e-01	3.67870e-01
1.19000e+00	2.28216e-01	3.52561e-01
1.20000e+00	2.29489e-01	3.37985e-01
1.21000e+00	2.30742e-01	3.24103e-01
1.22000e+00	2.31975e-01	3.10878e-01
1.23000e+00	2.33189e-01	2.98276e-01
1.24000e+00	2.34384e-01	2.86264e-01
1.25000e+00	2.35561e-01	2.74811e-01
1.26000e+00	2.36720e-01	2.63887e-01
1.27000e+00	2.37861e-01	2.53466e-01
1.28000e+00	2.38986e-01	2.43521e-01
1.29000e+00	2.40094e-01	2.34027e-01
1.30000e+00	2.41185e-01	2.24963e-01
1.31000e+00	2.42261e-01	2.16305e-01
1.32000e+00	2.43322e-01	2.08033e-01
1.33000e+00	2.44367e-01	2.00127e-01
1.34000e+00	2.45398e-01	1.92570e-01
1.35000e+00	2.46414e-01	1.85343e-01
1.36000e+00	2.47416e-01	1.78430e-01
1.37000e+00	2.48405e-01	1.71817e-01
1.38000e+00	2.49380e-01	1.65487e-01
1.39000e+00	2.50342e-01	1.59427e-01
1.40000e+00	2.51291e-01	1.53624e-01
1.41000e+00	2.52228e-01	1.48065e-01
1.42000e+00	2.53152e-01	1.42739e-01
1.43000e+00	2.54064e-01	1.37635e-01
1.44000e+00	2.54965e-01	1.32741e-01
1.45000e+00	2.55854e-01	1.28049e-01
1.46000e+00	2.56732e-01	1.23548e-01
1.47000e+00	2.57599e-01	1.19229e-01
1.48000e+00	2.58455e-01	1.15085e-01
1.49000e+00	2.59300e-01	1.11106e-01
1.50000e+00	2.60135e-01	1.07286e-01
1.51000e+00	2.60960e-01	1.03618e-01
1.52000e+00	2.61775e-01	1.00093e-01
1.53000e+00	2.62580e-01	9.67061e-02
1.54000e+00	2.63375e-01	9.34508e-02
1.55000e+00	2.64162e-01	9.03211e-02
1.56000e+00	2.64939e-01	8.73116e-02
1.57000e+00	2.65706e-01	8.44170e-02
1.58000e+00	2.66465e-01	8.16321e-02
1.59000e+00	2.67216e-01	7.89522e-02
1.60000e+00	2.67957e-01	7.63727e-02
1.61000e+00	2.68691e-01	7.38894e-02
1.62000e+00	2.69416e-01	7.14981e-02
1.63000e+00	2.70133e-01	6.91949e-02
1.64000e+00	2.70842e-01	6.69760e-02
1.65000e+00	2.71543e-01	6.48380e-02
1.66000e+00	2.72236e-01	6.27774e-02
1.67000e+00	2.72922e-01	6.07910e-02
1.68000e+00	2.73600e-01	5.88757e-02
1.69000e+00	2.74272e-01	5.70287e-02
1.70000e+00	2.74935e-01	5.52471e-02
1.71000e+00	2.75592e-01	5.35283e-02
1.72000e+00	2.76242e-01	5.18697e-02
1.73000e+00	2.76885e-01	5.02690e-02
1.74000e+00	2.77521e-01	4.87238e-02
1.75000e+00	2.78151e-01	4.72319e-02
1.76000e+00	2.78774e-01	4.57912e-02
1.77000e+00	2.79390e-01	4.43997e-02
1.78000e+00	2.80000e-01	4.30555e-02
1.79000e+00	2.80604e-01	4.17567e-02
1.80000e+00	2.81202e-01	4.05016e-02
1.81000e+00	2.81794e-01	3.92885e-02
1.82000e+00	2.82379e-01	3.81158e-02
1.83000e+00	2.82959e-01	3.69820e-02
1.84000e+00	2.83533e-01	3.58856e-02
1.85000e+00	2.84101e-01	3.48252e-02
1.86000e+00	2.84664e-01	3.37994e-02
1.87000e+00	2.85221e-01	3.28070e-02
1.88000e+00	2.85772e-01	3.18467e-02
1.89000e+00	2.86318e-01	3.09174e-02
1.90000e+00	2.86858e-01	3.00179e-02
1.91000e+00	2.87394e-01	2.91471e-02
1.92000e+00	2.87924e-01	2.83041e-02
1.93000e+00	2.88449e-01	2.74877e-02
1.94000e+00	2.88968e-01	2.66970e-02
1.95000e+00	2.89483e-01	2.59312e-02
1.96000e+00	2.89993e-01	2.51893e-02
1.97000e+00	2.90497e-01	2.44705e-02
1.98000e+00	2.90997e-01	2.37740e-02
1.99000e+00	2.91492e-01	2.30990e-02
2.00000e+00	2.91983e-01	2.24447e-02
2.01000e+00	2.92468e-01	2.18105e-02
2.02000e+00	2.92950e-01	2.11956e-02
2.03000e+00	2.93426e-01	2.05994e-02
2.04000e+00	2.93898e-01	2.00213e-02
2.05000e+00	2.94365e-01	1.94606e-02
2.06000e+00	2.94828e-01	1.89167e-02
2.07000e+00	2.95287e-01	1.83891e-02
2.08000e+00	2.95741e-01	1.78773e-02
2.09000e+00	2.96191e-01	1.73806e-02
2.10000e+00	2.96637e-01	1.68987e-02
2.11000e+00	2.97078e-01	1.64310e-02
2.12000e+00	2.97516e-01	1.59770e-02
2.13000e+00	2.97949e-01	1.55364e-02
2.14000e+00	2.98378e-01	1.51086e-02
2.15000e+00	2.98803e-01	1.46932e-02
2.16000e+00	2.99225e-01	1.42899e-02
2.17000e+00	2.99642e-01	1.38983e-02
2.18000e+00	3.00055e-01	1.35179e-02
2.19000e+00	3.00465e-01	1.31485e-02
2.20000e+00	3.00870e-01	1.27896e-02
2.21000e+00	3.01272e-01	1.24410e-02
2.22000e+00	3.01670e-01	1.21024e-02
2.23000e+00	3.02064e-01	1.17733e-02
2.24000e+00	3.02455e-01	1.14536e-02
2.25000e+00	3.02842e-01	1.11428e-02
2.26000e+00	3.03225e-01	1.08408e-02
2.27000e+00	3.03605e-01	1.05473e-02
2.28000e+00	3.03981e-01	1.02620e-02
2.29000e+00	3.04353e-01	9.98470e-03
2.30000e+00	3.04722e-01	9.71509e-03
2.31000e+00	3.05088e-01	9.45295e-03
2.32000e+00	3.05450e-01	9.19808e-03
2.33000e+00	3.05809e-01	8.95025e-03
2.34000e+00	3.06164e-01	8.70924e-03
2.35000e+00	3.06517e-01	8.47486e-03
2.36000e+00	3.06865e-01	8.24691e-03
2.37000e+00	3.07211e-01	8.02519e-03
2.38000e+00	3.07553e-01	7.80952e-03
2.39000e+00	3.07892e-01	7.59972e-03
2.40000e+00	3.08227e-01	7.39563e-03
2.41000e+00	3.08560e-01	7.19707e-03
2.42000e+00	3.08889e-01	7.00388e-03
2.43000e+00	3.09215e-01	6.81591e-03
2.44000e+00	3.09538e-01	6.63300e-03
2.45000e+00	3.09858e-01	6.45501e-03
2.46000e+00	3.10175e-01	6.28180e-03
2.47000e+00	3.10489e-01	6.11323e-03
2.48000e+00	3.10800e-01	5.94916e-03
2.49000e+00	3.11108e-01	5.78948e-03
2.50000e+00	3.11412e-01	5.63405e-03
2.51000e+00	3.11714e-01	5.48276e-03
2.52000e+00	3.12013e-01	5.33548e-03
2.53000e+00	3.12309e-01	5.19211e-03
2.54000e+00	3.12602e-01	5.05253e-03
2.55000e+00	3.12893e-01	4.91665e-03
2.56000e+00	3.13180e-01	4.78435e-03
2.57000e+00	3.13465e-01	4.65554e-03
2.58000e+00	3.13746e-01	4.53011e-03
2.59000e+00	3.14025e-01	4.40799e-03
2.60000e+00	3.14302e-01	4.28907e-03
2.61000e+00	3.14575e-01	4.17327e-03
2.62000e+00	3.14846e-01	4.06050e-03
2.63000e+00	3.15114e-01	3.95068e-03
2.64000e+00	3.15379e-01	3.84374e-03
2.65000e+00	3.15642e-01	3.73958e-03
2.66000e+00	3.15902e-01	3.63814e-03
2.67000e+00	3.16159e-01	3.53934e-03
2.68000e+00	3.16414e-01	3.44312e-03
2.69000e+00	3.16666e-01	3.34940e-03
2.70000e+00	3.16915e-01	3.25811e-03
2.71000e+00	3.17162e-01	3.16919e-03
2.72000e+00	3.17407e-01	3.08258e-03
2.73000e+00	3.17649e-01	2.99822e-03
2.74000e+00	3.17888e-01	2.91604e-03
2.75000e+00	3.18125e-01	2.83600e-03
2.76000e+00	3.18359e-01	2.75802e-03
2.77000e+00	3.18591e-01	2.68206e-03
2.78000e+00	3.18820e-01	2.60807e-03
2.79000e+00	3.19047e-01	2.53599e-03
2.80000e+00	3.19272e-01	2.46578e-03
2.81000e+00	3.19494e-01	2.39737e-03
2.82000e+00	3.19714e-01	2.33074e-03
2.83000e+00	3.19931e-01	2.26583e-03
2.84000e+00	3.20146e-01	2.20259e-03
2.85000e+00	3.20359e-01	2.14099e-03
2.86000e+00	3.20569e-01	2.08098e-03
2.87000e+00	3.20777e-01	2.02253e-03
2.88000e+00	3.20982e-01	1.96558e-03
2.89000e+00	3.21186e-01	1.91010e-03
2.90000e+00	3.21387e-01	1.85606e-03
2.91000e+00	3.21586e-01	1.80341e-03
2.92000e+00	3.21782e-01	1.75213e-03
2.93000e+00	3.21977e-01	1.70217e-03
2.94000e+00	3.22169e-01	1.65351e-03
2.95000e+00	3.22359e-01	1.60611e-03
2.96000e+00	3.22546e-01	1.55994e-03
2.97000e+00	3.22732e-01	1.51496e-03
2.98000e+00	3.22915e-01	1.47115e-03
2.99000e+00	3.23096e-01	1.42848e-03
3.00000e+00	3.23275e-01	1.38692e-03
3.01000e+00	3.23452e-01	1.34644e-03
3.02000e+00	3.23627e-01	1.30702e-03
3.03000e+00	3.23800e-01	1.26862e-03
3.04000e+00	3.23970e-01	1.23122e-03
3.05000e+00	3.24139e-01	1.19481e-03
3.06000e+00	3.24305e-01	1.15934e-03
3.07000e+00	3.24470e-01	1.12480e-03
3.08000e+00	3.24632e-01	1.09117e-03
3.09000e+00	3.24792e-01	1.05843e-03
3.10000e+00	3.24951e-01	1.02654e-03
3.11000e+00	3.25107e-01	9.95493e-04
3.12000e+00	3.25261e-01	9.65267e-04
3.13000e+00	3.25414e-01	9.35839e-04
3.14000e+00	3.25564e-01	9.07190e-04
3.15000e+00	3.25712e-01	8.79301e-04
3.16000e+00	3.25859e-01	8.52153e-04
3.17000e+00	3.26003e-01	8.25728e-04
3.18000e+00	3.26146e-01	8.00008e-04
3.19000e+00	3.26286e-01	7.74976e-04
3.20000e+00	3.26425e-01	7.50615e-04
3.21000e+00	3.26562e-01	7.26908e-04
3.22000e+00	3.26697e-01	7.03839e-04
3.23000e+00	3.26830e-01	6.81392e-04
3.24000e+00	3.26961e-01	6.59553e-04
3.25000e+00	3.27091e-01	6.38307e-04
3.26000e+00	3.27218e-01	6.17638e-04
3.27000e+00	3.27344e-01	5.97533e-04
3.28000e+00	3.27468e-01	5.77978e-04
3.29000e+00	3.27590e-01	5.58959e-04
3.30000e+00	3.27710e-01	5.40464e-04
3.31000e+00	3.27829e-01	5.22479e-04
3.32000e+00	3.27946e-01	5.04992e-04
3.33000e+00	3.28061e-01	4.87990e-04
3.34000e+00	3.28174e-01	4.71463e-04
3.35000e+00	3.28286e-01	4.55398e-04
3.36000e+00	3.28396e-01	4.39785e-04
3.37000e+00	3.28504e-01	4.24611e-04
3.38000e+00	3.28610e-01	4.09866e-04
3.39000e+00	3.28715e-01	3.95540e-04
3.40000e+00	3.28818e-01	3.81623e-04
3.41000e+00	3.28919e-01	3.68104e-04
3.42000e+00	3.29019e-01	3.54973e-04
3.43000e+00	3.29117e-01	3.42222e-04
3.44000e+00	3.29214e-01	3.29841e-04
3.45000e+00	3.29309e-01	3.17821e-04
3.46000e+00	3.29402e-01	3.06152e-04
3.47000e+00	3.29493e-01	2.94827e-04
3.48000e+00	3.29584e-01	2.83836e-04
3.49000e+00	3.29672e-01	2.73173e-04
3.50000e+00	3.29759e-01	2.62827e-04
3.51000e+00	3.29844e-01	2.52793e-04
3.52000e+00	3.29928e-01	2.43061e-04
3.53000e+00	3.30010e-01	2.33625e-04
3.54000e+00	3.30091e-01	2.24477e-04
3.55000e+00	3.30170e-01	2.15611e-04
3.56000e+00	3.30248e-01	2.07018e-04
3.57000e+00	3.30324e-01	1.98693e-04
3.58000e+00	3.30399e-01	1.90628e-04
3.59000e+00	3.30472e-01	1.82817e-04
3.60000e+00	3.30544e-01	1.75255e-04
3.61000e+00	3.30614e-01	1.67933e-04
3.62000e+00	3.30683e-01	1.60848e-04
3.63000e+00	3.30751e-01	1.53991e-04
3.64000e+00	3.30817e-01	1.47359e-04
3.65000e+00	3.30881e-01	1.40945e-04
3.66000e+00	3.30945e-01	1.34744e-04
3.67000e+00	3.31006e-01	1.28749e-04
3.68000e+00	3.31067e-01	1.22957e-04
3.69000e+00	3.31126e-01	1.17362e-04
3.70000e+00	3.31184e-01	1.11958e-04
3.71000e+00	3.31240e-01	1.06741e-04
3.72000e+00	3.31295e-01	1.01707e-04
3.73000e+00	3.31349e-01	9.68496e-05
3.74000e+00	3.31402e-01	9.21651e-05
3.75000e+00	3.31453e-01	8.76489e-05
3.76000e+00	3.31503e-01	8.32966e-05
3.77000e+00	3.31552e-01	7.91038e-05
3.78000e+00	3.31599e-01	7.50665e-05
3.79000e+00	3.31645e-01	7.11805e-05
3.80000e+00	3.31690e-01	6.74418e-05
3.81000e+00	3.31734e-01	6.38464e-05
3.82000e+00	3.31776e-01	6.03906e-05
3.83000e+00	3.31817e-01	5.70705e-05
3.84000e+00	3.31857e-01	5.38825e-05
3.85000e+00	3.31896e-01	5.08230e-05
3.86000e+00	3.31934e-01	4.78885e-05
3.87000e+00	3.31971e-01	4.50755e-05
3.88000e+00	3.32006e-01	4.23807e-05
3.89000e+00	3.32040e-01	3.98009e-05
3.90000e+00	3.32074e-01	3.73326e-05
3.91000e+00	3.32106e-01	3.49729e-05
3.92000e+00	3.32137e-01	3.27186e-05
3.93000e+00	3.32167e-01	3.05668e-05
3.94000e+00	3.32196e-01	2.85143e-05
3.95000e+00	3.32223e-01	2.65584e-05
3.96000e+00	3.32250e-01	2.46962e-05
3.97000e+00	3.32276e-01	2.29250e-05
3.98000e+00	3.32301e-01	2.12420e-05
3.99000e+00	3.32324e-01	1.96444e-05
4.00000e+00	3.32347e-01	1.81299e-05
4.01000e+00	3.32369e-01	1.66956e-05
4.02000e+00	3.32390e-01	1.53393e-05
4.03000e+00	3.32410e-01	1.40583e-05
4.04000e+00	3.32429e-01	1.28503e-05
4.05000e+00	3.32447e-01	1.17129e-05
4.06000e+00	3.32464e-01	1.06437e-05
4.07000e+00	3.32480e-01	9.64056e-06
4.08000e+00	3.32495e-01	8.70116e-06
4.09000e+00	3.32510e-01	7.82331e-06
4.10000e+00	3.32524e-01	7.00484e-06
4.11000e+00	3.32536e-01	6.24362e-06
4.12000e+00	3.32549e-01	5.53757e-06
4.13000e+00	3.32560e-01	4.88461e-06
4.14000e+00	3.32570e-01	4.28274e-06
4.15000e+00	3.32580e-01	3.72994e-06
4.16000e+00	3.32589e-01	3.22424e-06
4.17000e+00	3.32597e-01	2.76370e-06
4.18000e+00	3.32605e-01	2.34640e-06
4.19000e+00	3.32612e-01	1.97043e-06
4.20000e+00	3.32618e-01	1.63392e-06
4.21000e+00	3.32624e-01	1.33499e-06
4.22000e+00	3.32629e-01	1.07179e-06
4.23000e+00	3.32633e-01	8.42467e-07
4.24000e+00	3.32637e-01	6.45184e-07
4.25000e+00	3.32640e-01	4.78092e-07
4.26000e+00	3.32643e-01	3.39339e-07
4.27000e+00	3.32645e-01	2.27056e-07
4.28000e+00	3.32647e-01	1.39354e-07
4.29000e+00	3.32648e-01	7.43115e-08
4.30000e+00	3.32649e-01	2.99754e-08
4.31000e+00	3.32650e-01	4.41517e-09
