1.00000e-02	2.74226e-21	6.40000e+01
2.00000e-02	1.91959e-05	6.40000e+01
3.00000e-02	7.12989e-05	6.38034e+01
4.00000e-02	1.72468e-04	6.34784e+01
5.00000e-02	3.38458e-04	6.30358e+01
6.00000e-02	5.84451e-04	6.24795e+01
7.00000e-02	9.24898e-04	6.18121e+01
8.00000e-02	1.37336e-03	6.10359e+01
9.00000e-02	1.94237e-03	6.01534e+01
1.00000e-01	2.64328e-03	5.91672e+01
1.10000e-01	3.48612e-03	5.80806e+01
1.20000e-01	4.47951e-03	5.68972e+01
1.30000e-01	5.63049e-03	5.56209e+01
1.40000e-01	6.94451e-03	5.42562e+01
1.50000e-01	8.42526e-03	5.28080e+01
1.60000e-01	1.00747e-02	5.12819e+01
1.70000e-01	1.18928e-02	4.96838e+01
1.80000e-01	1.38780e-02	4.80203e+01
1.90000e-01	1.60266e-02	4.62983e+01
2.00000e-01	1.83333e-02	4.45255e+01
2.10000e-01	2.07909e-02	4.27098e+01
2.20000e-01	2.33907e-02	4.08597e+01
2.30000e-01	2.61222e-02	3.89842e+01
2.40000e-01	2.89738e-02	3.70924e+01
2.50000e-01	3.19325e-02	3.51939e+01
2.60000e-01	3.49843e-02	3.32984e+01
2.70000e-01	3.81144e-02	3.14155e+01
2.80000e-01	4.13074e-02	2.95551e+01
2.90000e-01	4.45478e-02	2.77264e+01
3.00000e-01	4.78198e-02	2.59386e+01
3.10000e-01	5.11080e-02	2.42001e+01
3.20000e-01	5.43974e-02	2.25188e+01
3.30000e-01	5.76740e-02	2.09016e+01
3.40000e-01	6.09243e-02	1.93543e+01
3.50000e-01	6.41364e-02	1.78819e+01
3.60000e-01	6.72994e-02	1.64881e+01
3.70000e-01	7.04038e-02	1.51752e+01
3.80000e-01	7.34418e-02	1.39447e+01
3.90000e-01	7.64067e-02	1.27965e+01
4.00000e-01	7.92934e-02	1.17300e+01
4.10000e-01	8.20982e-02	1.07432e+01
4.20000e-01	8.48186e-02	9.83349e+00
4.30000e-01	8.74533e-02	8.99763e+00
4.40000e-01	9.00019e-02	8.23185e+00
4.50000e-01	9.24649e-02	7.53203e+00
4.60000e-01	9.48438e-02	6.89385e+00
4.70000e-01	9.71402e-02	6.31289e+00
4.80000e-01	9.93566e-02	5.78477e+00
4.90000e-01	1.01496e-01	5.30517e+00
5.00000e-01	1.03560e-01	4.86995e+00
5.10000e-01	1.05554e-01	4.47518e+00
5.20000e-01	1.07479e-01	4.11714e+00
5.30000e-01	1.09340e-01	3.79240e+00
5.40000e-01	1.11139e-01	3.49778e+00
5.50000e-01	1.12880e-01	3.23034e+00
5.60000e-01	1.14565e-01	2.98742e+00
5.70000e-01	1.16198e-01	2.76661e+00
5.80000e-01	1.17782e-01	2.56570e+00
5.90000e-01	1.19319e-01	2.38272e+00
6.00000e-01	1.20811e-01	2.21588e+00
6.10000e-01	1.22262e-01	2.06360e+00
6.20000e-01	1.23674e-01	1.92441e+00
6.30000e-01	1.25049e-01	1.79705e+00
6.40000e-01	1.26388e-01	1.68036e+00
6.50000e-01	1.27695e-01	1.57330e+00
6.60000e-01	1.28970e-01	1.47495e+00
6.70000e-01	1.30215e-01	1.38448e+00
6.80000e-01	1.31433e-01	1.30115e+00
6.90000e-01	1.32624e-01	1.22430e+00
7.00000e-01	1.33789e-01	1.15332e+00
7.10000e-01	1.34931e-01	1.08769e+00
7.20000e-01	1.36051e-01	1.02692e+00
7.30000e-01	1.37149e-01	9.70588e-01
7.40000e-01	1.38227e-01	9.18296e-01
7.50000e-01	1.39285e-01	8.69698e-01
7.60000e-01	1.40325e-01	8.24478e-01
7.70000e-01	1.41348e-01	7.82353e-01
7.80000e-01	1.42354e-01	7.43065e-01
7.90000e-01	1.43344e-01	7.06382e-01
8.00000e-01	1.44319e-01	6.72093e-01
8.10000e-01	1.45280e-01	6.40007e-01
8.20000e-01	1.46227e-01	6.09951e-01
8.30000e-01	1.47160e-01	5.81767e-01
8.40000e-01	1.48081e-01	5.55312e-01
8.50000e-01	1.48990e-01	5.30456e-01
8.60000e-01	1.49888e-01	5.07079e-01
8.70000e-01	1.50774e-01	4.85073e-01
8.80000e-01	1.51650e-01	4.64338e-01
8.90000e-01	1.52516e-01	4.44784e-01
9.00000e-01	1.53372e-01	4.26328e-01
9.10000e-01	1.54218e-01	4.08892e-01
9.20000e-01	1.55056e-01	3.92407e-01
9.30000e-01	1.55885e-01	3.76809e-01
9.40000e-01	1.56706e-01	3.62037e-01
9.50000e-01	1.57518e-01	3.48038e-01
9.60000e-01	1.58323e-01	3.34762e-01
9.70000e-01	1.59121e-01	3.22160e-01
9.80000e-01	1.59911e-01	3.10192e-01
9.90000e-01	1.60695e-01	2.98817e-01
1.00000e+00	1.61472e-01	2.87998e-01
1.01000e+00	1.62242e-01	2.77702e-01
1.02000e+00	1.63006e-01	2.67896e-01
1.03000e+00	1.63764e-01	2.58551e-01
1.04000e+00	1.64517e-01	2.49641e-01
1.05000e+00	1.65263e-01	2.41140e-01
1.06000e+00	1.66004e-01	2.33025e-01
1.07000e+00	1.66740e-01	2.25272e-01
1.08000e+00	1.67471e-01	2.17863e-01
1.09000e+00	1.68197e-01	2.10778e-01
1.10000e+00	1.68918e-01	2.03999e-01
1.11000e+00	1.69635e-01	1.97510e-01
1.12000e+00	1.70347e-01	1.91294e-01
1.13000e+00	1.71054e-01	1.85339e-01
1.14000e+00	1.71757e-01	1.79629e-01
1.15000e+00	1.72456e-01	1.74152e-01
1.16000e+00	1.73151e-01	1.68896e-01
1.17000e+00	1.73842e-01	1.63850e-01
1.18000e+00	1.74530e-01	1.59003e-01
1.19000e+00	1.75213e-01	1.54346e-01
1.20000e+00	1.75893e-01	1.49869e-01
1.21000e+00	1.76570e-01	1.45563e-01
1.22000e+00	1.77243e-01	1.41421e-01
1.23000e+00	1.77912e-01	1.37433e-01
1.24000e+00	1.78578e-01	1.33594e-01
1.25000e+00	1.79242e-01	1.29896e-01
1.26000e+00	1.79902e-01	1.26332e-01
1.27000e+00	1.80559e-01	1.22896e-01
1.28000e+00	1.81213e-01	1.19583e-01
1.29000e+00	1.81864e-01	1.16387e-01
1.30000e+00	1.82512e-01	1.13303e-01
1.31000e+00	1.83157e-01	1.10326e-01
1.32000e+00	1.83800e-01	1.07451e-01
1.33000e+00	1.84440e-01	1.04674e-01
1.34000e+00	1.85077e-01	1.01990e-01
1.35000e+00	1.85712e-01	9.93963e-02
1.36000e+00	1.86345e-01	9.68883e-02
1.37000e+00	1.86975e-01	9.44625e-02
1.38000e+00	1.87602e-01	9.21157e-02
1.39000e+00	1.88227e-01	8.98444e-02
1.40000e+00	1.88850e-01	8.76458e-02
1.41000e+00	1.89471e-01	8.55169e-02
1.42000e+00	1.90089e-01	8.34549e-02
1.43000e+00	1.90705e-01	8.14571e-02
1.44000e+00	1.91319e-01	7.95210e-02
1.45000e+00	1.91931e-01	7.76443e-02
1.46000e+00	1.92541e-01	7.58247e-02
1.47000e+00	1.93149e-01	7.40599e-02
1.48000e+00	1.93755e-01	7.23479e-02
1.49000e+00	1.94359e-01	7.06867e-02
1.50000e+00	1.94961e-01	6.90745e-02
1.51000e+00	1.95560e-01	6.75093e-02
1.52000e+00	1.96159e-01	6.59895e-02
1.53000e+00	1.96755e-01	6.45135e-02
1.54000e+00	1.97349e-01	6.30796e-02
1.55000e+00	1.97942e-01	6.16863e-02
1.56000e+00	1.98533e-01	6.03322e-02
1.57000e+00	1.99122e-01	5.90160e-02
1.58000e+00	1.99709e-01	5.77362e-02
1.59000e+00	2.00295e-01	5.64917e-02
1.60000e+00	2.00878e-01	5.52812e-02
1.61000e+00	2.01461e-01	5.41035e-02
1.62000e+00	2.02041e-01	5.29575e-02
1.63000e+00	2.02620e-01	5.18423e-02
1.64000e+00	2.03198e-01	5.07566e-02
1.65000e+00	2.03774e-01	4.96996e-02
1.66000e+00	2.04348e-01	4.86703e-02
1.67000e+00	2.04920e-01	4.76679e-02
1.68000e+00	2.05492e-01	4.66913e-02
1.69000e+00	2.06061e-01	4.57399e-02
1.70000e+00	2.06629e-01	4.48127e-02
1.71000e+00	2.07196e-01	4.39090e-02
1.72000e+00	2.07761e-01	4.30282e-02
1.73000e+00	2.08325e-01	4.21693e-02
1.74000e+00	2.08887e-01	4.13319e-02
1.75000e+00	2.09448e-01	4.05151e-02
1.76000e+00	2.10008e-01	3.97185e-02
1.77000e+00	2.10566e-01	3.89413e-02
1.78000e+00	2.11122e-01	3.81829e-02
1.79000e+00	2.11678e-01	3.74429e-02
1.80000e+00	2.12232e-01	3.67206e-02
1.81000e+00	2.12784e-01	3.60155e-02
1.82000e+00	2.13335e-01	3.53271e-02
1.83000e+00	2.13885e-01	3.46550e-02
1.84000e+00	2.14434e-01	3.39986e-02
1.85000e+00	2.14981e-01	3.33575e-02
1.86000e+00	2.15527e-01	3.27312e-02
1.87000e+00	2.16072e-01	3.21194e-02
1.88000e+00	2.16615e-01	3.15216e-02
1.89000e+00	2.17157e-01	3.09374e-02
1.90000e+00	2.17698e-01	3.03664e-02
1.91000e+00	2.18237e-01	2.98083e-02
1.92000e+00	2.18776e-01	2.92627e-02
1.93000e+00	2.19313e-01	2.87293e-02
1.94000e+00	2.19848e-01	2.82077e-02
1.95000e+00	2.20383e-01	2.76976e-02
1.96000e+00	2.20916e-01	2.71986e-02
1.97000e+00	2.21448e-01	2.67106e-02
1.98000e+00	2.21979e-01	2.62332e-02
1.99000e+00	2.22509e-01	2.57661e-02
2.00000e+00	2.23037e-01	2.53090e-02
2.01000e+00	2.23565e-01	2.48617e-02
2.02000e+00	2.24091e-01	2.44239e-02
2.03000e+00	2.24616e-01	2.39954e-02
2.04000e+00	2.25139e-01	2.35759e-02
2.05000e+00	2.25662e-01	2.31652e-02
2.06000e+00	2.26183e-01	2.27631e-02
2.07000e+00	2.26703e-01	2.23693e-02
2.08000e+00	2.27222e-01	2.19837e-02
2.09000e+00	2.27740e-01	2.16060e-02
2.10000e+00	2.28257e-01	2.12360e-02
2.11000e+00	2.28772e-01	2.08736e-02
2.12000e+00	2.29287e-01	2.05185e-02
2.13000e+00	2.29800e-01	2.01706e-02
2.14000e+00	2.30312e-01	1.98297e-02
2.15000e+00	2.30823e-01	1.94956e-02
2.16000e+00	2.31333e-01	1.91682e-02
2.17000e+00	2.31841e-01	1.88473e-02
2.18000e+00	2.32349e-01	1.85327e-02
2.19000e+00	2.32855e-01	1.82243e-02
2.20000e+00	2.33360e-01	1.79220e-02
2.21000e+00	2.33864e-01	1.76255e-02
2.22000e+00	2.34367e-01	1.73349e-02
2.23000e+00	2.34869e-01	1.70498e-02
2.24000e+00	2.35370e-01	1.67702e-02
2.25000e+00	2.35870e-01	1.64960e-02
2.26000e+00	2.36368e-01	1.62270e-02
2.27000e+00	2.36866e-01	1.59631e-02
2.28000e+00	2.37362e-01	1.57043e-02
2.29000e+00	2.37857e-01	1.54503e-02
2.30000e+00	2.38351e-01	1.52011e-02
2.31000e+00	2.38844e-01	1.49566e-02
2.32000e+00	2.39336e-01	1.47166e-02
2.33000e+00	2.39827e-01	1.44811e-02
2.34000e+00	2.40316e-01	1.42499e-02
2.35000e+00	2.40805e-01	1.40231e-02
2.36000e+00	2.41292e-01	1.38003e-02
2.37000e+00	2.41779e-01	1.35817e-02
2.38000e+00	2.42264e-01	1.33670e-02
2.39000e+00	2.42748e-01	1.31563e-02
2.40000e+00	2.43231e-01	1.29493e-02
2.41000e+00	2.43713e-01	1.27461e-02
2.42000e+00	2.44194e-01	1.25466e-02
2.43000e+00	2.44674e-01	1.23506e-02
2.44000e+00	2.45152e-01	1.21581e-02
2.45000e+00	2.45630e-01	1.19691e-02
2.46000e+00	2.46106e-01	1.17833e-02
2.47000e+00	2.46582e-01	1.16009e-02
2.48000e+00	2.47056e-01	1.14217e-02
2.49000e+00	2.47529e-01	1.12456e-02
2.50000e+00	2.48001e-01	1.10726e-02
2.51000e+00	2.48472e-01	1.09027e-02
2.52000e+00	2.48942e-01	1.07356e-02
2.53000e+00	2.49411e-01	1.05715e-02
2.54000e+00	2.49879e-01	1.04102e-02
2.55000e+00	2.50346e-01	1.02517e-02
2.56000e+00	2.50811e-01	1.00959e-02
2.57000e+00	2.51276e-01	9.94271e-03
2.58000e+00	2.51739e-01	9.79218e-03
2.59000e+00	2.52201e-01	9.64420e-03
2.60000e+00	2.52662e-01	9.49873e-03
2.61000e+00	2.53122e-01	9.35571e-03
2.62000e+00	2.53581e-01	9.21510e-03
2.63000e+00	2.54039e-01	9.07685e-03
2.64000e+00	2.54496e-01	8.94091e-03
2.65000e+00	2.54952e-01	8.80724e-03
2.66000e+00	2.55406e-01	8.67579e-03
2.67000e+00	2.55860e-01	8.54653e-03
2.68000e+00	2.56312e-01	8.41940e-03
2.69000e+00	2.56764e-01	8.29436e-03
2.70000e+00	2.57214e-01	8.17139e-03
2.71000e+00	2.57663e-01	8.05043e-03
2.72000e+00	2.58111e-01	7.93144e-03
2.73000e+00	2.58558e-01	7.81440e-03
2.74000e+00	2.59004e-01	7.69926e-03
2.75000e+00	2.59449e-01	7.58599e-03
2.76000e+00	2.59892e-01	7.47455e-03
2.77000e+00	2.60335e-01	7.36491e-03
2.78000e+00	2.60776e-01	7.25703e-03
2.79000e+00	2.61216e-01	7.15088e-03
2.80000e+00	2.61656e-01	7.04643e-03
2.81000e+00	2.62094e-01	6.94365e-03
2.82000e+00	2.62531e-01	6.84251e-03
2.83000e+00	2.62967e-01	6.74297e-03
2.84000e+00	2.63402e-01	6.64501e-03
2.85000e+00	2.63835e-01	6.54859e-03
2.86000e+00	2.64268e-01	6.45370e-03
2.87000e+00	2.64699e-01	6.36030e-03
2.88000e+00	2.65130e-01	6.26836e-03
2.89000e+00	2.65559e-01	6.17787e-03
2.90000e+00	2.65987e-01	6.08878e-03
2.91000e+00	2.66414e-01	6.00108e-03
2.92000e+00	2.66840e-01	5.91475e-03
2.93000e+00	2.67265e-01	5.82975e-03
2.94000e+00	2.67689e-01	5.74607e-03
2.95000e+00	2.68112e-01	5.66368e-03
2.96000e+00	2.68533e-01	5.58256e-03
2.97000e+00	2.68953e-01	5.50269e-03
2.98000e+00	2.69373e-01	5.42404e-03
2.99000e+00	2.69791e-01	5.34659e-03
3.00000e+00	2.70208e-01	5.27033e-03
3.01000e+00	2.70624e-01	5.19522e-03
3.02000e+00	2.71039e-01	5.12126e-03
3.03000e+00	2.71452e-01	5.04842e-03
3.04000e+00	2.71865e-01	4.97668e-03
3.05000e+00	2.72276e-01	4.90603e-03
3.06000e+00	2.72687e-01	4.83644e-03
3.07000e+00	2.73096e-01	4.76790e-03
3.08000e+00	2.73504e-01	4.70038e-03
3.09000e+00	2.73911e-01	4.63388e-03
3.10000e+00	2.74317e-01	4.56837e-03
3.11000e+00	2.74721e-01	4.50384e-03
3.12000e+00	2.75125e-01	4.44027e-03
3.13000e+00	2.75528e-01	4.37765e-03
3.14000e+00	2.75929e-01	4.31595e-03
3.15000e+00	2.76329e-01	4.25517e-03
3.16000e+00	2.76728e-01	4.19528e-03
3.17000e+00	2.77126e-01	4.13629e-03
3.18000e+00	2.77523e-01	4.07815e-03
3.19000e+00	2.77918e-01	4.02088e-03
3.20000e+00	2.78313e-01	3.96444e-03
3.21000e+00	2.78706e-01	3.90883e-03
3.22000e+00	2.79099e-01	3.85404e-03
3.23000e+00	2.79490e-01	3.80004e-03
3.24000e+00	2.79880e-01	3.74683e-03
3.25000e+00	2.80269e-01	3.69440e-03
3.26000e+00	2.80656e-01	3.64272e-03
3.27000e+00	2.81043e-01	3.59180e-03
3.28000e+00	2.81428e-01	3.54161e-03
3.29000e+00	2.81813e-01	3.49215e-03
3.30000e+00	2.82196e-01	3.44340e-03
3.31000e+00	2.82578e-01	3.39536e-03
3.32000e+00	2.82959e-01	3.34800e-03
3.33000e+00	2.83338e-01	3.30133e-03
3.34000e+00	2.83717e-01	3.25532e-03
3.35000e+00	2.84094e-01	3.20998e-03
3.36000e+00	2.84470e-01	3.16528e-03
3.37000e+00	2.84846e-01	3.12122e-03
3.38000e+00	2.85220e-01	3.07779e-03
3.39000e+00	2.85592e-01	3.03497e-03
3.40000e+00	2.85964e-01	2.99277e-03
3.41000e+00	2.86335e-01	2.95116e-03
3.42000e+00	2.86704e-01	2.91015e-03
3.43000e+00	2.87072e-01	2.86971e-03
3.44000e+00	2.87439e-01	2.82985e-03
3.45000e+00	2.87805e-01	2.79054e-03
3.46000e+00	2.88170e-01	2.75180e-03
3.47000e+00	2.88533e-01	2.71359e-03
3.48000e+00	2.88896e-01	2.67593e-03
3.49000e+00	2.89257e-01	2.63879e-03
3.50000e+00	2.89617e-01	2.60218e-03
3.51000e+00	2.89976e-01	2.56608e-03
3.52000e+00	2.90334e-01	2.53048e-03
3.53000e+00	2.90691e-01	2.49538e-03
3.54000e+00	2.91046e-01	2.46077e-03
3.55000e+00	2.91400e-01	2.42664e-03
3.56000e+00	2.91754e-01	2.39299e-03
3.57000e+00	2.92106e-01	2.35980e-03
3.58000e+00	2.92456e-01	2.32708e-03
3.59000e+00	2.92806e-01	2.29481e-03
3.60000e+00	2.93155e-01	2.26299e-03
3.61000e+00	2.93502e-01	2.23161e-03
3.62000e+00	2.93848e-01	2.20066e-03
3.63000e+00	2.94193e-01	2.17014e-03
3.64000e+00	2.94537e-01	2.14004e-03
3.65000e+00	2.94880e-01	2.11036e-03
3.66000e+00	2.95221e-01	2.08108e-03
3.67000e+00	2.95561e-01	2.05221e-03
3.68000e+00	2.95901e-01	2.02374e-03
3.69000e+00	2.96239e-01	1.99565e-03
3.70000e+00	2.96575e-01	1.96796e-03
3.71000e+00	2.96911e-01	1.94064e-03
3.72000e+00	2.97246e-01	1.91369e-03
3.73000e+00	2.97579e-01	1.88712e-03
3.74000e+00	2.97911e-01	1.86090e-03
3.75000e+00	2.98242e-01	1.83505e-03
3.76000e+00	2.98572e-01	1.80955e-03
3.77000e+00	2.98901e-01	1.78439e-03
3.78000e+00	2.99228e-01	1.75958e-03
3.79000e+00	2.99554e-01	1.73511e-03
3.80000e+00	2.99879e-01	1.71097e-03
3.81000e+00	3.00203e-01	1.68716e-03
3.82000e+00	3.00526e-01	1.66367e-03
3.83000e+00	3.00848e-01	1.64050e-03
3.84000e+00	3.01168e-01	1.61764e-03
3.85000e+00	3.01487e-01	1.59510e-03
3.86000e+00	3.01805e-01	1.57286e-03
3.87000e+00	3.02122e-01	1.55092e-03
3.88000e+00	3.02438e-01	1.52927e-03
3.89000e+00	3.02752e-01	1.50792e-03
3.90000e+00	3.03066e-01	1.48686e-03
3.91000e+00	3.03378e-01	1.46608e-03
3.92000e+00	3.03689e-01	1.44559e-03
3.93000e+00	3.03999e-01	1.42537e-03
3.94000e+00	3.04307e-01	1.40542e-03
3.95000e+00	3.04615e-01	1.38574e-03
3.96000e+00	3.04921e-01	1.36632e-03
3.97000e+00	3.05226e-01	1.34717e-03
3.98000e+00	3.05530e-01	1.32827e-03
3.99000e+00	3.05833e-01	1.30963e-03
4.00000e+00	3.06134e-01	1.29124e-03
4.01000e+00	3.06435e-01	1.27310e-03
4.02000e+00	3.06734e-01	1.25520e-03
4.03000e+00	3.07032e-01	1.23753e-03
4.04000e+00	3.07329e-01	1.22011e-03
4.05000e+00	3.07625e-01	1.20292e-03
4.06000e+00	3.07919e-01	1.18596e-03
4.07000e+00	3.08212e-01	1.16923e-03
4.08000e+00	3.08504e-01	1.15272e-03
4.09000e+00	3.08795e-01	1.13643e-03
4.10000e+00	3.09085e-01	1.12036e-03
4.11000e+00	3.09374e-01	1.10451e-03
4.12000e+00	3.09661e-01	1.08886e-03
4.13000e+00	3.09947e-01	1.07343e-03
4.14000e+00	3.10232e-01	1.05820e-03
4.15000e+00	3.10516e-01	1.04318e-03
4.16000e+00	3.10799e-01	1.02835e-03
4.17000e+00	3.11080e-01	1.01373e-03
4.18000e+00	3.11361e-01	9.99298e-04
4.19000e+00	3.11640e-01	9.85061e-04
4.20000e+00	3.11918e-01	9.71013e-04
4.21000e+00	3.12195e-01	9.57153e-04
4.22000e+00	3.12470e-01	9.43478e-04
4.23000e+00	3.12745e-01	9.29985e-04
4.24000e+00	3.13018e-01	9.16673e-04
4.25000e+00	3.13290e-01	9.03538e-04
4.26000e+00	3.13561e-01	8.90578e-04
4.27000e+00	3.13831e-01	8.77791e-04
4.28000e+00	3.14099e-01	8.65174e-04
4.29000e+00	3.14367e-01	8.52726e-04
4.30000e+00	3.14633e-01	8.40444e-04
4.31000e+00	3.14898e-01	8.28325e-04
4.32000e+00	3.15162e-01	8.16368e-04
4.33000e+00	3.15424e-01	8.04571e-04
4.34000e+00	3.15686e-01	7.92930e-04
4.35000e+00	3.15946e-01	7.81445e-04
4.36000e+00	3.16205e-01	7.70114e-04
4.37000e+00	3.16463e-01	7.58933e-04
4.38000e+00	3.16720e-01	7.47901e-04
4.39000e+00	3.16975e-01	7.37017e-04
4.40000e+00	3.17230e-01	7.26278e-04
4.41000e+00	3.17483e-01	7.15682e-04
4.42000e+00	3.17735e-01	7.05228e-04
4.43000e+00	3.17986e-01	6.94913e-04
4.44000e+00	3.18236e-01	6.84735e-04
4.45000e+00	3.18484e-01	6.74694e-04
4.46000e+00	3.18732e-01	6.64787e-04
4.47000e+00	3.18978e-01	6.55012e-04
4.48000e+00	3.19223e-01	6.45368e-04
4.49000e+00	3.19467e-01	6.35852e-04
4.50000e+00	3.19709e-01	6.26464e-04
4.51000e+00	3.19951e-01	6.17202e-04
4.52000e+00	3.20191e-01	6.08063e-04
4.53000e+00	3.20431e-01	5.99047e-04
4.54000e+00	3.20669e-01	5.90151e-04
4.55000e+00	3.20905e-01	5.81375e-04
4.56000e+00	3.21141e-01	5.72716e-04
4.57000e+00	3.21376e-01	5.64173e-04
4.58000e+00	3.21609e-01	5.55745e-04
4.59000e+00	3.21841e-01	5.47429e-04
4.60000e+00	3.22072e-01	5.39226e-04
4.61000e+00	3.22302e-01	5.31132e-04
4.62000e+00	3.22531e-01	5.23147e-04
4.63000e+00	3.22758e-01	5.15270e-04
4.64000e+00	3.22985e-01	5.07498e-04
4.65000e+00	3.23210e-01	4.99831e-04
4.66000e+00	3.23434e-01	4.92267e-04
4.67000e+00	3.23657e-01	4.84805e-04
4.68000e+00	3.23879e-01	4.77444e-04
4.69000e+00	3.24099e-01	4.70182e-04
4.70000e+00	3.24319e-01	4.63017e-04
4.71000e+00	3.24537e-01	4.55950e-04
4.72000e+00	3.24754e-01	4.48978e-04
4.73000e+00	3.24970e-01	4.42100e-04
4.74000e+00	3.25185e-01	4.35315e-04
4.75000e+00	3.25399e-01	4.28622e-04
4.76000e+00	3.25611e-01	4.22020e-04
4.77000e+00	3.25823e-01	4.15508e-04
4.78000e+00	3.26033e-01	4.09083e-04
4.79000e+00	3.26242e-01	4.02746e-04
4.80000e+00	3.26450e-01	3.96495e-04
4.81000e+00	3.26657e-01	3.90329e-04
4.82000e+00	3.26862e-01	3.84247e-04
4.83000e+00	3.27067e-01	3.78248e-04
4.84000e+00	3.27270e-01	3.72330e-04
4.85000e+00	3.27472e-01	3.66493e-04
4.86000e+00	3.27673e-01	3.60736e-04
4.87000e+00	3.27873e-01	3.55058e-04
4.88000e+00	3.28072e-01	3.49457e-04
4.89000e+00	3.28270e-01	3.43933e-04
4.90000e+00	3.28466e-01	3.38485e-04
4.91000e+00	3.28662e-01	3.33112e-04
4.92000e+00	3.28856e-01	3.27812e-04
4.93000e+00	3.29049e-01	3.22585e-04
4.94000e+00	3.29241e-01	3.17431e-04
4.95000e+00	3.29432e-01	3.12347e-04
4.96000e+00	3.29622e-01	3.07333e-04
4.97000e+00	3.29810e-01	3.02389e-04
4.98000e+00	3.29998e-01	2.97513e-04
4.99000e+00	3.30184e-01	2.92704e-04
5.00000e+00	3.30369e-01	2.87962e-04
5.01000e+00	3.30553e-01	2.83286e-04
5.02000e+00	3.30736e-01	2.78675e-04
5.03000e+00	3.30918e-01	2.74128e-04
5.04000e+00	3.31099e-01	2.69644e-04
5.05000e+00	3.31279e-01	2.65223e-04
5.06000e+00	3.31457e-01	2.60863e-04
5.07000e+00	3.31634e-01	2.56565e-04
5.08000e+00	3.31811e-01	2.52326e-04
5.09000e+00	3.31986e-01	2.48147e-04
5.10000e+00	3.32160e-01	2.44027e-04
5.11000e+00	3.32333e-01	2.39965e-04
5.12000e+00	3.32505e-01	2.35959e-04
5.13000e+00	3.32675e-01	2.32011e-04
5.14000e+00	3.32845e-01	2.28117e-04
5.15000e+00	3.33013e-01	2.24279e-04
5.16000e+00	3.33181e-01	2.20496e-04
5.17000e+00	3.33347e-01	2.16766e-04
5.18000e+00	3.33512e-01	2.13089e-04
5.19000e+00	3.33676e-01	2.09464e-04
5.20000e+00	3.33839e-01	2.05891e-04
5.21000e+00	3.34001e-01	2.02369e-04
5.22000e+00	3.34162e-01	1.98897e-04
5.23000e+00	3.34322e-01	1.95475e-04
5.24000e+00	3.34481e-01	1.92102e-04
5.25000e+00	3.34638e-01	1.88777e-04
5.26000e+00	3.34795e-01	1.85500e-04
5.27000e+00	3.34950e-01	1.82271e-04
5.28000e+00	3.35104e-01	1.79088e-04
5.29000e+00	3.35257e-01	1.75951e-04
5.30000e+00	3.35410e-01	1.72860e-04
5.31000e+00	3.35561e-01	1.69813e-04
5.32000e+00	3.35711e-01	1.66811e-04
5.33000e+00	3.35859e-01	1.63853e-04
5.34000e+00	3.36007e-01	1.60938e-04
5.35000e+00	3.36154e-01	1.58065e-04
5.36000e+00	3.36300e-01	1.55235e-04
5.37000e+00	3.36444e-01	1.52446e-04
5.38000e+00	3.36588e-01	1.49698e-04
5.39000e+00	3.36730e-01	1.46991e-04
5.40000e+00	3.36872e-01	1.44324e-04
5.41000e+00	3.37012e-01	1.41696e-04
5.42000e+00	3.37151e-01	1.39107e-04
5.43000e+00	3.37290e-01	1.36557e-04
5.44000e+00	3.37427e-01	1.34045e-04
5.45000e+00	3.37563e-01	1.31570e-04
5.46000e+00	3.37698e-01	1.29133e-04
5.47000e+00	3.37832e-01	1.26732e-04
5.48000e+00	3.37965e-01	1.24367e-04
5.49000e+00	3.38097e-01	1.22038e-04
5.50000e+00	3.38228e-01	1.19744e-04
5.51000e+00	3.38358e-01	1.17485e-04
5.52000e+00	3.38487e-01	1.15260e-04
5.53000e+00	3.38614e-01	1.13069e-04
5.54000e+00	3.38741e-01	1.10911e-04
5.55000e+00	3.38867e-01	1.08787e-04
5.56000e+00	3.38992e-01	1.06695e-04
5.57000e+00	3.39115e-01	1.04635e-04
5.58000e+00	3.39238e-01	1.02607e-04
5.59000e+00	3.39359e-01	1.00611e-04
5.60000e+00	3.39480e-01	9.86449e-05
5.61000e+00	3.39600e-01	9.67099e-05
5.62000e+00	3.39718e-01	9.48050e-05
5.63000e+00	3.39836e-01	9.29299e-05
5.64000e+00	3.39952e-01	9.10843e-05
5.65000e+00	3.40068e-01	8.92676e-05
5.66000e+00	3.40182e-01	8.74796e-05
5.67000e+00	3.40296e-01	8.57199e-05
5.68000e+00	3.40408e-01	8.39882e-05
5.69000e+00	3.40520e-01	8.22839e-05
5.70000e+00	3.40630e-01	8.06069e-05
5.71000e+00	3.40740e-01	7.89568e-05
5.72000e+00	3.40848e-01	7.73331e-05
5.73000e+00	3.40956e-01	7.57356e-05
5.74000e+00	3.41062e-01	7.41640e-05
5.75000e+00	3.41168e-01	7.26178e-05
5.76000e+00	3.41272e-01	7.10968e-05
5.77000e+00	3.41376e-01	6.96006e-05
5.78000e+00	3.41478e-01	6.81289e-05
5.79000e+00	3.41580e-01	6.66814e-05
5.80000e+00	3.41681e-01	6.52578e-05
5.81000e+00	3.41780e-01	6.38578e-05
5.82000e+00	3.41879e-01	6.24810e-05
5.83000e+00	3.41977e-01	6.11271e-05
5.84000e+00	3.42073e-01	5.97959e-05
5.85000e+00	3.42169e-01	5.84871e-05
5.86000e+00	3.42264e-01	5.72003e-05
5.87000e+00	3.42358e-01	5.59353e-05
5.88000e+00	3.42451e-01	5.46918e-05
5.89000e+00	3.42543e-01	5.34695e-05
5.90000e+00	3.42634e-01	5.22681e-05
5.91000e+00	3.42724e-01	5.10873e-05
5.92000e+00	3.42813e-01	4.99269e-05
5.93000e+00	3.42901e-01	4.87866e-05
5.94000e+00	3.42988e-01	4.76662e-05
5.95000e+00	3.43075e-01	4.65653e-05
5.96000e+00	3.43160e-01	4.54837e-05
5.97000e+00	3.43244e-01	4.44212e-05
5.98000e+00	3.43328e-01	4.33775e-05
5.99000e+00	3.43411e-01	4.23523e-05
6.00000e+00	3.43492e-01	4.13454e-05
6.01000e+00	3.43573e-01	4.03566e-05
6.02000e+00	3.43653e-01	3.93856e-05
6.03000e+00	3.43732e-01	3.84321e-05
6.04000e+00	3.43810e-01	3.74960e-05
6.05000e+00	3.43887e-01	3.65770e-05
6.06000e+00	3.43963e-01	3.56748e-05
6.07000e+00	3.44039e-01	3.47893e-05
6.08000e+00	3.44113e-01	3.39202e-05
6.09000e+00	3.44186e-01	3.30673e-05
6.10000e+00	3.44259e-01	3.22303e-05
6.11000e+00	3.44331e-01	3.14091e-05
6.12000e+00	3.44402e-01	3.06034e-05
6.13000e+00	3.44472e-01	2.98130e-05
6.14000e+00	3.44541e-01	2.90378e-05
6.15000e+00	3.44609e-01	2.82774e-05
6.16000e+00	3.44676e-01	2.75318e-05
6.17000e+00	3.44743e-01	2.68006e-05
6.18000e+00	3.44809e-01	2.60837e-05
6.19000e+00	3.44873e-01	2.53809e-05
6.20000e+00	3.44937e-01	2.46920e-05
6.21000e+00	3.45000e-01	2.40168e-05
6.22000e+00	3.45062e-01	2.33551e-05
6.23000e+00	3.45124e-01	2.27067e-05
6.24000e+00	3.45184e-01	2.20715e-05
6.25000e+00	3.45244e-01	2.14492e-05
6.26000e+00	3.45303e-01	2.08396e-05
6.27000e+00	3.45361e-01	2.02426e-05
6.28000e+00	3.45418e-01	1.96580e-05
6.29000e+00	3.45474e-01	1.90856e-05
6.30000e+00	3.45530e-01	1.85253e-05
6.31000e+00	3.45584e-01	1.79769e-05
6.32000e+00	3.45638e-01	1.74401e-05
6.33000e+00	3.45691e-01	1.69149e-05
6.34000e+00	3.45744e-01	1.64010e-05
6.35000e+00	3.45795e-01	1.58983e-05
6.36000e+00	3.45846e-01	1.54067e-05
6.37000e+00	3.45896e-01	1.49259e-05
6.38000e+00	3.45945e-01	1.44558e-05
6.39000e+00	3.45993e-01	1.39963e-05
6.40000e+00	3.46040e-01	1.35472e-05
6.41000e+00	3.46087e-01	1.31083e-05
6.42000e+00	3.46133e-01	1.26795e-05
6.43000e+00	3.46178e-01	1.22607e-05
6.44000e+00	3.46222e-01	1.18516e-05
6.45000e+00	3.46266e-01	1.14522e-05
6.46000e+00	3.46309e-01	1.10622e-05
6.47000e+00	3.46351e-01	1.06816e-05
6.48000e+00	3.46392e-01	1.03102e-05
6.49000e+00	3.46433e-01	9.94789e-06
6.50000e+00	3.46473e-01	9.59447e-06
6.51000e+00	3.46512e-01	9.24983e-06
6.52000e+00	3.46550e-01	8.91383e-06
6.53000e+00	3.46588e-01	8.58635e-06
6.54000e+00	3.46625e-01	8.26723e-06
6.55000e+00	3.46661e-01	7.95636e-06
6.56000e+00	3.46696e-01	7.65360e-06
6.57000e+00	3.46731e-01	7.35882e-06
6.58000e+00	3.46765e-01	7.07189e-06
6.59000e+00	3.46798e-01	6.79268e-06
6.60000e+00	3.46831e-01	6.52107e-06
6.61000e+00	3.46863e-01	6.25694e-06
6.62000e+00	3.46894e-01	6.00016e-06
6.63000e+00	3.46925e-01	5.75060e-06
6.64000e+00	3.46955e-01	5.50815e-06
6.65000e+00	3.46984e-01	5.27270e-06
6.66000e+00	3.47012e-01	5.04411e-06
6.67000e+00	3.47040e-01	4.82227e-06
6.68000e+00	3.47067e-01	4.60708e-06
6.69000e+00	3.47094e-01	4.39840e-06
6.70000e+00	3.47120e-01	4.19614e-06
6.71000e+00	3.47145e-01	4.00017e-06
6.72000e+00	3.47169e-01	3.81039e-06
6.73000e+00	3.47193e-01	3.62668e-06
6.74000e+00	3.47217e-01	3.44894e-06
6.75000e+00	3.47239e-01	3.27706e-06
6.76000e+00	3.47261e-01	3.11093e-06
6.77000e+00	3.47283e-01	2.95044e-06
6.78000e+00	3.47303e-01	2.79550e-06
6.79000e+00	3.47324e-01	2.64599e-06
6.80000e+00	3.47343e-01	2.50182e-06
6.81000e+00	3.47362e-01	2.36288e-06
6.82000e+00	3.47381e-01	2.22907e-06
6.83000e+00	3.47399e-01	2.10029e-06
6.84000e+00	3.47416e-01	1.97643e-06
6.85000e+00	3.47432e-01	1.85742e-06
6.86000e+00	3.47449e-01	1.74313e-06
6.87000e+00	3.47464e-01	1.63348e-06
6.88000e+00	3.47479e-01	1.52838e-06
6.89000e+00	3.47494e-01	1.42772e-06
6.90000e+00	3.47508e-01	1.33141e-06
6.91000e+00	3.47521e-01	1.23936e-06
6.92000e+00	3.47534e-01	1.15147e-06
6.93000e+00	3.47546e-01	1.06766e-06
6.94000e+00	3.47558e-01	9.87820e-07
6.95000e+00	3.47569e-01	9.11871e-07
6.96000e+00	3.47580e-01	8.39720e-07
6.97000e+00	3.47590e-01	7.71276e-07
6.98000e+00	3.47600e-01	7.06448e-07
6.99000e+00	3.47610e-01	6.45149e-07
7.00000e+00	3.47618e-01	5.87288e-07
7.01000e+00	3.47627e-01	5.32778e-07
7.02000e+00	3.47635e-01	4.81530e-07
7.03000e+00	3.47642e-01	4.33457e-07
7.04000e+00	3.47649e-01	3.88471e-07
7.05000e+00	3.47656e-01	3.46484e-07
7.06000e+00	3.47662e-01	3.07409e-07
7.07000e+00	3.47668e-01	2.71159e-07
7.08000e+00	3.47673e-01	2.37647e-07
7.09000e+00	3.47678e-01	2.06785e-07
7.10000e+00	3.47683e-01	1.78487e-07
7.11000e+00	3.47687e-01	1.52663e-07
7.12000e+00	3.47691e-01	1.29227e-07
7.13000e+00	3.47695e-01	1.08090e-07
7.14000e+00	3.47698e-01	8.91613e-08
7.15000e+00	3.47701e-01	7.23520e-08
7.16000e+00	3.47703e-01	5.75705e-08
7.17000e+00	3.47705e-01	4.47244e-08
7.18000e+00	3.47707e-01	3.37196e-08
7.19000e+00	3.47709e-01	2.44600e-08
7.20000e+00	3.47710e-01	1.68473e-08
7.21000e+00	3.47711e-01	1.07800e-08
7.22000e+00	3.47712e-01	6.15345e-09
7.23000e+00	3.47713e-01	2.85916e-09
7.24000e+00	3.47713e-01	7.85972e-10
