1.00000e-02	3.72302e-24	2.00000e-02
2.00000e-02	2.60612e-08	2.00000e-02
3.00000e-02	9.67986e-08	1.99997e-02
4.00000e-02	2.34549e-07	1.99992e-02
5.00000e-02	4.61647e-07	1.99985e-02
6.00000e-02	8.00426e-07	1.99977e-02
7.00000e-02	1.27321e-06	1.99967e-02
8.00000e-02	1.90233e-06	1.99955e-02
9.00000e-02	2.71011e-06	1.99941e-02
1.00000e-01	3.71884e-06	1.99926e-02
1.10000e-01	4.95086e-06	1.99909e-02
1.20000e-01	6.42844e-06	1.99891e-02
1.30000e-01	8.17389e-06	1.99870e-02
1.40000e-01	1.02095e-05	1.99848e-02
1.50000e-01	1.25575e-05	1.99824e-02
1.60000e-01	1.52402e-05	1.99799e-02
1.70000e-01	1.82798e-05	1.99772e-02
1.80000e-01	2.16986e-05	1.99743e-02
1.90000e-01	2.55188e-05	1.99713e-02
2.00000e-01	2.97627e-05	1.99680e-02
2.10000e-01	3.44523e-05	1.99646e-02
2.20000e-01	3.96099e-05	1.99611e-02
2.30000e-01	4.52577e-05	1.99574e-02
2.40000e-01	5.14178e-05	1.99535e-02
2.50000e-01	5.81124e-05	1.99494e-02
2.60000e-01	6.53635e-05	1.99452e-02
2.70000e-01	7.31933e-05	1.99408e-02
2.80000e-01	8.16239e-05	1.99362e-02
2.90000e-01	9.06772e-05	1.99314e-02
3.00000e-01	1.00375e-04	1.99265e-02
3.10000e-01	1.10740e-04	1.99215e-02
3.20000e-01	1.21794e-04	1.99162e-02
3.30000e-01	1.33559e-04	1.99108e-02
3.40000e-01	1.46056e-04	1.99052e-02
3.50000e-01	1.59308e-04	1.98995e-02
3.60000e-01	1.73337e-04	1.98936e-02
3.70000e-01	1.88164e-04	1.98875e-02
3.80000e-01	2.03811e-04	1.98812e-02
3.90000e-01	2.20301e-04	1.98748e-02
4.00000e-01	2.37654e-04	1.98682e-02
4.10000e-01	2.55893e-04	1.98615e-02
4.20000e-01	2.75039e-04	1.98545e-02
4.30000e-01	2.95115e-04	1.98475e-02
4.40000e-01	3.16141e-04	1.98402e-02
4.50000e-01	3.38139e-04	1.98328e-02
4.60000e-01	3.61131e-04	1.98252e-02
4.70000e-01	3.85139e-04	1.98174e-02
4.80000e-01	4.10183e-04	1.98095e-02
4.90000e-01	4.36286e-04	1.98014e-02
5.00000e-01	4.63470e-04	1.97932e-02
5.10000e-01	4.91754e-04	1.97848e-02
5.20000e-01	5.21161e-04	1.97762e-02
5.30000e-01	5.51712e-04	1.97674e-02
5.40000e-01	5.83429e-04	1.97585e-02
5.50000e-01	6.16332e-04	1.97495e-02
5.60000e-01	6.50444e-04	1.97402e-02
5.70000e-01	6.85784e-04	1.97308e-02
5.80000e-01	7.22374e-04	1.97213e-02
5.90000e-01	7.60236e-04	1.97115e-02
6.00000e-01	7.99390e-04	1.97016e-02
6.10000e-01	8.39857e-04	1.96916e-02
6.20000e-01	8.81659e-04	1.96813e-02
6.30000e-01	9.24815e-04	1.96710e-02
6.40000e-01	9.69348e-04	1.96604e-02
6.50000e-01	1.01528e-03	1.96497e-02
6.60000e-01	1.06263e-03	1.96388e-02
6.70000e-01	1.11141e-03	1.96278e-02
6.80000e-01	1.16166e-03	1.96166e-02
6.90000e-01	1.21338e-03	1.96052e-02
7.00000e-01	1.26661e-03	1.95937e-02
7.10000e-01	1.32135e-03	1.95820e-02
7.20000e-01	1.37764e-03	1.95702e-02
7.30000e-01	1.43549e-03	1.95582e-02
7.40000e-01	1.49492e-03	1.95460e-02
7.50000e-01	1.55595e-03	1.95337e-02
7.60000e-01	1.61861e-03	1.95212e-02
7.70000e-01	1.68290e-03	1.95086e-02
7.80000e-01	1.74887e-03	1.94958e-02
7.90000e-01	1.81651e-03	1.94828e-02
8.00000e-01	1.88586e-03	1.94697e-02
8.10000e-01	1.95693e-03	1.94564e-02
8.20000e-01	2.02974e-03	1.94430e-02
8.30000e-01	2.10432e-03	1.94294e-02
8.40000e-01	2.18068e-03	1.94157e-02
8.50000e-01	2.25884e-03	1.94017e-02
8.60000e-01	2.33882e-03	1.93877e-02
8.70000e-01	2.42065e-03	1.93735e-02
8.80000e-01	2.50433e-03	1.93591e-02
8.90000e-01	2.58990e-03	1.93445e-02
9.00000e-01	2.67737e-03	1.93299e-02
9.10000e-01	2.76675e-03	1.93150e-02
9.20000e-01	2.85808e-03	1.93000e-02
9.30000e-01	2.95136e-03	1.92848e-02
9.40000e-01	3.04662e-03	1.92695e-02
9.50000e-01	3.14387e-03	1.92541e-02
9.60000e-01	3.24314e-03	1.92384e-02
9.70000e-01	3.34445e-03	1.92227e-02
9.80000e-01	3.44781e-03	1.92068e-02
9.90000e-01	3.55324e-03	1.91907e-02
1.00000e+00	3.66076e-03	1.91744e-02
1.01000e+00	3.77038e-03	1.91581e-02
1.02000e+00	3.88214e-03	1.91415e-02
1.03000e+00	3.99604e-03	1.91248e-02
1.04000e+00	4.11211e-03	1.91080e-02
1.05000e+00	4.23036e-03	1.90910e-02
1.06000e+00	4.35081e-03	1.90739e-02
1.07000e+00	4.47349e-03	1.90566e-02
1.08000e+00	4.59839e-03	1.90391e-02
1.09000e+00	4.72556e-03	1.90216e-02
1.10000e+00	4.85500e-03	1.90038e-02
1.11000e+00	4.98673e-03	1.89859e-02
1.12000e+00	5.12077e-03	1.89679e-02
1.13000e+00	5.25713e-03	1.89497e-02
1.14000e+00	5.39584e-03	1.89314e-02
1.15000e+00	5.53692e-03	1.89129e-02
1.16000e+00	5.68037e-03	1.88943e-02
1.17000e+00	5.82622e-03	1.88755e-02
1.18000e+00	5.97449e-03	1.88566e-02
1.19000e+00	6.12519e-03	1.88375e-02
1.20000e+00	6.27833e-03	1.88183e-02
1.21000e+00	6.43394e-03	1.87990e-02
1.22000e+00	6.59204e-03	1.87795e-02
1.23000e+00	6.75264e-03	1.87599e-02
1.24000e+00	6.91575e-03	1.87401e-02
1.25000e+00	7.08140e-03	1.87201e-02
1.26000e+00	7.24959e-03	1.87001e-02
1.27000e+00	7.42036e-03	1.86799e-02
1.28000e+00	7.59371e-03	1.86595e-02
1.29000e+00	7.76965e-03	1.86390e-02
1.30000e+00	7.94822e-03	1.86184e-02
1.31000e+00	8.12941e-03	1.85976e-02
1.32000e+00	8.31326e-03	1.85767e-02
1.33000e+00	8.49977e-03	1.85557e-02
1.34000e+00	8.68896e-03	1.85345e-02
1.35000e+00	8.88084e-03	1.85131e-02
1.36000e+00	9.07544e-03	1.84917e-02
1.37000e+00	9.27276e-03	1.84701e-02
1.38000e+00	9.47283e-03	1.84483e-02
1.39000e+00	9.67566e-03	1.84265e-02
1.40000e+00	9.88126e-03	1.84044e-02
1.41000e+00	1.00897e-02	1.83823e-02
1.42000e+00	1.03008e-02	1.83600e-02
1.43000e+00	1.05149e-02	1.83376e-02
1.44000e+00	1.07317e-02	1.83150e-02
1.45000e+00	1.09514e-02	1.82923e-02
1.46000e+00	1.11740e-02	1.82695e-02
1.47000e+00	1.13994e-02	1.82466e-02
1.48000e+00	1.16278e-02	1.82235e-02
1.49000e+00	1.18590e-02	1.82002e-02
1.50000e+00	1.20932e-02	1.81769e-02
1.51000e+00	1.23303e-02	1.81534e-02
1.52000e+00	1.25703e-02	1.81298e-02
1.53000e+00	1.28134e-02	1.81061e-02
1.54000e+00	1.30594e-02	1.80822e-02
1.55000e+00	1.33084e-02	1.80582e-02
1.56000e+00	1.35604e-02	1.80341e-02
1.57000e+00	1.38154e-02	1.80098e-02
1.58000e+00	1.40734e-02	1.79854e-02
1.59000e+00	1.43345e-02	1.79609e-02
1.60000e+00	1.45987e-02	1.79363e-02
1.61000e+00	1.48659e-02	1.79115e-02
1.62000e+00	1.51363e-02	1.78866e-02
1.63000e+00	1.54097e-02	1.78616e-02
1.64000e+00	1.56862e-02	1.78365e-02
1.65000e+00	1.59659e-02	1.78112e-02
1.66000e+00	1.62487e-02	1.77858e-02
1.67000e+00	1.65347e-02	1.77603e-02
1.68000e+00	1.68238e-02	1.77347e-02
1.69000e+00	1.71161e-02	1.77089e-02
1.70000e+00	1.74116e-02	1.76830e-02
1.71000e+00	1.77103e-02	1.76571e-02
1.72000e+00	1.80122e-02	1.76309e-02
1.73000e+00	1.83173e-02	1.76047e-02
1.74000e+00	1.86257e-02	1.75784e-02
1.75000e+00	1.89373e-02	1.75519e-02
1.76000e+00	1.92522e-02	1.75253e-02
1.77000e+00	1.95703e-02	1.74986e-02
1.78000e+00	1.98918e-02	1.74718e-02
1.79000e+00	2.02165e-02	1.74448e-02
1.80000e+00	2.05445e-02	1.74178e-02
1.81000e+00	2.08759e-02	1.73906e-02
1.82000e+00	2.12105e-02	1.73633e-02
1.83000e+00	2.15486e-02	1.73359e-02
1.84000e+00	2.18899e-02	1.73084e-02
1.85000e+00	2.22347e-02	1.72808e-02
1.86000e+00	2.25828e-02	1.72531e-02
1.87000e+00	2.29343e-02	1.72252e-02
1.88000e+00	2.32891e-02	1.71973e-02
1.89000e+00	2.36474e-02	1.71692e-02
1.90000e+00	2.40091e-02	1.71410e-02
1.91000e+00	2.43742e-02	1.71127e-02
1.92000e+00	2.47427e-02	1.70843e-02
1.93000e+00	2.51147e-02	1.70558e-02
1.94000e+00	2.54902e-02	1.70272e-02
1.95000e+00	2.58691e-02	1.69985e-02
1.96000e+00	2.62514e-02	1.69697e-02
1.97000e+00	2.66373e-02	1.69408e-02
1.98000e+00	2.70266e-02	1.69117e-02
1.99000e+00	2.74194e-02	1.68826e-02
2.00000e+00	2.78158e-02	1.68534e-02
2.01000e+00	2.82156e-02	1.68240e-02
2.02000e+00	2.86190e-02	1.67946e-02
2.03000e+00	2.90259e-02	1.67650e-02
2.04000e+00	2.94364e-02	1.67354e-02
2.05000e+00	2.98504e-02	1.67056e-02
2.06000e+00	3.02679e-02	1.66758e-02
2.07000e+00	3.06890e-02	1.66458e-02
2.08000e+00	3.11137e-02	1.66158e-02
2.09000e+00	3.15420e-02	1.65856e-02
2.10000e+00	3.19739e-02	1.65554e-02
2.11000e+00	3.24093e-02	1.65251e-02
2.12000e+00	3.28484e-02	1.64946e-02
2.13000e+00	3.32911e-02	1.64641e-02
2.14000e+00	3.37374e-02	1.64335e-02
2.15000e+00	3.41873e-02	1.64027e-02
2.16000e+00	3.46408e-02	1.63719e-02
2.17000e+00	3.50980e-02	1.63410e-02
2.18000e+00	3.55588e-02	1.63100e-02
2.19000e+00	3.60233e-02	1.62789e-02
2.20000e+00	3.64915e-02	1.62477e-02
2.21000e+00	3.69633e-02	1.62165e-02
2.22000e+00	3.74388e-02	1.61851e-02
2.23000e+00	3.79179e-02	1.61537e-02
2.24000e+00	3.84007e-02	1.61221e-02
2.25000e+00	3.88873e-02	1.60905e-02
2.26000e+00	3.93775e-02	1.60588e-02
2.27000e+00	3.98714e-02	1.60270e-02
2.28000e+00	4.03691e-02	1.59951e-02
2.29000e+00	4.08704e-02	1.59631e-02
2.30000e+00	4.13755e-02	1.59310e-02
2.31000e+00	4.18842e-02	1.58989e-02
2.32000e+00	4.23967e-02	1.58667e-02
2.33000e+00	4.29130e-02	1.58344e-02
2.34000e+00	4.34329e-02	1.58020e-02
2.35000e+00	4.39567e-02	1.57695e-02
2.36000e+00	4.44841e-02	1.57370e-02
2.37000e+00	4.50153e-02	1.57043e-02
2.38000e+00	4.55503e-02	1.56716e-02
2.39000e+00	4.60890e-02	1.56388e-02
2.40000e+00	4.66315e-02	1.56060e-02
2.41000e+00	4.71777e-02	1.55730e-02
2.42000e+00	4.77277e-02	1.55400e-02
2.43000e+00	4.82815e-02	1.55069e-02
2.44000e+00	4.88391e-02	1.54737e-02
2.45000e+00	4.94004e-02	1.54405e-02
2.46000e+00	4.99655e-02	1.54071e-02
2.47000e+00	5.05344e-02	1.53737e-02
2.48000e+00	5.11071e-02	1.53403e-02
2.49000e+00	5.16836e-02	1.53067e-02
2.50000e+00	5.22639e-02	1.52731e-02
2.51000e+00	5.28480e-02	1.52394e-02
2.52000e+00	5.34359e-02	1.52057e-02
2.53000e+00	5.40275e-02	1.51719e-02
2.54000e+00	5.46230e-02	1.51380e-02
2.55000e+00	5.52223e-02	1.51040e-02
2.56000e+00	5.58254e-02	1.50700e-02
2.57000e+00	5.64323e-02	1.50359e-02
2.58000e+00	5.70430e-02	1.50018e-02
2.59000e+00	5.76575e-02	1.49675e-02
2.60000e+00	5.82759e-02	1.49332e-02
2.61000e+00	5.88980e-02	1.48989e-02
2.62000e+00	5.95240e-02	1.48645e-02
2.63000e+00	6.01538e-02	1.48300e-02
2.64000e+00	6.07874e-02	1.47955e-02
2.65000e+00	6.14248e-02	1.47609e-02
2.66000e+00	6.20661e-02	1.47262e-02
2.67000e+00	6.27111e-02	1.46915e-02
2.68000e+00	6.33600e-02	1.46567e-02
2.69000e+00	6.40127e-02	1.46219e-02
2.70000e+00	6.46693e-02	1.45870e-02
2.71000e+00	6.53296e-02	1.45521e-02
2.72000e+00	6.59938e-02	1.45171e-02
2.73000e+00	6.66618e-02	1.44820e-02
2.74000e+00	6.73336e-02	1.44469e-02
2.75000e+00	6.80092e-02	1.44117e-02
2.76000e+00	6.86886e-02	1.43765e-02
2.77000e+00	6.93719e-02	1.43412e-02
2.78000e+00	7.00590e-02	1.43059e-02
2.79000e+00	7.07499e-02	1.42705e-02
2.80000e+00	7.14446e-02	1.42351e-02
2.81000e+00	7.21431e-02	1.41996e-02
2.82000e+00	7.28455e-02	1.41641e-02
2.83000e+00	7.35516e-02	1.41285e-02
2.84000e+00	7.42616e-02	1.40929e-02
2.85000e+00	7.49753e-02	1.40572e-02
2.86000e+00	7.56929e-02	1.40215e-02
2.87000e+00	7.64143e-02	1.39858e-02
2.88000e+00	7.71395e-02	1.39499e-02
2.89000e+00	7.78684e-02	1.39141e-02
2.90000e+00	7.86012e-02	1.38782e-02
2.91000e+00	7.93378e-02	1.38423e-02
2.92000e+00	8.00781e-02	1.38063e-02
2.93000e+00	8.08223e-02	1.37703e-02
2.94000e+00	8.15702e-02	1.37342e-02
2.95000e+00	8.23219e-02	1.36981e-02
2.96000e+00	8.30774e-02	1.36620e-02
2.97000e+00	8.38367e-02	1.36258e-02
2.98000e+00	8.45998e-02	1.35896e-02
2.99000e+00	8.53666e-02	1.35533e-02
3.00000e+00	8.61372e-02	1.35171e-02
3.01000e+00	8.69115e-02	1.34807e-02
3.02000e+00	8.76896e-02	1.34444e-02
3.03000e+00	8.84715e-02	1.34080e-02
3.04000e+00	8.92571e-02	1.33715e-02
3.05000e+00	9.00464e-02	1.33351e-02
3.06000e+00	9.08395e-02	1.32986e-02
3.07000e+00	9.16364e-02	1.32621e-02
3.08000e+00	9.24369e-02	1.32255e-02
3.09000e+00	9.32412e-02	1.31889e-02
3.10000e+00	9.40492e-02	1.31523e-02
3.11000e+00	9.48610e-02	1.31157e-02
3.12000e+00	9.56764e-02	1.30790e-02
3.13000e+00	9.64956e-02	1.30423e-02
3.14000e+00	9.73184e-02	1.30056e-02
3.15000e+00	9.81450e-02	1.29688e-02
3.16000e+00	9.89753e-02	1.29321e-02
3.17000e+00	9.98092e-02	1.28953e-02
3.18000e+00	1.00647e-01	1.28584e-02
3.19000e+00	1.01488e-01	1.28216e-02
3.20000e+00	1.02333e-01	1.27847e-02
3.21000e+00	1.03182e-01	1.27478e-02
3.22000e+00	1.04034e-01	1.27109e-02
3.23000e+00	1.04890e-01	1.26740e-02
3.24000e+00	1.05749e-01	1.26370e-02
3.25000e+00	1.06613e-01	1.26001e-02
3.26000e+00	1.07479e-01	1.25631e-02
3.27000e+00	1.08350e-01	1.25261e-02
3.28000e+00	1.09224e-01	1.24891e-02
3.29000e+00	1.10102e-01	1.24520e-02
3.30000e+00	1.10983e-01	1.24150e-02
3.31000e+00	1.11868e-01	1.23779e-02
3.32000e+00	1.12756e-01	1.23408e-02
3.33000e+00	1.13648e-01	1.23037e-02
3.34000e+00	1.14544e-01	1.22666e-02
3.35000e+00	1.15443e-01	1.22295e-02
3.36000e+00	1.16346e-01	1.21923e-02
3.37000e+00	1.17252e-01	1.21552e-02
3.38000e+00	1.18162e-01	1.21181e-02
3.39000e+00	1.19075e-01	1.20809e-02
3.40000e+00	1.19992e-01	1.20437e-02
3.41000e+00	1.20913e-01	1.20065e-02
3.42000e+00	1.21836e-01	1.19693e-02
3.43000e+00	1.22764e-01	1.19322e-02
3.44000e+00	1.23695e-01	1.18950e-02
3.45000e+00	1.24629e-01	1.18578e-02
3.46000e+00	1.25567e-01	1.18205e-02
3.47000e+00	1.26508e-01	1.17833e-02
3.48000e+00	1.27453e-01	1.17461e-02
3.49000e+00	1.28401e-01	1.17089e-02
3.50000e+00	1.29353e-01	1.16717e-02
3.51000e+00	1.30308e-01	1.16344e-02
3.52000e+00	1.31266e-01	1.15972e-02
3.53000e+00	1.32228e-01	1.15600e-02
3.54000e+00	1.33193e-01	1.15228e-02
3.55000e+00	1.34162e-01	1.14856e-02
3.56000e+00	1.35134e-01	1.14483e-02
3.57000e+00	1.36110e-01	1.14111e-02
3.58000e+00	1.37088e-01	1.13739e-02
3.59000e+00	1.38070e-01	1.13367e-02
3.60000e+00	1.39056e-01	1.12995e-02
3.61000e+00	1.40045e-01	1.12623e-02
3.62000e+00	1.41037e-01	1.12251e-02
3.63000e+00	1.42032e-01	1.11879e-02
3.64000e+00	1.43031e-01	1.11507e-02
3.65000e+00	1.44032e-01	1.11136e-02
3.66000e+00	1.45038e-01	1.10764e-02
3.67000e+00	1.46046e-01	1.10393e-02
3.68000e+00	1.47058e-01	1.10021e-02
3.69000e+00	1.48073e-01	1.09650e-02
3.70000e+00	1.49091e-01	1.09279e-02
3.71000e+00	1.50112e-01	1.08908e-02
3.72000e+00	1.51137e-01	1.08537e-02
3.73000e+00	1.52165e-01	1.08166e-02
3.74000e+00	1.53196e-01	1.07795e-02
3.75000e+00	1.54230e-01	1.07425e-02
3.76000e+00	1.55267e-01	1.07054e-02
3.77000e+00	1.56307e-01	1.06684e-02
3.78000e+00	1.57351e-01	1.06314e-02
3.79000e+00	1.58398e-01	1.05944e-02
3.80000e+00	1.59447e-01	1.05574e-02
3.81000e+00	1.60500e-01	1.05205e-02
3.82000e+00	1.61556e-01	1.04835e-02
3.83000e+00	1.62615e-01	1.04466e-02
3.84000e+00	1.63677e-01	1.04097e-02
3.85000e+00	1.64742e-01	1.03728e-02
3.86000e+00	1.65810e-01	1.03360e-02
3.87000e+00	1.66881e-01	1.02991e-02
3.88000e+00	1.67955e-01	1.02623e-02
3.89000e+00	1.69033e-01	1.02255e-02
3.90000e+00	1.70113e-01	1.01888e-02
3.91000e+00	1.71196e-01	1.01520e-02
3.92000e+00	1.72282e-01	1.01153e-02
3.93000e+00	1.73371e-01	1.00786e-02
3.94000e+00	1.74462e-01	1.00420e-02
3.95000e+00	1.75557e-01	1.00053e-02
3.96000e+00	1.76655e-01	9.96870e-03
3.97000e+00	1.77755e-01	9.93212e-03
3.98000e+00	1.78859e-01	9.89556e-03
3.99000e+00	1.79965e-01	9.85904e-03
4.00000e+00	1.81074e-01	9.82254e-03
4.01000e+00	1.82186e-01	9.78607e-03
4.02000e+00	1.83301e-01	9.74964e-03
4.03000e+00	1.84418e-01	9.71323e-03
4.04000e+00	1.85538e-01	9.67686e-03
4.05000e+00	1.86662e-01	9.64052e-03
4.06000e+00	1.87787e-01	9.60421e-03
4.07000e+00	1.88916e-01	9.56794e-03
4.08000e+00	1.90047e-01	9.53170e-03
4.09000e+00	1.91181e-01	9.49549e-03
4.10000e+00	1.92318e-01	9.45932e-03
4.11000e+00	1.93457e-01	9.42319e-03
4.12000e+00	1.94599e-01	9.38709e-03
4.13000e+00	1.95744e-01	9.35103e-03
4.14000e+00	1.96891e-01	9.31501e-03
4.15000e+00	1.98041e-01	9.27902e-03
4.16000e+00	1.99193e-01	9.24307e-03
4.17000e+00	2.00348e-01	9.20717e-03
4.18000e+00	2.01506e-01	9.17130e-03
4.19000e+00	2.02666e-01	9.13547e-03
4.20000e+00	2.03829e-01	9.09968e-03
4.21000e+00	2.04994e-01	9.06394e-03
4.22000e+00	2.06162e-01	9.02823e-03
4.23000e+00	2.07332e-01	8.99257e-03
4.24000e+00	2.08505e-01	8.95695e-03
4.25000e+00	2.09680e-01	8.92137e-03
4.26000e+00	2.10858e-01	8.88584e-03
4.27000e+00	2.12038e-01	8.85035e-03
4.28000e+00	2.13220e-01	8.81491e-03
4.29000e+00	2.14405e-01	8.77951e-03
4.30000e+00	2.15592e-01	8.74416e-03
4.31000e+00	2.16782e-01	8.70886e-03
4.32000e+00	2.17974e-01	8.67360e-03
4.33000e+00	2.19168e-01	8.63839e-03
4.34000e+00	2.20364e-01	8.60323e-03
4.35000e+00	2.21563e-01	8.56811e-03
4.36000e+00	2.22764e-01	8.53305e-03
4.37000e+00	2.23968e-01	8.49803e-03
4.38000e+00	2.25173e-01	8.46306e-03
4.39000e+00	2.26381e-01	8.42815e-03
4.40000e+00	2.27591e-01	8.39328e-03
4.41000e+00	2.28804e-01	8.35847e-03
4.42000e+00	2.30018e-01	8.32371e-03
4.43000e+00	2.31235e-01	8.28900e-03
4.44000e+00	2.32453e-01	8.25434e-03
4.45000e+00	2.33674e-01	8.21974e-03
4.46000e+00	2.34897e-01	8.18519e-03
4.47000e+00	2.36122e-01	8.15069e-03
4.48000e+00	2.37349e-01	8.11625e-03
4.49000e+00	2.38579e-01	8.08187e-03
4.50000e+00	2.39810e-01	8.04754e-03
4.51000e+00	2.41043e-01	8.01326e-03
4.52000e+00	2.42278e-01	7.97904e-03
4.53000e+00	2.43516e-01	7.94488e-03
4.54000e+00	2.44755e-01	7.91078e-03
4.55000e+00	2.45996e-01	7.87673e-03
4.56000e+00	2.47239e-01	7.84275e-03
4.57000e+00	2.48484e-01	7.80882e-03
4.58000e+00	2.49731e-01	7.77495e-03
4.59000e+00	2.50980e-01	7.74114e-03
4.60000e+00	2.52231e-01	7.70739e-03
4.61000e+00	2.53483e-01	7.67370e-03
4.62000e+00	2.54737e-01	7.64007e-03
4.63000e+00	2.55994e-01	7.60650e-03
4.64000e+00	2.57252e-01	7.57299e-03
4.65000e+00	2.58511e-01	7.53955e-03
4.66000e+00	2.59773e-01	7.50616e-03
4.67000e+00	2.61036e-01	7.47284e-03
4.68000e+00	2.62301e-01	7.43959e-03
4.69000e+00	2.63567e-01	7.40640e-03
4.70000e+00	2.64836e-01	7.37327e-03
4.71000e+00	2.66106e-01	7.34020e-03
4.72000e+00	2.67377e-01	7.30720e-03
4.73000e+00	2.68650e-01	7.27427e-03
4.74000e+00	2.69925e-01	7.24140e-03
4.75000e+00	2.71202e-01	7.20860e-03
4.76000e+00	2.72480e-01	7.17586e-03
4.77000e+00	2.73759e-01	7.14319e-03
4.78000e+00	2.75040e-01	7.11059e-03
4.79000e+00	2.76323e-01	7.07805e-03
4.80000e+00	2.77607e-01	7.04558e-03
4.81000e+00	2.78892e-01	7.01319e-03
4.82000e+00	2.80180e-01	6.98085e-03
4.83000e+00	2.81468e-01	6.94859e-03
4.84000e+00	2.82758e-01	6.91640e-03
4.85000e+00	2.84049e-01	6.88428e-03
4.86000e+00	2.85342e-01	6.85222e-03
4.87000e+00	2.86636e-01	6.82024e-03
4.88000e+00	2.87931e-01	6.78833e-03
4.89000e+00	2.89228e-01	6.75648e-03
4.90000e+00	2.90526e-01	6.72471e-03
4.91000e+00	2.91825e-01	6.69301e-03
4.92000e+00	2.93126e-01	6.66139e-03
4.93000e+00	2.94428e-01	6.62983e-03
4.94000e+00	2.95731e-01	6.59835e-03
4.95000e+00	2.97035e-01	6.56694e-03
4.96000e+00	2.98340e-01	6.53560e-03
4.97000e+00	2.99647e-01	6.50434e-03
4.98000e+00	3.00955e-01	6.47315e-03
4.99000e+00	3.02264e-01	6.44204e-03
5.00000e+00	3.03574e-01	6.41100e-03
5.01000e+00	3.04885e-01	6.38003e-03
5.02000e+00	3.06197e-01	6.34914e-03
5.03000e+00	3.07511e-01	6.31832e-03
5.04000e+00	3.08825e-01	6.28758e-03
5.05000e+00	3.10140e-01	6.25692e-03
5.06000e+00	3.11457e-01	6.22633e-03
5.07000e+00	3.12774e-01	6.19582e-03
5.08000e+00	3.14092e-01	6.16538e-03
5.09000e+00	3.15412e-01	6.13503e-03
5.10000e+00	3.16732e-01	6.10475e-03
5.11000e+00	3.18053e-01	6.07454e-03
5.12000e+00	3.19375e-01	6.04442e-03
5.13000e+00	3.20698e-01	6.01437e-03
5.14000e+00	3.22022e-01	5.98440e-03
5.15000e+00	3.23346e-01	5.95451e-03
5.16000e+00	3.24672e-01	5.92469e-03
5.17000e+00	3.25998e-01	5.89496e-03
5.18000e+00	3.27325e-01	5.86531e-03
5.19000e+00	3.28652e-01	5.83573e-03
5.20000e+00	3.29981e-01	5.80624e-03
5.21000e+00	3.31310e-01	5.77682e-03
5.22000e+00	3.32640e-01	5.74749e-03
5.23000e+00	3.33970e-01	5.71823e-03
5.24000e+00	3.35302e-01	5.68906e-03
5.25000e+00	3.36633e-01	5.65997e-03
5.26000e+00	3.37966e-01	5.63095e-03
5.27000e+00	3.39299e-01	5.60202e-03
5.28000e+00	3.40632e-01	5.57317e-03
5.29000e+00	3.41967e-01	5.54441e-03
5.30000e+00	3.43301e-01	5.51572e-03
5.31000e+00	3.44637e-01	5.48712e-03
5.32000e+00	3.45972e-01	5.45860e-03
5.33000e+00	3.47309e-01	5.43016e-03
5.34000e+00	3.48645e-01	5.40180e-03
5.35000e+00	3.49983e-01	5.37353e-03
5.36000e+00	3.51320e-01	5.34534e-03
5.37000e+00	3.52658e-01	5.31723e-03
5.38000e+00	3.53997e-01	5.28921e-03
5.39000e+00	3.55336e-01	5.26127e-03
5.40000e+00	3.56675e-01	5.23341e-03
5.41000e+00	3.58014e-01	5.20564e-03
5.42000e+00	3.59354e-01	5.17795e-03
5.43000e+00	3.60694e-01	5.15034e-03
5.44000e+00	3.62034e-01	5.12282e-03
5.45000e+00	3.63375e-01	5.09539e-03
5.46000e+00	3.64716e-01	5.06804e-03
5.47000e+00	3.66057e-01	5.04077e-03
5.48000e+00	3.67398e-01	5.01359e-03
5.49000e+00	3.68740e-01	4.98650e-03
5.50000e+00	3.70081e-01	4.95948e-03
5.51000e+00	3.71423e-01	4.93256e-03
5.52000e+00	3.72765e-01	4.90572e-03
5.53000e+00	3.74107e-01	4.87897e-03
5.54000e+00	3.75449e-01	4.85230e-03
5.55000e+00	3.76791e-01	4.82572e-03
5.56000e+00	3.78133e-01	4.79922e-03
5.57000e+00	3.79476e-01	4.77281e-03
5.58000e+00	3.80818e-01	4.74649e-03
5.59000e+00	3.82160e-01	4.72025e-03
5.60000e+00	3.83502e-01	4.69410e-03
5.61000e+00	3.84845e-01	4.66803e-03
5.62000e+00	3.86187e-01	4.64206e-03
5.63000e+00	3.87529e-01	4.61617e-03
5.64000e+00	3.88871e-01	4.59036e-03
5.65000e+00	3.90213e-01	4.56465e-03
5.66000e+00	3.91554e-01	4.53902e-03
5.67000e+00	3.92896e-01	4.51347e-03
5.68000e+00	3.94237e-01	4.48802e-03
5.69000e+00	3.95578e-01	4.46265e-03
5.70000e+00	3.96919e-01	4.43737e-03
5.71000e+00	3.98260e-01	4.41218e-03
5.72000e+00	3.99600e-01	4.38707e-03
5.73000e+00	4.00941e-01	4.36205e-03
5.74000e+00	4.02280e-01	4.33712e-03
5.75000e+00	4.03620e-01	4.31228e-03
5.76000e+00	4.04959e-01	4.28753e-03
5.77000e+00	4.06298e-01	4.26286e-03
5.78000e+00	4.07637e-01	4.23828e-03
5.79000e+00	4.08975e-01	4.21379e-03
5.80000e+00	4.10313e-01	4.18939e-03
5.81000e+00	4.11650e-01	4.16508e-03
5.82000e+00	4.12987e-01	4.14085e-03
5.83000e+00	4.14324e-01	4.11671e-03
5.84000e+00	4.15660e-01	4.09266e-03
5.85000e+00	4.16996e-01	4.06870e-03
5.86000e+00	4.18331e-01	4.04483e-03
5.87000e+00	4.19665e-01	4.02104e-03
5.88000e+00	4.20999e-01	3.99734e-03
5.89000e+00	4.22333e-01	3.97374e-03
5.90000e+00	4.23666e-01	3.95022e-03
5.91000e+00	4.24998e-01	3.92678e-03
5.92000e+00	4.26329e-01	3.90344e-03
5.93000e+00	4.27661e-01	3.88019e-03
5.94000e+00	4.28991e-01	3.85702e-03
5.95000e+00	4.30321e-01	3.83394e-03
5.96000e+00	4.31650e-01	3.81095e-03
5.97000e+00	4.32978e-01	3.78805e-03
5.98000e+00	4.34306e-01	3.76524e-03
5.99000e+00	4.35633e-01	3.74252e-03
6.00000e+00	4.36959e-01	3.71988e-03
6.01000e+00	4.38284e-01	3.69733e-03
6.02000e+00	4.39609e-01	3.67487e-03
6.03000e+00	4.40933e-01	3.65250e-03
6.04000e+00	4.42256e-01	3.63022e-03
6.05000e+00	4.43578e-01	3.60803e-03
6.06000e+00	4.44899e-01	3.58592e-03
6.07000e+00	4.46220e-01	3.56391e-03
6.08000e+00	4.47539e-01	3.54198e-03
6.09000e+00	4.48858e-01	3.52014e-03
6.10000e+00	4.50176e-01	3.49839e-03
6.11000e+00	4.51492e-01	3.47672e-03
6.12000e+00	4.52808e-01	3.45515e-03
6.13000e+00	4.54123e-01	3.43366e-03
6.14000e+00	4.55437e-01	3.41226e-03
6.15000e+00	4.56750e-01	3.39095e-03
6.16000e+00	4.58062e-01	3.36973e-03
6.17000e+00	4.59372e-01	3.34859e-03
6.18000e+00	4.60682e-01	3.32754e-03
6.19000e+00	4.61991e-01	3.30658e-03
6.20000e+00	4.63298e-01	3.28571e-03
6.21000e+00	4.64605e-01	3.26493e-03
6.22000e+00	4.65910e-01	3.24423e-03
6.23000e+00	4.67214e-01	3.22362e-03
6.24000e+00	4.68517e-01	3.20310e-03
6.25000e+00	4.69819e-01	3.18267e-03
6.26000e+00	4.71120e-01	3.16232e-03
6.27000e+00	4.72420e-01	3.14206e-03
6.28000e+00	4.73718e-01	3.12189e-03
6.29000e+00	4.75015e-01	3.10181e-03
6.30000e+00	4.76311e-01	3.08181e-03
6.31000e+00	4.77605e-01	3.06190e-03
6.32000e+00	4.78898e-01	3.04208e-03
6.33000e+00	4.80190e-01	3.02234e-03
6.34000e+00	4.81481e-01	3.00269e-03
6.35000e+00	4.82770e-01	2.98313e-03
6.36000e+00	4.84058e-01	2.96365e-03
6.37000e+00	4.85345e-01	2.94426e-03
6.38000e+00	4.86630e-01	2.92495e-03
6.39000e+00	4.87914e-01	2.90574e-03
6.40000e+00	4.89196e-01	2.88661e-03
6.41000e+00	4.90477e-01	2.86756e-03
6.42000e+00	4.91757e-01	2.84860e-03
6.43000e+00	4.93035e-01	2.82973e-03
6.44000e+00	4.94312e-01	2.81094e-03
6.45000e+00	4.95587e-01	2.79224e-03
6.46000e+00	4.96861e-01	2.77362e-03
6.47000e+00	4.98133e-01	2.75509e-03
6.48000e+00	4.99403e-01	2.73665e-03
6.49000e+00	5.00672e-01	2.71829e-03
6.50000e+00	5.01940e-01	2.70001e-03
6.51000e+00	5.03206e-01	2.68182e-03
6.52000e+00	5.04470e-01	2.66371e-03
6.53000e+00	5.05733e-01	2.64569e-03
6.54000e+00	5.06994e-01	2.62776e-03
6.55000e+00	5.08254e-01	2.60990e-03
6.56000e+00	5.09512e-01	2.59214e-03
6.57000e+00	5.10768e-01	2.57445e-03
6.58000e+00	5.12022e-01	2.55685e-03
6.59000e+00	5.13275e-01	2.53934e-03
6.60000e+00	5.14526e-01	2.52191e-03
6.61000e+00	5.15776e-01	2.50456e-03
6.62000e+00	5.17024e-01	2.48729e-03
6.63000e+00	5.18270e-01	2.47011e-03
6.64000e+00	5.19514e-01	2.45301e-03
6.65000e+00	5.20756e-01	2.43600e-03
6.66000e+00	5.21997e-01	2.41907e-03
6.67000e+00	5.23236e-01	2.40222e-03
6.68000e+00	5.24473e-01	2.38545e-03
6.69000e+00	5.25708e-01	2.36876e-03
6.70000e+00	5.26941e-01	2.35216e-03
6.71000e+00	5.28173e-01	2.33564e-03
6.72000e+00	5.29403e-01	2.31920e-03
6.73000e+00	5.30630e-01	2.30285e-03
6.74000e+00	5.31856e-01	2.28657e-03
6.75000e+00	5.33080e-01	2.27038e-03
6.76000e+00	5.34302e-01	2.25427e-03
6.77000e+00	5.35523e-01	2.23823e-03
6.78000e+00	5.36741e-01	2.22228e-03
6.79000e+00	5.37957e-01	2.20641e-03
6.80000e+00	5.39171e-01	2.19063e-03
6.81000e+00	5.40383e-01	2.17492e-03
6.82000e+00	5.41594e-01	2.15929e-03
6.83000e+00	5.42802e-01	2.14374e-03
6.84000e+00	5.44008e-01	2.12827e-03
6.85000e+00	5.45213e-01	2.11288e-03
6.86000e+00	5.46415e-01	2.09758e-03
6.87000e+00	5.47615e-01	2.08235e-03
6.88000e+00	5.48813e-01	2.06720e-03
6.89000e+00	5.50009e-01	2.05212e-03
6.90000e+00	5.51203e-01	2.03713e-03
6.91000e+00	5.52395e-01	2.02222e-03
6.92000e+00	5.53584e-01	2.00738e-03
6.93000e+00	5.54772e-01	1.99262e-03
6.94000e+00	5.55957e-01	1.97795e-03
6.95000e+00	5.57140e-01	1.96334e-03
6.96000e+00	5.58321e-01	1.94882e-03
6.97000e+00	5.59500e-01	1.93437e-03
6.98000e+00	5.60677e-01	1.92000e-03
6.99000e+00	5.61851e-01	1.90571e-03
7.00000e+00	5.63024e-01	1.89150e-03
7.01000e+00	5.64194e-01	1.87736e-03
7.02000e+00	5.65362e-01	1.86330e-03
7.03000e+00	5.66527e-01	1.84931e-03
7.04000e+00	5.67690e-01	1.83540e-03
7.05000e+00	5.68851e-01	1.82157e-03
7.06000e+00	5.70010e-01	1.80781e-03
7.07000e+00	5.71167e-01	1.79413e-03
7.08000e+00	5.72321e-01	1.78052e-03
7.09000e+00	5.73473e-01	1.76699e-03
7.10000e+00	5.74622e-01	1.75353e-03
7.11000e+00	5.75769e-01	1.74015e-03
7.12000e+00	5.76914e-01	1.72684e-03
7.13000e+00	5.78057e-01	1.71360e-03
7.14000e+00	5.79197e-01	1.70044e-03
7.15000e+00	5.80335e-01	1.68736e-03
7.16000e+00	5.81470e-01	1.67434e-03
7.17000e+00	5.82603e-01	1.66141e-03
7.18000e+00	5.83734e-01	1.64854e-03
7.19000e+00	5.84862e-01	1.63575e-03
7.20000e+00	5.85988e-01	1.62302e-03
7.21000e+00	5.87111e-01	1.61038e-03
7.22000e+00	5.88232e-01	1.59780e-03
7.23000e+00	5.89350e-01	1.58530e-03
7.24000e+00	5.90466e-01	1.57286e-03
7.25000e+00	5.91579e-01	1.56050e-03
7.26000e+00	5.92690e-01	1.54821e-03
7.27000e+00	5.93799e-01	1.53599e-03
7.28000e+00	5.94905e-01	1.52385e-03
7.29000e+00	5.96008e-01	1.51177e-03
7.30000e+00	5.97109e-01	1.49976e-03
7.31000e+00	5.98208e-01	1.48783e-03
7.32000e+00	5.99304e-01	1.47596e-03
7.33000e+00	6.00397e-01	1.46417e-03
7.34000e+00	6.01488e-01	1.45244e-03
7.35000e+00	6.02576e-01	1.44078e-03
7.36000e+00	6.03661e-01	1.42919e-03
7.37000e+00	6.04744e-01	1.41768e-03
7.38000e+00	6.05825e-01	1.40622e-03
7.39000e+00	6.06903e-01	1.39484e-03
7.40000e+00	6.07978e-01	1.38353e-03
7.41000e+00	6.09050e-01	1.37228e-03
7.42000e+00	6.10120e-01	1.36110e-03
7.43000e+00	6.11188e-01	1.34999e-03
7.44000e+00	6.12252e-01	1.33895e-03
7.45000e+00	6.13314e-01	1.32797e-03
7.46000e+00	6.14374e-01	1.31706e-03
7.47000e+00	6.15431e-01	1.30622e-03
7.48000e+00	6.16485e-01	1.29544e-03
7.49000e+00	6.17536e-01	1.28473e-03
7.50000e+00	6.18585e-01	1.27409e-03
7.51000e+00	6.19630e-01	1.26351e-03
7.52000e+00	6.20674e-01	1.25299e-03
7.53000e+00	6.21714e-01	1.24254e-03
7.54000e+00	6.22752e-01	1.23216e-03
7.55000e+00	6.23787e-01	1.22184e-03
7.56000e+00	6.24819e-01	1.21158e-03
7.57000e+00	6.25849e-01	1.20139e-03
7.58000e+00	6.26876e-01	1.19127e-03
7.59000e+00	6.27900e-01	1.18120e-03
7.60000e+00	6.28921e-01	1.17120e-03
7.61000e+00	6.29940e-01	1.16126e-03
7.62000e+00	6.30955e-01	1.15139e-03
7.63000e+00	6.31968e-01	1.14158e-03
7.64000e+00	6.32979e-01	1.13183e-03
7.65000e+00	6.33986e-01	1.12214e-03
7.66000e+00	6.34990e-01	1.11252e-03
7.67000e+00	6.35992e-01	1.10296e-03
7.68000e+00	6.36991e-01	1.09346e-03
7.69000e+00	6.37987e-01	1.08402e-03
7.70000e+00	6.38980e-01	1.07464e-03
7.71000e+00	6.39971e-01	1.06532e-03
7.72000e+00	6.40958e-01	1.05606e-03
7.73000e+00	6.41943e-01	1.04686e-03
7.74000e+00	6.42925e-01	1.03773e-03
7.75000e+00	6.43904e-01	1.02865e-03
7.76000e+00	6.44880e-01	1.01963e-03
7.77000e+00	6.45853e-01	1.01067e-03
7.78000e+00	6.46823e-01	1.00177e-03
7.79000e+00	6.47791e-01	9.92932e-04
7.80000e+00	6.48755e-01	9.84150e-04
7.81000e+00	6.49717e-01	9.75426e-04
7.82000e+00	6.50676e-01	9.66760e-04
7.83000e+00	6.51632e-01	9.58153e-04
7.84000e+00	6.52585e-01	9.49602e-04
7.85000e+00	6.53535e-01	9.41110e-04
7.86000e+00	6.54482e-01	9.32674e-04
7.87000e+00	6.55426e-01	9.24295e-04
7.88000e+00	6.56367e-01	9.15973e-04
7.89000e+00	6.57305e-01	9.07707e-04
7.90000e+00	6.58241e-01	8.99497e-04
7.91000e+00	6.59173e-01	8.91343e-04
7.92000e+00	6.60102e-01	8.83245e-04
7.93000e+00	6.61029e-01	8.75202e-04
7.94000e+00	6.61952e-01	8.67215e-04
7.95000e+00	6.62873e-01	8.59282e-04
7.96000e+00	6.63790e-01	8.51404e-04
7.97000e+00	6.64705e-01	8.43581e-04
7.98000e+00	6.65616e-01	8.35812e-04
7.99000e+00	6.66525e-01	8.28096e-04
8.00000e+00	6.67430e-01	8.20435e-04
8.01000e+00	6.68333e-01	8.12826e-04
8.02000e+00	6.69232e-01	8.05271e-04
8.03000e+00	6.70129e-01	7.97769e-04
8.04000e+00	6.71023e-01	7.90320e-04
8.05000e+00	6.71913e-01	7.82924e-04
8.06000e+00	6.72801e-01	7.75579e-04
8.07000e+00	6.73685e-01	7.68287e-04
8.08000e+00	6.74566e-01	7.61046e-04
8.09000e+00	6.75445e-01	7.53857e-04
8.10000e+00	6.76320e-01	7.46719e-04
8.11000e+00	6.77193e-01	7.39632e-04
8.12000e+00	6.78062e-01	7.32596e-04
8.13000e+00	6.78928e-01	7.25611e-04
8.14000e+00	6.79791e-01	7.18676e-04
8.15000e+00	6.80652e-01	7.11791e-04
8.16000e+00	6.81509e-01	7.04955e-04
8.17000e+00	6.82363e-01	6.98170e-04
8.18000e+00	6.83214e-01	6.91434e-04
8.19000e+00	6.84062e-01	6.84747e-04
8.20000e+00	6.84906e-01	6.78108e-04
8.21000e+00	6.85748e-01	6.71519e-04
8.22000e+00	6.86587e-01	6.64978e-04
8.23000e+00	6.87423e-01	6.58485e-04
8.24000e+00	6.88255e-01	6.52040e-04
8.25000e+00	6.89085e-01	6.45643e-04
8.26000e+00	6.89911e-01	6.39293e-04
8.27000e+00	6.90734e-01	6.32990e-04
8.28000e+00	6.91554e-01	6.26735e-04
8.29000e+00	6.92372e-01	6.20526e-04
8.30000e+00	6.93186e-01	6.14364e-04
8.31000e+00	6.93997e-01	6.08248e-04
8.32000e+00	6.94804e-01	6.02178e-04
8.33000e+00	6.95609e-01	5.96154e-04
8.34000e+00	6.96411e-01	5.90175e-04
8.35000e+00	6.97209e-01	5.84242e-04
8.36000e+00	6.98005e-01	5.78354e-04
8.37000e+00	6.98797e-01	5.72511e-04
8.38000e+00	6.99586e-01	5.66712e-04
8.39000e+00	7.00372e-01	5.60958e-04
8.40000e+00	7.01155e-01	5.55248e-04
8.41000e+00	7.01935e-01	5.49583e-04
8.42000e+00	7.02712e-01	5.43960e-04
8.43000e+00	7.03486e-01	5.38382e-04
8.44000e+00	7.04256e-01	5.32846e-04
8.45000e+00	7.05023e-01	5.27354e-04
8.46000e+00	7.05788e-01	5.21905e-04
8.47000e+00	7.06549e-01	5.16498e-04
8.48000e+00	7.07307e-01	5.11133e-04
8.49000e+00	7.08062e-01	5.05811e-04
8.50000e+00	7.08814e-01	5.00530e-04
8.51000e+00	7.09562e-01	4.95292e-04
8.52000e+00	7.10308e-01	4.90094e-04
8.53000e+00	7.11050e-01	4.84938e-04
8.54000e+00	7.11789e-01	4.79823e-04
8.55000e+00	7.12525e-01	4.74749e-04
8.56000e+00	7.13258e-01	4.69715e-04
8.57000e+00	7.13988e-01	4.64722e-04
8.58000e+00	7.14715e-01	4.59769e-04
8.59000e+00	7.15439e-01	4.54855e-04
8.60000e+00	7.16159e-01	4.49982e-04
8.61000e+00	7.16876e-01	4.45147e-04
8.62000e+00	7.17591e-01	4.40352e-04
8.63000e+00	7.18302e-01	4.35596e-04
8.64000e+00	7.19010e-01	4.30879e-04
8.65000e+00	7.19714e-01	4.26201e-04
8.66000e+00	7.20416e-01	4.21561e-04
8.67000e+00	7.21115e-01	4.16959e-04
8.68000e+00	7.21810e-01	4.12394e-04
8.69000e+00	7.22502e-01	4.07868e-04
8.70000e+00	7.23191e-01	4.03379e-04
8.71000e+00	7.23877e-01	3.98928e-04
8.72000e+00	7.24560e-01	3.94513e-04
8.73000e+00	7.25240e-01	3.90135e-04
8.74000e+00	7.25916e-01	3.85794e-04
8.75000e+00	7.26590e-01	3.81490e-04
8.76000e+00	7.27260e-01	3.77221e-04
8.77000e+00	7.27927e-01	3.72989e-04
8.78000e+00	7.28591e-01	3.68793e-04
8.79000e+00	7.29252e-01	3.64632e-04
8.80000e+00	7.29910e-01	3.60506e-04
8.81000e+00	7.30565e-01	3.56416e-04
8.82000e+00	7.31216e-01	3.52360e-04
8.83000e+00	7.31864e-01	3.48340e-04
8.84000e+00	7.32510e-01	3.44353e-04
8.85000e+00	7.33152e-01	3.40402e-04
8.86000e+00	7.33791e-01	3.36484e-04
8.87000e+00	7.34427e-01	3.32600e-04
8.88000e+00	7.35059e-01	3.28750e-04
8.89000e+00	7.35689e-01	3.24934e-04
8.90000e+00	7.36316e-01	3.21151e-04
8.91000e+00	7.36939e-01	3.17401e-04
8.92000e+00	7.37559e-01	3.13684e-04
8.93000e+00	7.38176e-01	3.09999e-04
8.94000e+00	7.38790e-01	3.06348e-04
8.95000e+00	7.39401e-01	3.02728e-04
8.96000e+00	7.40009e-01	2.99141e-04
8.97000e+00	7.40614e-01	2.95585e-04
8.98000e+00	7.41215e-01	2.92062e-04
8.99000e+00	7.41814e-01	2.88569e-04
9.00000e+00	7.42409e-01	2.85109e-04
9.01000e+00	7.43002e-01	2.81679e-04
9.02000e+00	7.43591e-01	2.78280e-04
9.03000e+00	7.44177e-01	2.74912e-04
9.04000e+00	7.44760e-01	2.71575e-04
9.05000e+00	7.45340e-01	2.68268e-04
9.06000e+00	7.45916e-01	2.64991e-04
9.07000e+00	7.46490e-01	2.61744e-04
9.08000e+00	7.47061e-01	2.58526e-04
9.09000e+00	7.47628e-01	2.55339e-04
9.10000e+00	7.48193e-01	2.52181e-04
9.11000e+00	7.48754e-01	2.49052e-04
9.12000e+00	7.49312e-01	2.45952e-04
9.13000e+00	7.49868e-01	2.42881e-04
9.14000e+00	7.50420e-01	2.39839e-04
9.15000e+00	7.50969e-01	2.36825e-04
9.16000e+00	7.51515e-01	2.33839e-04
9.17000e+00	7.52058e-01	2.30882e-04
9.18000e+00	7.52597e-01	2.27952e-04
9.19000e+00	7.53134e-01	2.25050e-04
9.20000e+00	7.53668e-01	2.22176e-04
9.21000e+00	7.54199e-01	2.19329e-04
9.22000e+00	7.54726e-01	2.16509e-04
9.23000e+00	7.55251e-01	2.13716e-04
9.24000e+00	7.55772e-01	2.10951e-04
9.25000e+00	7.56291e-01	2.08211e-04
9.26000e+00	7.56806e-01	2.05499e-04
9.27000e+00	7.57319e-01	2.02812e-04
9.28000e+00	7.57828e-01	2.00152e-04
9.29000e+00	7.58334e-01	1.97517e-04
9.30000e+00	7.58838e-01	1.94909e-04
9.31000e+00	7.59338e-01	1.92326e-04
9.32000e+00	7.59835e-01	1.89768e-04
9.33000e+00	7.60330e-01	1.87236e-04
9.34000e+00	7.60821e-01	1.84729e-04
9.35000e+00	7.61309e-01	1.82246e-04
9.36000e+00	7.61794e-01	1.79789e-04
9.37000e+00	7.62277e-01	1.77356e-04
9.38000e+00	7.62756e-01	1.74947e-04
9.39000e+00	7.63232e-01	1.72563e-04
9.40000e+00	7.63705e-01	1.70202e-04
9.41000e+00	7.64175e-01	1.67866e-04
9.42000e+00	7.64643e-01	1.65553e-04
9.43000e+00	7.65107e-01	1.63264e-04
9.44000e+00	7.65568e-01	1.60998e-04
9.45000e+00	7.66027e-01	1.58756e-04
9.46000e+00	7.66482e-01	1.56536e-04
9.47000e+00	7.66934e-01	1.54339e-04
9.48000e+00	7.67384e-01	1.52166e-04
9.49000e+00	7.67830e-01	1.50014e-04
9.50000e+00	7.68274e-01	1.47886e-04
9.51000e+00	7.68715e-01	1.45779e-04
9.52000e+00	7.69152e-01	1.43694e-04
9.53000e+00	7.69587e-01	1.41632e-04
9.54000e+00	7.70019e-01	1.39591e-04
9.55000e+00	7.70448e-01	1.37572e-04
9.56000e+00	7.70874e-01	1.35574e-04
9.57000e+00	7.71297e-01	1.33598e-04
9.58000e+00	7.71717e-01	1.31643e-04
9.59000e+00	7.72134e-01	1.29709e-04
9.60000e+00	7.72548e-01	1.27795e-04
9.61000e+00	7.72960e-01	1.25902e-04
9.62000e+00	7.73368e-01	1.24030e-04
9.63000e+00	7.73774e-01	1.22179e-04
9.64000e+00	7.74176e-01	1.20347e-04
9.65000e+00	7.74576e-01	1.18536e-04
9.66000e+00	7.74973e-01	1.16744e-04
9.67000e+00	7.75367e-01	1.14973e-04
9.68000e+00	7.75759e-01	1.13221e-04
9.69000e+00	7.76147e-01	1.11488e-04
9.70000e+00	7.76533e-01	1.09775e-04
9.71000e+00	7.76915e-01	1.08081e-04
9.72000e+00	7.77295e-01	1.06406e-04
9.73000e+00	7.77672e-01	1.04750e-04
9.74000e+00	7.78046e-01	1.03113e-04
9.75000e+00	7.78418e-01	1.01494e-04
9.76000e+00	7.78786e-01	9.98939e-05
9.77000e+00	7.79152e-01	9.83121e-05
9.78000e+00	7.79515e-01	9.67485e-05
9.79000e+00	7.79875e-01	9.52030e-05
9.80000e+00	7.80232e-01	9.36753e-05
9.81000e+00	7.80587e-01	9.21655e-05
9.82000e+00	7.80938e-01	9.06733e-05
9.83000e+00	7.81287e-01	8.91986e-05
9.84000e+00	7.81633e-01	8.77412e-05
9.85000e+00	7.81977e-01	8.63011e-05
9.86000e+00	7.82317e-01	8.48781e-05
9.87000e+00	7.82655e-01	8.34720e-05
9.88000e+00	7.82990e-01	8.20828e-05
9.89000e+00	7.83323e-01	8.07103e-05
9.90000e+00	7.83652e-01	7.93543e-05
9.91000e+00	7.83979e-01	7.80147e-05
9.92000e+00	7.84304e-01	7.66914e-05
9.93000e+00	7.84625e-01	7.53843e-05
9.94000e+00	7.84944e-01	7.40932e-05
9.95000e+00	7.85260e-01	7.28181e-05
9.96000e+00	7.85573e-01	7.15587e-05
9.97000e+00	7.85884e-01	7.03149e-05
9.98000e+00	7.86192e-01	6.90867e-05
9.99000e+00	7.86497e-01	6.78738e-05
1.00000e+01	7.86800e-01	6.66762e-05
1.00100e+01	7.87099e-01	6.54937e-05
1.00200e+01	7.87397e-01	6.43263e-05
1.00300e+01	7.87691e-01	6.31737e-05
1.00400e+01	7.87983e-01	6.20359e-05
1.00500e+01	7.88273e-01	6.09128e-05
1.00600e+01	7.88559e-01	5.98041e-05
1.00700e+01	7.88843e-01	5.87099e-05
1.00800e+01	7.89125e-01	5.76299e-05
1.00900e+01	7.89404e-01	5.65641e-05
1.01000e+01	7.89680e-01	5.55123e-05
1.01100e+01	7.89953e-01	5.44744e-05
1.01200e+01	7.90224e-01	5.34503e-05
1.01300e+01	7.90493e-01	5.24399e-05
1.01400e+01	7.90759e-01	5.14431e-05
1.01500e+01	7.91022e-01	5.04597e-05
1.01600e+01	7.91283e-01	4.94896e-05
1.01700e+01	7.91541e-01	4.85328e-05
1.01800e+01	7.91797e-01	4.75890e-05
1.01900e+01	7.92050e-01	4.66582e-05
1.02000e+01	7.92300e-01	4.57403e-05
1.02100e+01	7.92548e-01	4.48351e-05
1.02200e+01	7.92794e-01	4.39426e-05
1.02300e+01	7.93037e-01	4.30626e-05
1.02400e+01	7.93277e-01	4.21950e-05
1.02500e+01	7.93515e-01	4.13398e-05
1.02600e+01	7.93751e-01	4.04967e-05
1.02700e+01	7.93984e-01	3.96657e-05
1.02800e+01	7.94214e-01	3.88467e-05
1.02900e+01	7.94442e-01	3.80396e-05
1.03000e+01	7.94668e-01	3.72442e-05
1.03100e+01	7.94891e-01	3.64605e-05
1.03200e+01	7.95112e-01	3.56883e-05
1.03300e+01	7.95330e-01	3.49276e-05
1.03400e+01	7.95546e-01	3.41782e-05
1.03500e+01	7.95760e-01	3.34401e-05
1.03600e+01	7.95971e-01	3.27131e-05
1.03700e+01	7.96179e-01	3.19971e-05
1.03800e+01	7.96386e-01	3.12920e-05
1.03900e+01	7.96590e-01	3.05978e-05
1.04000e+01	7.96791e-01	2.99142e-05
1.04100e+01	7.96990e-01	2.92413e-05
1.04200e+01	7.97187e-01	2.85789e-05
1.04300e+01	7.97382e-01	2.79269e-05
1.04400e+01	7.97574e-01	2.72852e-05
1.04500e+01	7.97764e-01	2.66538e-05
1.04600e+01	7.97951e-01	2.60324e-05
1.04700e+01	7.98136e-01	2.54211e-05
1.04800e+01	7.98319e-01	2.48197e-05
1.04900e+01	7.98500e-01	2.42282e-05
1.05000e+01	7.98678e-01	2.36463e-05
1.05100e+01	7.98854e-01	2.30741e-05
1.05200e+01	7.99028e-01	2.25114e-05
1.05300e+01	7.99199e-01	2.19582e-05
1.05400e+01	7.99369e-01	2.14143e-05
1.05500e+01	7.99536e-01	2.08797e-05
1.05600e+01	7.99701e-01	2.03542e-05
1.05700e+01	7.99863e-01	1.98378e-05
1.05800e+01	8.00024e-01	1.93304e-05
1.05900e+01	8.00182e-01	1.88318e-05
1.06000e+01	8.00338e-01	1.83421e-05
1.06100e+01	8.00491e-01	1.78611e-05
1.06200e+01	8.00643e-01	1.73886e-05
1.06300e+01	8.00793e-01	1.69247e-05
1.06400e+01	8.00940e-01	1.64692e-05
1.06500e+01	8.01085e-01	1.60221e-05
1.06600e+01	8.01228e-01	1.55832e-05
1.06700e+01	8.01369e-01	1.51525e-05
1.06800e+01	8.01508e-01	1.47299e-05
1.06900e+01	8.01644e-01	1.43153e-05
1.07000e+01	8.01779e-01	1.39086e-05
1.07100e+01	8.01912e-01	1.35097e-05
1.07200e+01	8.02042e-01	1.31185e-05
1.07300e+01	8.02170e-01	1.27350e-05
1.07400e+01	8.02297e-01	1.23591e-05
1.07500e+01	8.02421e-01	1.19906e-05
1.07600e+01	8.02543e-01	1.16296e-05
1.07700e+01	8.02664e-01	1.12758e-05
1.07800e+01	8.02782e-01	1.09293e-05
1.07900e+01	8.02898e-01	1.05900e-05
1.08000e+01	8.03012e-01	1.02577e-05
1.08100e+01	8.03125e-01	9.93241e-06
1.08200e+01	8.03235e-01	9.61403e-06
1.08300e+01	8.03344e-01	9.30249e-06
1.08400e+01	8.03450e-01	8.99769e-06
1.08500e+01	8.03554e-01	8.69956e-06
1.08600e+01	8.03657e-01	8.40803e-06
1.08700e+01	8.03758e-01	8.12300e-06
1.08800e+01	8.03857e-01	7.84441e-06
1.08900e+01	8.03953e-01	7.57217e-06
1.09000e+01	8.04049e-01	7.30622e-06
1.09100e+01	8.04142e-01	7.04646e-06
1.09200e+01	8.04233e-01	6.79283e-06
1.09300e+01	8.04323e-01	6.54525e-06
1.09400e+01	8.04410e-01	6.30364e-06
1.09500e+01	8.04496e-01	6.06792e-06
1.09600e+01	8.04580e-01	5.83803e-06
1.09700e+01	8.04662e-01	5.61389e-06
1.09800e+01	8.04743e-01	5.39542e-06
1.09900e+01	8.04822e-01	5.18254e-06
1.10000e+01	8.04899e-01	4.97519e-06
1.10100e+01	8.04974e-01	4.77330e-06
1.10200e+01	8.05047e-01	4.57678e-06
1.10300e+01	8.05119e-01	4.38556e-06
1.10400e+01	8.05189e-01	4.19958e-06
1.10500e+01	8.05258e-01	4.01877e-06
1.10600e+01	8.05324e-01	3.84304e-06
1.10700e+01	8.05390e-01	3.67233e-06
1.10800e+01	8.05453e-01	3.50656e-06
1.10900e+01	8.05515e-01	3.34568e-06
1.11000e+01	8.05575e-01	3.18960e-06
1.11100e+01	8.05634e-01	3.03825e-06
1.11200e+01	8.05691e-01	2.89157e-06
1.11300e+01	8.05746e-01	2.74949e-06
1.11400e+01	8.05800e-01	2.61193e-06
1.11500e+01	8.05852e-01	2.47883e-06
1.11600e+01	8.05903e-01	2.35012e-06
1.11700e+01	8.05952e-01	2.22573e-06
1.11800e+01	8.06000e-01	2.10559e-06
1.11900e+01	8.06046e-01	1.98964e-06
1.12000e+01	8.06091e-01	1.87780e-06
1.12100e+01	8.06135e-01	1.77000e-06
1.12200e+01	8.06176e-01	1.66619e-06
1.12300e+01	8.06217e-01	1.56629e-06
1.12400e+01	8.06256e-01	1.47023e-06
1.12500e+01	8.06294e-01	1.37795e-06
1.12600e+01	8.06330e-01	1.28938e-06
1.12700e+01	8.06365e-01	1.20446e-06
1.12800e+01	8.06398e-01	1.12311e-06
1.12900e+01	8.06431e-01	1.04527e-06
1.13000e+01	8.06462e-01	9.70873e-07
1.13100e+01	8.06491e-01	8.99854e-07
1.13200e+01	8.06520e-01	8.32144e-07
1.13300e+01	8.06547e-01	7.67677e-07
1.13400e+01	8.06573e-01	7.06386e-07
1.13500e+01	8.06597e-01	6.48205e-07
1.13600e+01	8.06621e-01	5.93067e-07
1.13700e+01	8.06643e-01	5.40905e-07
1.13800e+01	8.06664e-01	4.91652e-07
1.13900e+01	8.06684e-01	4.45240e-07
1.14000e+01	8.06703e-01	4.01603e-07
1.14100e+01	8.06721e-01	3.60672e-07
1.14200e+01	8.06738e-01	3.22380e-07
1.14300e+01	8.06753e-01	2.86659e-07
1.14400e+01	8.06768e-01	2.53439e-07
1.14500e+01	8.06781e-01	2.22651e-07
1.14600e+01	8.06794e-01	1.94227e-07
1.14700e+01	8.06805e-01	1.68095e-07
1.14800e+01	8.06816e-01	1.44184e-07
1.14900e+01	8.06826e-01	1.22423e-07
1.15000e+01	8.06835e-01	1.02738e-07
1.15100e+01	8.06843e-01	8.50569e-08
1.15200e+01	8.06850e-01	6.93036e-08
1.15300e+01	8.06856e-01	5.54018e-08
1.15400e+01	8.06862e-01	4.32735e-08
1.15500e+01	8.06866e-01	3.28384e-08
1.15600e+01	8.06870e-01	2.40145e-08
1.15700e+01	8.06874e-01	1.67168e-08
1.15800e+01	8.06876e-01	1.08573e-08
1.15900e+01	8.06879e-01	6.34420e-09
1.16000e+01	8.06880e-01	3.08182e-09
1.16100e+01	8.06881e-01	9.70977e-10
