1.00000e-02	6.00079e-24	4.00000e-02
2.00000e-02	4.20056e-08	4.00000e-02
3.00000e-02	1.56021e-07	3.99992e-02
4.00000e-02	3.78047e-07	3.99979e-02
5.00000e-02	7.44082e-07	3.99962e-02
6.00000e-02	1.29012e-06	3.99939e-02
7.00000e-02	2.05214e-06	3.99913e-02
8.00000e-02	3.06612e-06	3.99881e-02
9.00000e-02	4.36802e-06	3.99846e-02
1.00000e-01	5.99380e-06	3.99805e-02
1.10000e-01	7.97938e-06	3.99761e-02
1.20000e-01	1.03607e-05	3.99711e-02
1.30000e-01	1.31737e-05	3.99658e-02
1.40000e-01	1.64541e-05	3.99600e-02
1.50000e-01	2.02380e-05	3.99537e-02
1.60000e-01	2.45611e-05	3.99470e-02
1.70000e-01	2.94592e-05	3.99398e-02
1.80000e-01	3.49681e-05	3.99322e-02
1.90000e-01	4.11236e-05	3.99242e-02
2.00000e-01	4.79615e-05	3.99157e-02
2.10000e-01	5.55173e-05	3.99067e-02
2.20000e-01	6.38269e-05	3.98973e-02
2.30000e-01	7.29257e-05	3.98875e-02
2.40000e-01	8.28495e-05	3.98772e-02
2.50000e-01	9.36337e-05	3.98665e-02
2.60000e-01	1.05314e-04	3.98553e-02
2.70000e-01	1.17926e-04	3.98437e-02
2.80000e-01	1.31504e-04	3.98317e-02
2.90000e-01	1.46085e-04	3.98192e-02
3.00000e-01	1.61704e-04	3.98062e-02
3.10000e-01	1.78395e-04	3.97929e-02
3.20000e-01	1.96195e-04	3.97790e-02
3.30000e-01	2.15138e-04	3.97648e-02
3.40000e-01	2.35260e-04	3.97500e-02
3.50000e-01	2.56595e-04	3.97349e-02
3.60000e-01	2.79179e-04	3.97193e-02
3.70000e-01	3.03046e-04	3.97033e-02
3.80000e-01	3.28232e-04	3.96868e-02
3.90000e-01	3.54772e-04	3.96699e-02
4.00000e-01	3.82699e-04	3.96525e-02
4.10000e-01	4.12050e-04	3.96347e-02
4.20000e-01	4.42858e-04	3.96165e-02
4.30000e-01	4.75158e-04	3.95978e-02
4.40000e-01	5.08985e-04	3.95787e-02
4.50000e-01	5.44373e-04	3.95592e-02
4.60000e-01	5.81357e-04	3.95392e-02
4.70000e-01	6.19971e-04	3.95188e-02
4.80000e-01	6.60248e-04	3.94980e-02
4.90000e-01	7.02224e-04	3.94767e-02
5.00000e-01	7.45932e-04	3.94550e-02
5.10000e-01	7.91406e-04	3.94328e-02
5.20000e-01	8.38681e-04	3.94102e-02
5.30000e-01	8.87789e-04	3.93872e-02
5.40000e-01	9.38766e-04	3.93638e-02
5.50000e-01	9.91643e-04	3.93399e-02
5.60000e-01	1.04646e-03	3.93156e-02
5.70000e-01	1.10324e-03	3.92909e-02
5.80000e-01	1.16202e-03	3.92657e-02
5.90000e-01	1.22284e-03	3.92401e-02
6.00000e-01	1.28573e-03	3.92141e-02
6.10000e-01	1.35071e-03	3.91877e-02
6.20000e-01	1.41784e-03	3.91608e-02
6.30000e-01	1.48713e-03	3.91335e-02
6.40000e-01	1.55862e-03	3.91058e-02
6.50000e-01	1.63234e-03	3.90776e-02
6.60000e-01	1.70833e-03	3.90491e-02
6.70000e-01	1.78661e-03	3.90201e-02
6.80000e-01	1.86723e-03	3.89907e-02
6.90000e-01	1.95021e-03	3.89608e-02
7.00000e-01	2.03558e-03	3.89306e-02
7.10000e-01	2.12339e-03	3.88999e-02
7.20000e-01	2.21365e-03	3.88688e-02
7.30000e-01	2.30640e-03	3.88373e-02
7.40000e-01	2.40167e-03	3.88054e-02
7.50000e-01	2.49950e-03	3.87731e-02
7.60000e-01	2.59991e-03	3.87403e-02
7.70000e-01	2.70294e-03	3.87071e-02
7.80000e-01	2.80861e-03	3.86736e-02
7.90000e-01	2.91697e-03	3.86396e-02
8.00000e-01	3.02804e-03	3.86052e-02
8.10000e-01	3.14184e-03	3.85704e-02
8.20000e-01	3.25842e-03	3.85352e-02
8.30000e-01	3.37780e-03	3.84995e-02
8.40000e-01	3.50002e-03	3.84635e-02
8.50000e-01	3.62509e-03	3.84271e-02
8.60000e-01	3.75306e-03	3.83902e-02
8.70000e-01	3.88396e-03	3.83530e-02
8.80000e-01	4.01780e-03	3.83153e-02
8.90000e-01	4.15463e-03	3.82773e-02
9.00000e-01	4.29447e-03	3.82388e-02
9.10000e-01	4.43736e-03	3.82000e-02
9.20000e-01	4.58331e-03	3.81607e-02
9.30000e-01	4.73237e-03	3.81211e-02
9.40000e-01	4.88456e-03	3.80810e-02
9.50000e-01	5.03990e-03	3.80406e-02
9.60000e-01	5.19844e-03	3.79997e-02
9.70000e-01	5.36019e-03	3.79585e-02
9.80000e-01	5.52518e-03	3.79169e-02
9.90000e-01	5.69345e-03	3.78749e-02
1.00000e+00	5.86502e-03	3.78325e-02
1.01000e+00	6.03992e-03	3.77897e-02
1.02000e+00	6.21817e-03	3.77465e-02
1.03000e+00	6.39981e-03	3.77029e-02
1.04000e+00	6.58487e-03	3.76590e-02
1.05000e+00	6.77336e-03	3.76146e-02
1.06000e+00	6.96532e-03	3.75699e-02
1.07000e+00	7.16077e-03	3.75248e-02
1.08000e+00	7.35975e-03	3.74793e-02
1.09000e+00	7.56227e-03	3.74335e-02
1.10000e+00	7.76837e-03	3.73872e-02
1.11000e+00	7.97807e-03	3.73406e-02
1.12000e+00	8.19139e-03	3.72936e-02
1.13000e+00	8.40837e-03	3.72463e-02
1.14000e+00	8.62903e-03	3.71986e-02
1.15000e+00	8.85339e-03	3.71504e-02
1.16000e+00	9.08149e-03	3.71020e-02
1.17000e+00	9.31334e-03	3.70531e-02
1.18000e+00	9.54897e-03	3.70039e-02
1.19000e+00	9.78840e-03	3.69543e-02
1.20000e+00	1.00317e-02	3.69044e-02
1.21000e+00	1.02788e-02	3.68541e-02
1.22000e+00	1.05298e-02	3.68034e-02
1.23000e+00	1.07847e-02	3.67524e-02
1.24000e+00	1.10435e-02	3.67010e-02
1.25000e+00	1.13063e-02	3.66493e-02
1.26000e+00	1.15731e-02	3.65972e-02
1.27000e+00	1.18439e-02	3.65447e-02
1.28000e+00	1.21187e-02	3.64919e-02
1.29000e+00	1.23975e-02	3.64388e-02
1.30000e+00	1.26804e-02	3.63853e-02
1.31000e+00	1.29674e-02	3.63314e-02
1.32000e+00	1.32585e-02	3.62772e-02
1.33000e+00	1.35538e-02	3.62226e-02
1.34000e+00	1.38532e-02	3.61677e-02
1.35000e+00	1.41568e-02	3.61125e-02
1.36000e+00	1.44646e-02	3.60569e-02
1.37000e+00	1.47766e-02	3.60010e-02
1.38000e+00	1.50928e-02	3.59447e-02
1.39000e+00	1.54134e-02	3.58882e-02
1.40000e+00	1.57382e-02	3.58312e-02
1.41000e+00	1.60673e-02	3.57740e-02
1.42000e+00	1.64008e-02	3.57164e-02
1.43000e+00	1.67386e-02	3.56584e-02
1.44000e+00	1.70808e-02	3.56002e-02
1.45000e+00	1.74274e-02	3.55416e-02
1.46000e+00	1.77784e-02	3.54827e-02
1.47000e+00	1.81338e-02	3.54235e-02
1.48000e+00	1.84937e-02	3.53639e-02
1.49000e+00	1.88580e-02	3.53040e-02
1.50000e+00	1.92269e-02	3.52438e-02
1.51000e+00	1.96002e-02	3.51833e-02
1.52000e+00	1.99781e-02	3.51225e-02
1.53000e+00	2.03605e-02	3.50614e-02
1.54000e+00	2.07475e-02	3.49999e-02
1.55000e+00	2.11390e-02	3.49381e-02
1.56000e+00	2.15352e-02	3.48761e-02
1.57000e+00	2.19360e-02	3.48137e-02
1.58000e+00	2.23414e-02	3.47510e-02
1.59000e+00	2.27514e-02	3.46880e-02
1.60000e+00	2.31661e-02	3.46247e-02
1.61000e+00	2.35856e-02	3.45611e-02
1.62000e+00	2.40097e-02	3.44972e-02
1.63000e+00	2.44385e-02	3.44330e-02
1.64000e+00	2.48721e-02	3.43685e-02
1.65000e+00	2.53104e-02	3.43038e-02
1.66000e+00	2.57534e-02	3.42387e-02
1.67000e+00	2.62013e-02	3.41733e-02
1.68000e+00	2.66539e-02	3.41077e-02
1.69000e+00	2.71114e-02	3.40417e-02
1.70000e+00	2.75737e-02	3.39755e-02
1.71000e+00	2.80408e-02	3.39090e-02
1.72000e+00	2.85128e-02	3.38422e-02
1.73000e+00	2.89896e-02	3.37752e-02
1.74000e+00	2.94714e-02	3.37078e-02
1.75000e+00	2.99580e-02	3.36402e-02
1.76000e+00	3.04495e-02	3.35723e-02
1.77000e+00	3.09460e-02	3.35041e-02
1.78000e+00	3.14473e-02	3.34357e-02
1.79000e+00	3.19537e-02	3.33670e-02
1.80000e+00	3.24650e-02	3.32980e-02
1.81000e+00	3.29812e-02	3.32288e-02
1.82000e+00	3.35025e-02	3.31593e-02
1.83000e+00	3.40287e-02	3.30896e-02
1.84000e+00	3.45600e-02	3.30195e-02
1.85000e+00	3.50962e-02	3.29493e-02
1.86000e+00	3.56375e-02	3.28787e-02
1.87000e+00	3.61839e-02	3.28080e-02
1.88000e+00	3.67353e-02	3.27369e-02
1.89000e+00	3.72917e-02	3.26657e-02
1.90000e+00	3.78532e-02	3.25941e-02
1.91000e+00	3.84198e-02	3.25224e-02
1.92000e+00	3.89915e-02	3.24503e-02
1.93000e+00	3.95683e-02	3.23781e-02
1.94000e+00	4.01502e-02	3.23056e-02
1.95000e+00	4.07372e-02	3.22329e-02
1.96000e+00	4.13294e-02	3.21599e-02
1.97000e+00	4.19267e-02	3.20867e-02
1.98000e+00	4.25291e-02	3.20132e-02
1.99000e+00	4.31367e-02	3.19396e-02
2.00000e+00	4.37494e-02	3.18657e-02
2.01000e+00	4.43673e-02	3.17916e-02
2.02000e+00	4.49904e-02	3.17172e-02
2.03000e+00	4.56187e-02	3.16427e-02
2.04000e+00	4.62521e-02	3.15679e-02
2.05000e+00	4.68908e-02	3.14929e-02
2.06000e+00	4.75346e-02	3.14177e-02
2.07000e+00	4.81837e-02	3.13422e-02
2.08000e+00	4.88379e-02	3.12666e-02
2.09000e+00	4.94974e-02	3.11908e-02
2.10000e+00	5.01621e-02	3.11147e-02
2.11000e+00	5.08321e-02	3.10384e-02
2.12000e+00	5.15072e-02	3.09620e-02
2.13000e+00	5.21876e-02	3.08853e-02
2.14000e+00	5.28733e-02	3.08084e-02
2.15000e+00	5.35642e-02	3.07314e-02
2.16000e+00	5.42603e-02	3.06541e-02
2.17000e+00	5.49617e-02	3.05767e-02
2.18000e+00	5.56684e-02	3.04990e-02
2.19000e+00	5.63803e-02	3.04212e-02
2.20000e+00	5.70975e-02	3.03432e-02
2.21000e+00	5.78200e-02	3.02650e-02
2.22000e+00	5.85477e-02	3.01866e-02
2.23000e+00	5.92807e-02	3.01080e-02
2.24000e+00	6.00190e-02	3.00293e-02
2.25000e+00	6.07626e-02	2.99503e-02
2.26000e+00	6.15114e-02	2.98713e-02
2.27000e+00	6.22655e-02	2.97920e-02
2.28000e+00	6.30249e-02	2.97125e-02
2.29000e+00	6.37896e-02	2.96329e-02
2.30000e+00	6.45595e-02	2.95532e-02
2.31000e+00	6.53347e-02	2.94732e-02
2.32000e+00	6.61152e-02	2.93931e-02
2.33000e+00	6.69010e-02	2.93129e-02
2.34000e+00	6.76921e-02	2.92325e-02
2.35000e+00	6.84885e-02	2.91519e-02
2.36000e+00	6.92901e-02	2.90712e-02
2.37000e+00	7.00970e-02	2.89903e-02
2.38000e+00	7.09092e-02	2.89093e-02
2.39000e+00	7.17267e-02	2.88281e-02
2.40000e+00	7.25494e-02	2.87468e-02
2.41000e+00	7.33774e-02	2.86653e-02
2.42000e+00	7.42107e-02	2.85837e-02
2.43000e+00	7.50493e-02	2.85020e-02
2.44000e+00	7.58931e-02	2.84201e-02
2.45000e+00	7.67422e-02	2.83381e-02
2.46000e+00	7.75965e-02	2.82560e-02
2.47000e+00	7.84561e-02	2.81737e-02
2.48000e+00	7.93209e-02	2.80913e-02
2.49000e+00	8.01910e-02	2.80088e-02
2.50000e+00	8.10663e-02	2.79262e-02
2.51000e+00	8.19469e-02	2.78434e-02
2.52000e+00	8.28327e-02	2.77605e-02
2.53000e+00	8.37237e-02	2.76775e-02
2.54000e+00	8.46200e-02	2.75944e-02
2.55000e+00	8.55214e-02	2.75112e-02
2.56000e+00	8.64281e-02	2.74279e-02
2.57000e+00	8.73400e-02	2.73444e-02
2.58000e+00	8.82571e-02	2.72609e-02
2.59000e+00	8.91794e-02	2.71772e-02
2.60000e+00	9.01068e-02	2.70935e-02
2.61000e+00	9.10395e-02	2.70096e-02
2.62000e+00	9.19773e-02	2.69257e-02
2.63000e+00	9.29203e-02	2.68416e-02
2.64000e+00	9.38684e-02	2.67575e-02
2.65000e+00	9.48217e-02	2.66732e-02
2.66000e+00	9.57802e-02	2.65889e-02
2.67000e+00	9.67438e-02	2.65045e-02
2.68000e+00	9.77125e-02	2.64200e-02
2.69000e+00	9.86863e-02	2.63355e-02
2.70000e+00	9.96652e-02	2.62508e-02
2.71000e+00	1.00649e-01	2.61661e-02
2.72000e+00	1.01638e-01	2.60813e-02
2.73000e+00	1.02633e-01	2.59964e-02
2.74000e+00	1.03632e-01	2.59114e-02
2.75000e+00	1.04636e-01	2.58264e-02
2.76000e+00	1.05646e-01	2.57413e-02
2.77000e+00	1.06660e-01	2.56562e-02
2.78000e+00	1.07680e-01	2.55710e-02
2.79000e+00	1.08704e-01	2.54857e-02
2.80000e+00	1.09734e-01	2.54004e-02
2.81000e+00	1.10768e-01	2.53150e-02
2.82000e+00	1.11808e-01	2.52295e-02
2.83000e+00	1.12852e-01	2.51440e-02
2.84000e+00	1.13901e-01	2.50585e-02
2.85000e+00	1.14956e-01	2.49729e-02
2.86000e+00	1.16015e-01	2.48873e-02
2.87000e+00	1.17079e-01	2.48016e-02
2.88000e+00	1.18148e-01	2.47159e-02
2.89000e+00	1.19223e-01	2.46301e-02
2.90000e+00	1.20301e-01	2.45443e-02
2.91000e+00	1.21385e-01	2.44585e-02
2.92000e+00	1.22474e-01	2.43726e-02
2.93000e+00	1.23567e-01	2.42867e-02
2.94000e+00	1.24666e-01	2.42008e-02
2.95000e+00	1.25769e-01	2.41148e-02
2.96000e+00	1.26877e-01	2.40288e-02
2.97000e+00	1.27990e-01	2.39428e-02
2.98000e+00	1.29107e-01	2.38568e-02
2.99000e+00	1.30230e-01	2.37708e-02
3.00000e+00	1.31357e-01	2.36847e-02
3.01000e+00	1.32488e-01	2.35986e-02
3.02000e+00	1.33625e-01	2.35126e-02
3.03000e+00	1.34766e-01	2.34265e-02
3.04000e+00	1.35912e-01	2.33404e-02
3.05000e+00	1.37062e-01	2.32543e-02
3.06000e+00	1.38218e-01	2.31681e-02
3.07000e+00	1.39377e-01	2.30820e-02
3.08000e+00	1.40542e-01	2.29959e-02
3.09000e+00	1.41711e-01	2.29098e-02
3.10000e+00	1.42884e-01	2.28237e-02
3.11000e+00	1.44063e-01	2.27376e-02
3.12000e+00	1.45245e-01	2.26515e-02
3.13000e+00	1.46433e-01	2.25655e-02
3.14000e+00	1.47624e-01	2.24794e-02
3.15000e+00	1.48821e-01	2.23934e-02
3.16000e+00	1.50021e-01	2.23073e-02
3.17000e+00	1.51226e-01	2.22213e-02
3.18000e+00	1.52436e-01	2.21353e-02
3.19000e+00	1.53650e-01	2.20494e-02
3.20000e+00	1.54868e-01	2.19634e-02
3.21000e+00	1.56091e-01	2.18775e-02
3.22000e+00	1.57318e-01	2.17916e-02
3.23000e+00	1.58550e-01	2.17058e-02
3.24000e+00	1.59786e-01	2.16199e-02
3.25000e+00	1.61026e-01	2.15341e-02
3.26000e+00	1.62270e-01	2.14484e-02
3.27000e+00	1.63519e-01	2.13627e-02
3.28000e+00	1.64772e-01	2.12770e-02
3.29000e+00	1.66029e-01	2.11914e-02
3.30000e+00	1.67290e-01	2.11058e-02
3.31000e+00	1.68556e-01	2.10203e-02
3.32000e+00	1.69825e-01	2.09348e-02
3.33000e+00	1.71099e-01	2.08493e-02
3.34000e+00	1.72377e-01	2.07639e-02
3.35000e+00	1.73659e-01	2.06786e-02
3.36000e+00	1.74945e-01	2.05933e-02
3.37000e+00	1.76235e-01	2.05081e-02
3.38000e+00	1.77529e-01	2.04230e-02
3.39000e+00	1.78827e-01	2.03379e-02
3.40000e+00	1.80129e-01	2.02528e-02
3.41000e+00	1.81435e-01	2.01679e-02
3.42000e+00	1.82745e-01	2.00830e-02
3.43000e+00	1.84059e-01	1.99982e-02
3.44000e+00	1.85377e-01	1.99134e-02
3.45000e+00	1.86699e-01	1.98287e-02
3.46000e+00	1.88024e-01	1.97441e-02
3.47000e+00	1.89353e-01	1.96596e-02
3.48000e+00	1.90686e-01	1.95751e-02
3.49000e+00	1.92023e-01	1.94908e-02
3.50000e+00	1.93364e-01	1.94065e-02
3.51000e+00	1.94708e-01	1.93223e-02
3.52000e+00	1.96056e-01	1.92382e-02
3.53000e+00	1.97408e-01	1.91541e-02
3.54000e+00	1.98763e-01	1.90702e-02
3.55000e+00	2.00122e-01	1.89863e-02
3.56000e+00	2.01485e-01	1.89026e-02
3.57000e+00	2.02851e-01	1.88189e-02
3.58000e+00	2.04221e-01	1.87354e-02
3.59000e+00	2.05594e-01	1.86519e-02
3.60000e+00	2.06971e-01	1.85685e-02
3.61000e+00	2.08351e-01	1.84853e-02
3.62000e+00	2.09735e-01	1.84021e-02
3.63000e+00	2.11122e-01	1.83190e-02
3.64000e+00	2.12512e-01	1.82361e-02
3.65000e+00	2.13906e-01	1.81532e-02
3.66000e+00	2.15303e-01	1.80705e-02
3.67000e+00	2.16704e-01	1.79879e-02
3.68000e+00	2.18108e-01	1.79054e-02
3.69000e+00	2.19515e-01	1.78230e-02
3.70000e+00	2.20925e-01	1.77407e-02
3.71000e+00	2.22339e-01	1.76586e-02
3.72000e+00	2.23755e-01	1.75765e-02
3.73000e+00	2.25175e-01	1.74946e-02
3.74000e+00	2.26598e-01	1.74129e-02
3.75000e+00	2.28024e-01	1.73312e-02
3.76000e+00	2.29454e-01	1.72497e-02
3.77000e+00	2.30886e-01	1.71682e-02
3.78000e+00	2.32321e-01	1.70870e-02
3.79000e+00	2.33759e-01	1.70058e-02
3.80000e+00	2.35201e-01	1.69248e-02
3.81000e+00	2.36645e-01	1.68439e-02
3.82000e+00	2.38092e-01	1.67632e-02
3.83000e+00	2.39542e-01	1.66826e-02
3.84000e+00	2.40995e-01	1.66021e-02
3.85000e+00	2.42450e-01	1.65218e-02
3.86000e+00	2.43909e-01	1.64416e-02
3.87000e+00	2.45370e-01	1.63616e-02
3.88000e+00	2.46834e-01	1.62817e-02
3.89000e+00	2.48301e-01	1.62019e-02
3.90000e+00	2.49770e-01	1.61223e-02
3.91000e+00	2.51242e-01	1.60428e-02
3.92000e+00	2.52717e-01	1.59635e-02
3.93000e+00	2.54194e-01	1.58844e-02
3.94000e+00	2.55674e-01	1.58054e-02
3.95000e+00	2.57156e-01	1.57266e-02
3.96000e+00	2.58641e-01	1.56479e-02
3.97000e+00	2.60129e-01	1.55693e-02
3.98000e+00	2.61618e-01	1.54910e-02
3.99000e+00	2.63111e-01	1.54128e-02
4.00000e+00	2.64605e-01	1.53347e-02
4.01000e+00	2.66102e-01	1.52568e-02
4.02000e+00	2.67602e-01	1.51791e-02
4.03000e+00	2.69104e-01	1.51016e-02
4.04000e+00	2.70608e-01	1.50242e-02
4.05000e+00	2.72114e-01	1.49469e-02
4.06000e+00	2.73622e-01	1.48699e-02
4.07000e+00	2.75133e-01	1.47930e-02
4.08000e+00	2.76646e-01	1.47163e-02
4.09000e+00	2.78161e-01	1.46398e-02
4.10000e+00	2.79678e-01	1.45634e-02
4.11000e+00	2.81197e-01	1.44872e-02
4.12000e+00	2.82718e-01	1.44112e-02
4.13000e+00	2.84241e-01	1.43354e-02
4.14000e+00	2.85766e-01	1.42598e-02
4.15000e+00	2.87293e-01	1.41843e-02
4.16000e+00	2.88822e-01	1.41090e-02
4.17000e+00	2.90353e-01	1.40339e-02
4.18000e+00	2.91886e-01	1.39590e-02
4.19000e+00	2.93421e-01	1.38842e-02
4.20000e+00	2.94957e-01	1.38097e-02
4.21000e+00	2.96495e-01	1.37353e-02
4.22000e+00	2.98035e-01	1.36612e-02
4.23000e+00	2.99577e-01	1.35872e-02
4.24000e+00	3.01120e-01	1.35134e-02
4.25000e+00	3.02665e-01	1.34398e-02
4.26000e+00	3.04212e-01	1.33664e-02
4.27000e+00	3.05760e-01	1.32932e-02
4.28000e+00	3.07310e-01	1.32201e-02
4.29000e+00	3.08861e-01	1.31473e-02
4.30000e+00	3.10414e-01	1.30747e-02
4.31000e+00	3.11968e-01	1.30023e-02
4.32000e+00	3.13524e-01	1.29300e-02
4.33000e+00	3.15081e-01	1.28580e-02
4.34000e+00	3.16639e-01	1.27862e-02
4.35000e+00	3.18199e-01	1.27145e-02
4.36000e+00	3.19760e-01	1.26431e-02
4.37000e+00	3.21323e-01	1.25719e-02
4.38000e+00	3.22886e-01	1.25009e-02
4.39000e+00	3.24451e-01	1.24301e-02
4.40000e+00	3.26017e-01	1.23595e-02
4.41000e+00	3.27584e-01	1.22891e-02
4.42000e+00	3.29153e-01	1.22189e-02
4.43000e+00	3.30722e-01	1.21489e-02
4.44000e+00	3.32293e-01	1.20791e-02
4.45000e+00	3.33864e-01	1.20095e-02
4.46000e+00	3.35437e-01	1.19402e-02
4.47000e+00	3.37010e-01	1.18710e-02
4.48000e+00	3.38585e-01	1.18021e-02
4.49000e+00	3.40160e-01	1.17334e-02
4.50000e+00	3.41737e-01	1.16649e-02
4.51000e+00	3.43314e-01	1.15966e-02
4.52000e+00	3.44892e-01	1.15285e-02
4.53000e+00	3.46470e-01	1.14607e-02
4.54000e+00	3.48050e-01	1.13931e-02
4.55000e+00	3.49630e-01	1.13256e-02
4.56000e+00	3.51211e-01	1.12584e-02
4.57000e+00	3.52793e-01	1.11915e-02
4.58000e+00	3.54375e-01	1.11247e-02
4.59000e+00	3.55958e-01	1.10582e-02
4.60000e+00	3.57541e-01	1.09918e-02
4.61000e+00	3.59125e-01	1.09258e-02
4.62000e+00	3.60710e-01	1.08599e-02
4.63000e+00	3.62295e-01	1.07942e-02
4.64000e+00	3.63880e-01	1.07288e-02
4.65000e+00	3.65466e-01	1.06636e-02
4.66000e+00	3.67053e-01	1.05986e-02
4.67000e+00	3.68639e-01	1.05339e-02
4.68000e+00	3.70226e-01	1.04693e-02
4.69000e+00	3.71813e-01	1.04050e-02
4.70000e+00	3.73401e-01	1.03410e-02
4.71000e+00	3.74989e-01	1.02771e-02
4.72000e+00	3.76577e-01	1.02135e-02
4.73000e+00	3.78165e-01	1.01501e-02
4.74000e+00	3.79753e-01	1.00870e-02
4.75000e+00	3.81342e-01	1.00240e-02
4.76000e+00	3.82930e-01	9.96134e-03
4.77000e+00	3.84519e-01	9.89887e-03
4.78000e+00	3.86108e-01	9.83663e-03
4.79000e+00	3.87696e-01	9.77462e-03
4.80000e+00	3.89285e-01	9.71285e-03
4.81000e+00	3.90874e-01	9.65131e-03
4.82000e+00	3.92462e-01	9.58999e-03
4.83000e+00	3.94051e-01	9.52892e-03
4.84000e+00	3.95639e-01	9.46807e-03
4.85000e+00	3.97227e-01	9.40746e-03
4.86000e+00	3.98815e-01	9.34708e-03
4.87000e+00	4.00402e-01	9.28694e-03
4.88000e+00	4.01990e-01	9.22703e-03
4.89000e+00	4.03577e-01	9.16736e-03
4.90000e+00	4.05164e-01	9.10792e-03
4.91000e+00	4.06750e-01	9.04872e-03
4.92000e+00	4.08336e-01	8.98975e-03
4.93000e+00	4.09922e-01	8.93102e-03
4.94000e+00	4.11507e-01	8.87252e-03
4.95000e+00	4.13092e-01	8.81426e-03
4.96000e+00	4.14676e-01	8.75624e-03
4.97000e+00	4.16260e-01	8.69846e-03
4.98000e+00	4.17843e-01	8.64091e-03
4.99000e+00	4.19426e-01	8.58360e-03
5.00000e+00	4.21008e-01	8.52652e-03
5.01000e+00	4.22589e-01	8.46969e-03
5.02000e+00	4.24170e-01	8.41309e-03
5.03000e+00	4.25750e-01	8.35673e-03
5.04000e+00	4.27329e-01	8.30061e-03
5.05000e+00	4.28907e-01	8.24472e-03
5.06000e+00	4.30485e-01	8.18908e-03
5.07000e+00	4.32062e-01	8.13367e-03
5.08000e+00	4.33638e-01	8.07850e-03
5.09000e+00	4.35213e-01	8.02357e-03
5.10000e+00	4.36788e-01	7.96888e-03
5.11000e+00	4.38361e-01	7.91443e-03
5.12000e+00	4.39934e-01	7.86021e-03
5.13000e+00	4.41505e-01	7.80624e-03
5.14000e+00	4.43076e-01	7.75250e-03
5.15000e+00	4.44645e-01	7.69900e-03
5.16000e+00	4.46214e-01	7.64575e-03
5.17000e+00	4.47781e-01	7.59273e-03
5.18000e+00	4.49347e-01	7.53995e-03
5.19000e+00	4.50912e-01	7.48741e-03
5.20000e+00	4.52476e-01	7.43510e-03
5.21000e+00	4.54039e-01	7.38304e-03
5.22000e+00	4.55601e-01	7.33122e-03
5.23000e+00	4.57161e-01	7.27963e-03
5.24000e+00	4.58720e-01	7.22828e-03
5.25000e+00	4.60278e-01	7.17717e-03
5.26000e+00	4.61834e-01	7.12630e-03
5.27000e+00	4.63389e-01	7.07567e-03
5.28000e+00	4.64943e-01	7.02528e-03
5.29000e+00	4.66495e-01	6.97513e-03
5.30000e+00	4.68046e-01	6.92521e-03
5.31000e+00	4.69595e-01	6.87553e-03
5.32000e+00	4.71143e-01	6.82609e-03
5.33000e+00	4.72690e-01	6.77689e-03
5.34000e+00	4.74235e-01	6.72792e-03
5.35000e+00	4.75778e-01	6.67919e-03
5.36000e+00	4.77320e-01	6.63070e-03
5.37000e+00	4.78860e-01	6.58245e-03
5.38000e+00	4.80398e-01	6.53443e-03
5.39000e+00	4.81935e-01	6.48665e-03
5.40000e+00	4.83471e-01	6.43910e-03
5.41000e+00	4.85004e-01	6.39180e-03
5.42000e+00	4.86536e-01	6.34472e-03
5.43000e+00	4.88066e-01	6.29789e-03
5.44000e+00	4.89594e-01	6.25129e-03
5.45000e+00	4.91121e-01	6.20492e-03
5.46000e+00	4.92645e-01	6.15879e-03
5.47000e+00	4.94168e-01	6.11290e-03
5.48000e+00	4.95689e-01	6.06723e-03
5.49000e+00	4.97208e-01	6.02181e-03
5.50000e+00	4.98725e-01	5.97661e-03
5.51000e+00	5.00240e-01	5.93165e-03
5.52000e+00	5.01753e-01	5.88693e-03
5.53000e+00	5.03264e-01	5.84243e-03
5.54000e+00	5.04773e-01	5.79817e-03
5.55000e+00	5.06280e-01	5.75414e-03
5.56000e+00	5.07786e-01	5.71034e-03
5.57000e+00	5.09288e-01	5.66678e-03
5.58000e+00	5.10789e-01	5.62344e-03
5.59000e+00	5.12288e-01	5.58034e-03
5.60000e+00	5.13785e-01	5.53747e-03
5.61000e+00	5.15279e-01	5.49482e-03
5.62000e+00	5.16771e-01	5.45241e-03
5.63000e+00	5.18261e-01	5.41022e-03
5.64000e+00	5.19749e-01	5.36827e-03
5.65000e+00	5.21234e-01	5.32654e-03
5.66000e+00	5.22718e-01	5.28504e-03
5.67000e+00	5.24198e-01	5.24377e-03
5.68000e+00	5.25677e-01	5.20273e-03
5.69000e+00	5.27153e-01	5.16191e-03
5.70000e+00	5.28627e-01	5.12132e-03
5.71000e+00	5.30098e-01	5.08095e-03
5.72000e+00	5.31567e-01	5.04081e-03
5.73000e+00	5.33034e-01	5.00090e-03
5.74000e+00	5.34498e-01	4.96120e-03
5.75000e+00	5.35960e-01	4.92174e-03
5.76000e+00	5.37419e-01	4.88249e-03
5.77000e+00	5.38876e-01	4.84347e-03
5.78000e+00	5.40330e-01	4.80468e-03
5.79000e+00	5.41781e-01	4.76610e-03
5.80000e+00	5.43230e-01	4.72775e-03
5.81000e+00	5.44676e-01	4.68961e-03
5.82000e+00	5.46120e-01	4.65170e-03
5.83000e+00	5.47561e-01	4.61401e-03
5.84000e+00	5.49000e-01	4.57653e-03
5.85000e+00	5.50436e-01	4.53928e-03
5.86000e+00	5.51869e-01	4.50224e-03
5.87000e+00	5.53299e-01	4.46543e-03
5.88000e+00	5.54727e-01	4.42882e-03
5.89000e+00	5.56151e-01	4.39244e-03
5.90000e+00	5.57574e-01	4.35627e-03
5.91000e+00	5.58993e-01	4.32032e-03
5.92000e+00	5.60409e-01	4.28458e-03
5.93000e+00	5.61823e-01	4.24906e-03
5.94000e+00	5.63234e-01	4.21375e-03
5.95000e+00	5.64642e-01	4.17865e-03
5.96000e+00	5.66047e-01	4.14377e-03
5.97000e+00	5.67449e-01	4.10909e-03
5.98000e+00	5.68848e-01	4.07463e-03
5.99000e+00	5.70245e-01	4.04038e-03
6.00000e+00	5.71638e-01	4.00634e-03
6.01000e+00	5.73029e-01	3.97251e-03
6.02000e+00	5.74416e-01	3.93889e-03
6.03000e+00	5.75800e-01	3.90548e-03
6.04000e+00	5.77182e-01	3.87228e-03
6.05000e+00	5.78560e-01	3.83928e-03
6.06000e+00	5.79935e-01	3.80649e-03
6.07000e+00	5.81308e-01	3.77390e-03
6.08000e+00	5.82677e-01	3.74152e-03
6.09000e+00	5.84043e-01	3.70934e-03
6.10000e+00	5.85406e-01	3.67737e-03
6.11000e+00	5.86766e-01	3.64560e-03
6.12000e+00	5.88122e-01	3.61404e-03
6.13000e+00	5.89476e-01	3.58267e-03
6.14000e+00	5.90826e-01	3.55151e-03
6.15000e+00	5.92173e-01	3.52055e-03
6.16000e+00	5.93517e-01	3.48978e-03
6.17000e+00	5.94858e-01	3.45922e-03
6.18000e+00	5.96195e-01	3.42885e-03
6.19000e+00	5.97529e-01	3.39868e-03
6.20000e+00	5.98860e-01	3.36871e-03
6.21000e+00	6.00188e-01	3.33894e-03
6.22000e+00	6.01512e-01	3.30936e-03
6.23000e+00	6.02833e-01	3.27998e-03
6.24000e+00	6.04151e-01	3.25079e-03
6.25000e+00	6.05465e-01	3.22179e-03
6.26000e+00	6.06776e-01	3.19299e-03
6.27000e+00	6.08084e-01	3.16438e-03
6.28000e+00	6.09388e-01	3.13596e-03
6.29000e+00	6.10689e-01	3.10773e-03
6.30000e+00	6.11986e-01	3.07969e-03
6.31000e+00	6.13280e-01	3.05184e-03
6.32000e+00	6.14570e-01	3.02418e-03
6.33000e+00	6.15858e-01	2.99671e-03
6.34000e+00	6.17141e-01	2.96942e-03
6.35000e+00	6.18421e-01	2.94232e-03
6.36000e+00	6.19698e-01	2.91541e-03
6.37000e+00	6.20971e-01	2.88868e-03
6.38000e+00	6.22241e-01	2.86213e-03
6.39000e+00	6.23507e-01	2.83577e-03
6.40000e+00	6.24769e-01	2.80959e-03
6.41000e+00	6.26028e-01	2.78360e-03
6.42000e+00	6.27284e-01	2.75778e-03
6.43000e+00	6.28536e-01	2.73214e-03
6.44000e+00	6.29784e-01	2.70669e-03
6.45000e+00	6.31029e-01	2.68141e-03
6.46000e+00	6.32270e-01	2.65631e-03
6.47000e+00	6.33507e-01	2.63139e-03
6.48000e+00	6.34741e-01	2.60665e-03
6.49000e+00	6.35971e-01	2.58208e-03
6.50000e+00	6.37198e-01	2.55769e-03
6.51000e+00	6.38420e-01	2.53347e-03
6.52000e+00	6.39640e-01	2.50942e-03
6.53000e+00	6.40855e-01	2.48555e-03
6.54000e+00	6.42067e-01	2.46185e-03
6.55000e+00	6.43275e-01	2.43832e-03
6.56000e+00	6.44479e-01	2.41497e-03
6.57000e+00	6.45680e-01	2.39178e-03
6.58000e+00	6.46877e-01	2.36876e-03
6.59000e+00	6.48070e-01	2.34591e-03
6.60000e+00	6.49260e-01	2.32323e-03
6.61000e+00	6.50445e-01	2.30071e-03
6.62000e+00	6.51627e-01	2.27836e-03
6.63000e+00	6.52805e-01	2.25618e-03
6.64000e+00	6.53980e-01	2.23415e-03
6.65000e+00	6.55150e-01	2.21230e-03
6.66000e+00	6.56317e-01	2.19060e-03
6.67000e+00	6.57480e-01	2.16907e-03
6.68000e+00	6.58639e-01	2.14770e-03
6.69000e+00	6.59794e-01	2.12649e-03
6.70000e+00	6.60946e-01	2.10544e-03
6.71000e+00	6.62093e-01	2.08455e-03
6.72000e+00	6.63237e-01	2.06382e-03
6.73000e+00	6.64377e-01	2.04325e-03
6.74000e+00	6.65513e-01	2.02283e-03
6.75000e+00	6.66645e-01	2.00257e-03
6.76000e+00	6.67773e-01	1.98246e-03
6.77000e+00	6.68897e-01	1.96251e-03
6.78000e+00	6.70018e-01	1.94271e-03
6.79000e+00	6.71134e-01	1.92306e-03
6.80000e+00	6.72247e-01	1.90357e-03
6.81000e+00	6.73355e-01	1.88423e-03
6.82000e+00	6.74460e-01	1.86503e-03
6.83000e+00	6.75561e-01	1.84599e-03
6.84000e+00	6.76658e-01	1.82710e-03
6.85000e+00	6.77751e-01	1.80835e-03
6.86000e+00	6.78840e-01	1.78976e-03
6.87000e+00	6.79925e-01	1.77131e-03
6.88000e+00	6.81006e-01	1.75300e-03
6.89000e+00	6.82083e-01	1.73484e-03
6.90000e+00	6.83156e-01	1.71683e-03
6.91000e+00	6.84225e-01	1.69896e-03
6.92000e+00	6.85290e-01	1.68123e-03
6.93000e+00	6.86351e-01	1.66364e-03
6.94000e+00	6.87408e-01	1.64620e-03
6.95000e+00	6.88461e-01	1.62889e-03
6.96000e+00	6.89510e-01	1.61173e-03
6.97000e+00	6.90556e-01	1.59470e-03
6.98000e+00	6.91597e-01	1.57782e-03
6.99000e+00	6.92634e-01	1.56107e-03
7.00000e+00	6.93667e-01	1.54446e-03
7.01000e+00	6.94696e-01	1.52798e-03
7.02000e+00	6.95721e-01	1.51164e-03
7.03000e+00	6.96741e-01	1.49543e-03
7.04000e+00	6.97758e-01	1.47936e-03
7.05000e+00	6.98771e-01	1.46342e-03
7.06000e+00	6.99780e-01	1.44761e-03
7.07000e+00	7.00784e-01	1.43193e-03
7.08000e+00	7.01785e-01	1.41639e-03
7.09000e+00	7.02782e-01	1.40097e-03
7.10000e+00	7.03774e-01	1.38569e-03
7.11000e+00	7.04763e-01	1.37053e-03
7.12000e+00	7.05747e-01	1.35550e-03
7.13000e+00	7.06727e-01	1.34060e-03
7.14000e+00	7.07703e-01	1.32582e-03
7.15000e+00	7.08675e-01	1.31117e-03
7.16000e+00	7.09643e-01	1.29664e-03
7.17000e+00	7.10607e-01	1.28224e-03
7.18000e+00	7.11567e-01	1.26796e-03
7.19000e+00	7.12523e-01	1.25380e-03
7.20000e+00	7.13475e-01	1.23977e-03
7.21000e+00	7.14422e-01	1.22586e-03
7.22000e+00	7.15366e-01	1.21206e-03
7.23000e+00	7.16305e-01	1.19839e-03
7.24000e+00	7.17240e-01	1.18484e-03
7.25000e+00	7.18171e-01	1.17140e-03
7.26000e+00	7.19098e-01	1.15808e-03
7.27000e+00	7.20021e-01	1.14488e-03
7.28000e+00	7.20940e-01	1.13179e-03
7.29000e+00	7.21855e-01	1.11882e-03
7.30000e+00	7.22765e-01	1.10597e-03
7.31000e+00	7.23672e-01	1.09322e-03
7.32000e+00	7.24574e-01	1.08060e-03
7.33000e+00	7.25472e-01	1.06808e-03
7.34000e+00	7.26367e-01	1.05568e-03
7.35000e+00	7.27257e-01	1.04338e-03
7.36000e+00	7.28142e-01	1.03120e-03
7.37000e+00	7.29024e-01	1.01913e-03
7.38000e+00	7.29902e-01	1.00716e-03
7.39000e+00	7.30775e-01	9.95305e-04
7.40000e+00	7.31645e-01	9.83557e-04
7.41000e+00	7.32510e-01	9.71915e-04
7.42000e+00	7.33371e-01	9.60380e-04
7.43000e+00	7.34228e-01	9.48950e-04
7.44000e+00	7.35081e-01	9.37625e-04
7.45000e+00	7.35930e-01	9.26404e-04
7.46000e+00	7.36775e-01	9.15287e-04
7.47000e+00	7.37615e-01	9.04272e-04
7.48000e+00	7.38452e-01	8.93360e-04
7.49000e+00	7.39284e-01	8.82549e-04
7.50000e+00	7.40112e-01	8.71838e-04
7.51000e+00	7.40936e-01	8.61228e-04
7.52000e+00	7.41756e-01	8.50717e-04
7.53000e+00	7.42572e-01	8.40305e-04
7.54000e+00	7.43384e-01	8.29991e-04
7.55000e+00	7.44192e-01	8.19775e-04
7.56000e+00	7.44995e-01	8.09655e-04
7.57000e+00	7.45794e-01	7.99631e-04
7.58000e+00	7.46590e-01	7.89703e-04
7.59000e+00	7.47381e-01	7.79870e-04
7.60000e+00	7.48168e-01	7.70130e-04
7.61000e+00	7.48951e-01	7.60485e-04
7.62000e+00	7.49730e-01	7.50932e-04
7.63000e+00	7.50505e-01	7.41471e-04
7.64000e+00	7.51275e-01	7.32102e-04
7.65000e+00	7.52042e-01	7.22824e-04
7.66000e+00	7.52805e-01	7.13637e-04
7.67000e+00	7.53563e-01	7.04538e-04
7.68000e+00	7.54317e-01	6.95529e-04
7.69000e+00	7.55068e-01	6.86609e-04
7.70000e+00	7.55814e-01	6.77776e-04
7.71000e+00	7.56556e-01	6.69031e-04
7.72000e+00	7.57294e-01	6.60372e-04
7.73000e+00	7.58028e-01	6.51798e-04
7.74000e+00	7.58758e-01	6.43311e-04
7.75000e+00	7.59483e-01	6.34908e-04
7.76000e+00	7.60205e-01	6.26589e-04
7.77000e+00	7.60923e-01	6.18353e-04
7.78000e+00	7.61636e-01	6.10201e-04
7.79000e+00	7.62346e-01	6.02131e-04
7.80000e+00	7.63052e-01	5.94142e-04
7.81000e+00	7.63753e-01	5.86235e-04
7.82000e+00	7.64450e-01	5.78408e-04
7.83000e+00	7.65144e-01	5.70661e-04
7.84000e+00	7.65833e-01	5.62993e-04
7.85000e+00	7.66518e-01	5.55404e-04
7.86000e+00	7.67200e-01	5.47894e-04
7.87000e+00	7.67877e-01	5.40460e-04
7.88000e+00	7.68550e-01	5.33104e-04
7.89000e+00	7.69219e-01	5.25825e-04
7.90000e+00	7.69884e-01	5.18621e-04
7.91000e+00	7.70546e-01	5.11492e-04
7.92000e+00	7.71203e-01	5.04438e-04
7.93000e+00	7.71856e-01	4.97459e-04
7.94000e+00	7.72505e-01	4.90553e-04
7.95000e+00	7.73150e-01	4.83720e-04
7.96000e+00	7.73791e-01	4.76959e-04
7.97000e+00	7.74429e-01	4.70270e-04
7.98000e+00	7.75062e-01	4.63653e-04
7.99000e+00	7.75691e-01	4.57107e-04
8.00000e+00	7.76316e-01	4.50630e-04
8.01000e+00	7.76938e-01	4.44224e-04
8.02000e+00	7.77555e-01	4.37887e-04
8.03000e+00	7.78169e-01	4.31618e-04
8.04000e+00	7.78778e-01	4.25418e-04
8.05000e+00	7.79384e-01	4.19285e-04
8.06000e+00	7.79985e-01	4.13219e-04
8.07000e+00	7.80583e-01	4.07220e-04
8.08000e+00	7.81177e-01	4.01286e-04
8.09000e+00	7.81766e-01	3.95419e-04
8.10000e+00	7.82352e-01	3.89616e-04
8.11000e+00	7.82934e-01	3.83877e-04
8.12000e+00	7.83513e-01	3.78203e-04
8.13000e+00	7.84087e-01	3.72592e-04
8.14000e+00	7.84657e-01	3.67044e-04
8.15000e+00	7.85223e-01	3.61558e-04
8.16000e+00	7.85786e-01	3.56134e-04
8.17000e+00	7.86345e-01	3.50772e-04
8.18000e+00	7.86900e-01	3.45471e-04
8.19000e+00	7.87451e-01	3.40230e-04
8.20000e+00	7.87998e-01	3.35048e-04
8.21000e+00	7.88541e-01	3.29927e-04
8.22000e+00	7.89080e-01	3.24864e-04
8.23000e+00	7.89616e-01	3.19860e-04
8.24000e+00	7.90148e-01	3.14913e-04
8.25000e+00	7.90676e-01	3.10025e-04
8.26000e+00	7.91200e-01	3.05193e-04
8.27000e+00	7.91720e-01	3.00418e-04
8.28000e+00	7.92237e-01	2.95699e-04
8.29000e+00	7.92750e-01	2.91035e-04
8.30000e+00	7.93259e-01	2.86427e-04
8.31000e+00	7.93764e-01	2.81873e-04
8.32000e+00	7.94265e-01	2.77373e-04
8.33000e+00	7.94763e-01	2.72928e-04
8.34000e+00	7.95257e-01	2.68535e-04
8.35000e+00	7.95747e-01	2.64196e-04
8.36000e+00	7.96233e-01	2.59909e-04
8.37000e+00	7.96716e-01	2.55673e-04
8.38000e+00	7.97195e-01	2.51490e-04
8.39000e+00	7.97670e-01	2.47357e-04
8.40000e+00	7.98142e-01	2.43275e-04
8.41000e+00	7.98610e-01	2.39243e-04
8.42000e+00	7.99074e-01	2.35261e-04
8.43000e+00	7.99535e-01	2.31328e-04
8.44000e+00	7.99991e-01	2.27444e-04
8.45000e+00	8.00445e-01	2.23609e-04
8.46000e+00	8.00894e-01	2.19822e-04
8.47000e+00	8.01340e-01	2.16082e-04
8.48000e+00	8.01782e-01	2.12389e-04
8.49000e+00	8.02221e-01	2.08744e-04
8.50000e+00	8.02656e-01	2.05144e-04
8.51000e+00	8.03087e-01	2.01591e-04
8.52000e+00	8.03515e-01	1.98083e-04
8.53000e+00	8.03939e-01	1.94620e-04
8.54000e+00	8.04359e-01	1.91202e-04
8.55000e+00	8.04776e-01	1.87828e-04
8.56000e+00	8.05190e-01	1.84498e-04
8.57000e+00	8.05600e-01	1.81212e-04
8.58000e+00	8.06006e-01	1.77969e-04
8.59000e+00	8.06408e-01	1.74769e-04
8.60000e+00	8.06808e-01	1.71611e-04
8.61000e+00	8.07203e-01	1.68494e-04
8.62000e+00	8.07595e-01	1.65420e-04
8.63000e+00	8.07984e-01	1.62387e-04
8.64000e+00	8.08369e-01	1.59394e-04
8.65000e+00	8.08751e-01	1.56442e-04
8.66000e+00	8.09129e-01	1.53530e-04
8.67000e+00	8.09504e-01	1.50658e-04
8.68000e+00	8.09875e-01	1.47825e-04
8.69000e+00	8.10243e-01	1.45031e-04
8.70000e+00	8.10607e-01	1.42275e-04
8.71000e+00	8.10968e-01	1.39558e-04
8.72000e+00	8.11325e-01	1.36878e-04
8.73000e+00	8.11679e-01	1.34236e-04
8.74000e+00	8.12030e-01	1.31632e-04
8.75000e+00	8.12377e-01	1.29064e-04
8.76000e+00	8.12721e-01	1.26532e-04
8.77000e+00	8.13062e-01	1.24037e-04
8.78000e+00	8.13399e-01	1.21577e-04
8.79000e+00	8.13733e-01	1.19152e-04
8.80000e+00	8.14063e-01	1.16763e-04
8.81000e+00	8.14390e-01	1.14408e-04
8.82000e+00	8.14714e-01	1.12088e-04
8.83000e+00	8.15035e-01	1.09802e-04
8.84000e+00	8.15352e-01	1.07549e-04
8.85000e+00	8.15666e-01	1.05330e-04
8.86000e+00	8.15976e-01	1.03144e-04
8.87000e+00	8.16284e-01	1.00990e-04
8.88000e+00	8.16588e-01	9.88693e-05
8.89000e+00	8.16889e-01	9.67802e-05
8.90000e+00	8.17186e-01	9.47229e-05
8.91000e+00	8.17481e-01	9.26970e-05
8.92000e+00	8.17772e-01	9.07021e-05
8.93000e+00	8.18060e-01	8.87381e-05
8.94000e+00	8.18345e-01	8.68045e-05
8.95000e+00	8.18626e-01	8.49011e-05
8.96000e+00	8.18905e-01	8.30275e-05
8.97000e+00	8.19180e-01	8.11835e-05
8.98000e+00	8.19452e-01	7.93686e-05
8.99000e+00	8.19721e-01	7.75828e-05
9.00000e+00	8.19987e-01	7.58255e-05
9.01000e+00	8.20250e-01	7.40966e-05
9.02000e+00	8.20510e-01	7.23957e-05
9.03000e+00	8.20766e-01	7.07226e-05
9.04000e+00	8.21020e-01	6.90769e-05
9.05000e+00	8.21270e-01	6.74583e-05
9.06000e+00	8.21518e-01	6.58667e-05
9.07000e+00	8.21762e-01	6.43016e-05
9.08000e+00	8.22003e-01	6.27628e-05
9.09000e+00	8.22242e-01	6.12500e-05
9.10000e+00	8.22477e-01	5.97630e-05
9.11000e+00	8.22709e-01	5.83014e-05
9.12000e+00	8.22939e-01	5.68650e-05
9.13000e+00	8.23165e-01	5.54535e-05
9.14000e+00	8.23389e-01	5.40667e-05
9.15000e+00	8.23609e-01	5.27042e-05
9.16000e+00	8.23827e-01	5.13658e-05
9.17000e+00	8.24041e-01	5.00512e-05
9.18000e+00	8.24253e-01	4.87602e-05
9.19000e+00	8.24462e-01	4.74925e-05
9.20000e+00	8.24668e-01	4.62478e-05
9.21000e+00	8.24871e-01	4.50259e-05
9.22000e+00	8.25072e-01	4.38265e-05
9.23000e+00	8.25269e-01	4.26494e-05
9.24000e+00	8.25464e-01	4.14942e-05
9.25000e+00	8.25656e-01	4.03609e-05
9.26000e+00	8.25845e-01	3.92490e-05
9.27000e+00	8.26031e-01	3.81584e-05
9.28000e+00	8.26214e-01	3.70887e-05
9.29000e+00	8.26395e-01	3.60399e-05
9.30000e+00	8.26573e-01	3.50115e-05
9.31000e+00	8.26748e-01	3.40035e-05
9.32000e+00	8.26921e-01	3.30154e-05
9.33000e+00	8.27091e-01	3.20472e-05
9.34000e+00	8.27258e-01	3.10985e-05
9.35000e+00	8.27422e-01	3.01691e-05
9.36000e+00	8.27584e-01	2.92588e-05
9.37000e+00	8.27744e-01	2.83674e-05
9.38000e+00	8.27900e-01	2.74946e-05
9.39000e+00	8.28054e-01	2.66402e-05
9.40000e+00	8.28205e-01	2.58039e-05
9.41000e+00	8.28354e-01	2.49856e-05
9.42000e+00	8.28500e-01	2.41850e-05
9.43000e+00	8.28644e-01	2.34019e-05
9.44000e+00	8.28785e-01	2.26361e-05
9.45000e+00	8.28924e-01	2.18873e-05
9.46000e+00	8.29060e-01	2.11553e-05
9.47000e+00	8.29193e-01	2.04400e-05
9.48000e+00	8.29324e-01	1.97411e-05
9.49000e+00	8.29453e-01	1.90583e-05
9.50000e+00	8.29579e-01	1.83915e-05
9.51000e+00	8.29703e-01	1.77405e-05
9.52000e+00	8.29824e-01	1.71050e-05
9.53000e+00	8.29943e-01	1.64849e-05
9.54000e+00	8.30060e-01	1.58799e-05
9.55000e+00	8.30174e-01	1.52898e-05
9.56000e+00	8.30286e-01	1.47145e-05
9.57000e+00	8.30395e-01	1.41537e-05
9.58000e+00	8.30502e-01	1.36072e-05
9.59000e+00	8.30607e-01	1.30748e-05
9.60000e+00	8.30710e-01	1.25564e-05
9.61000e+00	8.30810e-01	1.20517e-05
9.62000e+00	8.30908e-01	1.15605e-05
9.63000e+00	8.31004e-01	1.10826e-05
9.64000e+00	8.31098e-01	1.06179e-05
9.65000e+00	8.31189e-01	1.01662e-05
9.66000e+00	8.31278e-01	9.72717e-06
9.67000e+00	8.31365e-01	9.30074e-06
9.68000e+00	8.31450e-01	8.88668e-06
9.69000e+00	8.31533e-01	8.48481e-06
9.70000e+00	8.31613e-01	8.09494e-06
9.71000e+00	8.31692e-01	7.71689e-06
9.72000e+00	8.31768e-01	7.35047e-06
9.73000e+00	8.31843e-01	6.99550e-06
9.74000e+00	8.31915e-01	6.65180e-06
9.75000e+00	8.31985e-01	6.31919e-06
9.76000e+00	8.32054e-01	5.99748e-06
9.77000e+00	8.32120e-01	5.68649e-06
9.78000e+00	8.32184e-01	5.38606e-06
9.79000e+00	8.32247e-01	5.09599e-06
9.80000e+00	8.32307e-01	4.81611e-06
9.81000e+00	8.32366e-01	4.54625e-06
9.82000e+00	8.32422e-01	4.28624e-06
9.83000e+00	8.32477e-01	4.03589e-06
9.84000e+00	8.32530e-01	3.79504e-06
9.85000e+00	8.32581e-01	3.56351e-06
9.86000e+00	8.32631e-01	3.34113e-06
9.87000e+00	8.32678e-01	3.12773e-06
9.88000e+00	8.32724e-01	2.92313e-06
9.89000e+00	8.32768e-01	2.72718e-06
9.90000e+00	8.32810e-01	2.53970e-06
9.91000e+00	8.32851e-01	2.36052e-06
9.92000e+00	8.32890e-01	2.18947e-06
9.93000e+00	8.32927e-01	2.02638e-06
9.94000e+00	8.32963e-01	1.87109e-06
9.95000e+00	8.32997e-01	1.72344e-06
9.96000e+00	8.33030e-01	1.58325e-06
9.97000e+00	8.33060e-01	1.45035e-06
9.98000e+00	8.33090e-01	1.32459e-06
9.99000e+00	8.33118e-01	1.20579e-06
1.00000e+01	8.33144e-01	1.09378e-06
1.00100e+01	8.33169e-01	9.88414e-07
1.00200e+01	8.33193e-01	8.89509e-07
1.00300e+01	8.33215e-01	7.96904e-07
1.00400e+01	8.33236e-01	7.10430e-07
1.00500e+01	8.33255e-01	6.29919e-07
1.00600e+01	8.33273e-01	5.55205e-07
1.00700e+01	8.33290e-01	4.86117e-07
1.00800e+01	8.33305e-01	4.22486e-07
1.00900e+01	8.33320e-01	3.64140e-07
1.01000e+01	8.33333e-01	3.10906e-07
1.01100e+01	8.33345e-01	2.62612e-07
1.01200e+01	8.33356e-01	2.19080e-07
1.01300e+01	8.33365e-01	1.80133e-07
1.01400e+01	8.33374e-01	1.45589e-07
1.01500e+01	8.33382e-01	1.15265e-07
1.01600e+01	8.33388e-01	8.89728e-08
1.01700e+01	8.33394e-01	6.65204e-08
1.01800e+01	8.33399e-01	4.77108e-08
1.01900e+01	8.33403e-01	3.23408e-08
1.02000e+01	8.33406e-01	2.01999e-08
1.02100e+01	8.33408e-01	1.10692e-08
1.02200e+01	8.33410e-01	4.72090e-09
1.02300e+01	8.33411e-01	9.23502e-10
