1.00000e-02	4.04147e-22	8.00000e+00
2.00000e-02	2.82903e-06	8.00000e+00
3.00000e-02	1.05078e-05	7.99589e+00
4.00000e-02	2.54544e-05	7.98910e+00
5.00000e-02	5.00775e-05	7.97985e+00
6.00000e-02	8.67722e-05	7.96821e+00
7.00000e-02	1.37917e-04	7.95419e+00
8.00000e-02	2.05869e-04	7.93783e+00
9.00000e-02	2.92960e-04	7.91913e+00
1.00000e-01	4.01496e-04	7.89811e+00
1.10000e-01	5.33748e-04	7.87478e+00
1.20000e-01	6.91952e-04	7.84915e+00
1.30000e-01	8.78305e-04	7.82124e+00
1.40000e-01	1.09496e-03	7.79106e+00
1.50000e-01	1.34403e-03	7.75863e+00
1.60000e-01	1.62756e-03	7.72397e+00
1.70000e-01	1.94757e-03	7.68709e+00
1.80000e-01	2.30600e-03	7.64801e+00
1.90000e-01	2.70474e-03	7.60677e+00
2.00000e-01	3.14560e-03	7.56337e+00
2.10000e-01	3.63036e-03	7.51785e+00
2.20000e-01	4.16069e-03	7.47024e+00
2.30000e-01	4.73822e-03	7.42055e+00
2.40000e-01	5.36449e-03	7.36882e+00
2.50000e-01	6.04096e-03	7.31507e+00
2.60000e-01	6.76901e-03	7.25935e+00
2.70000e-01	7.54994e-03	7.20168e+00
2.80000e-01	8.38497e-03	7.14209e+00
2.90000e-01	9.27524e-03	7.08063e+00
3.00000e-01	1.02218e-02	7.01734e+00
3.10000e-01	1.12255e-02	6.95224e+00
3.20000e-01	1.22873e-02	6.88538e+00
3.30000e-01	1.34079e-02	6.81681e+00
3.40000e-01	1.45881e-02	6.74657e+00
3.50000e-01	1.58282e-02	6.67470e+00
3.60000e-01	1.71289e-02	6.60126e+00
3.70000e-01	1.84905e-02	6.52628e+00
3.80000e-01	1.99132e-02	6.44982e+00
3.90000e-01	2.13973e-02	6.37193e+00
4.00000e-01	2.29427e-02	6.29266e+00
4.10000e-01	2.45494e-02	6.21207e+00
4.20000e-01	2.62174e-02	6.13021e+00
4.30000e-01	2.79463e-02	6.04714e+00
4.40000e-01	2.97358e-02	5.96292e+00
4.50000e-01	3.15855e-02	5.87761e+00
4.60000e-01	3.34948e-02	5.79127e+00
4.70000e-01	3.54631e-02	5.70396e+00
4.80000e-01	3.74896e-02	5.61574e+00
4.90000e-01	3.95735e-02	5.52669e+00
5.00000e-01	4.17139e-02	5.43685e+00
5.10000e-01	4.39097e-02	5.34632e+00
5.20000e-01	4.61599e-02	5.25514e+00
5.30000e-01	4.84632e-02	5.16339e+00
5.40000e-01	5.08183e-02	5.07114e+00
5.50000e-01	5.32240e-02	4.97846e+00
5.60000e-01	5.56787e-02	4.88542e+00
5.70000e-01	5.81809e-02	4.79209e+00
5.80000e-01	6.07291e-02	4.69854e+00
5.90000e-01	6.33215e-02	4.60485e+00
6.00000e-01	6.59565e-02	4.51109e+00
6.10000e-01	6.86323e-02	4.41733e+00
6.20000e-01	7.13470e-02	4.32364e+00
6.30000e-01	7.40988e-02	4.23010e+00
6.40000e-01	7.68857e-02	4.13678e+00
6.50000e-01	7.97057e-02	4.04374e+00
6.60000e-01	8.25569e-02	3.95107e+00
6.70000e-01	8.54371e-02	3.85883e+00
6.80000e-01	8.83444e-02	3.76709e+00
6.90000e-01	9.12766e-02	3.67591e+00
7.00000e-01	9.42315e-02	3.58538e+00
7.10000e-01	9.72072e-02	3.49554e+00
7.20000e-01	1.00201e-01	3.40647e+00
7.30000e-01	1.03212e-01	3.31823e+00
7.40000e-01	1.06237e-01	3.23088e+00
7.50000e-01	1.09274e-01	3.14448e+00
7.60000e-01	1.12322e-01	3.05908e+00
7.70000e-01	1.15377e-01	2.97475e+00
7.80000e-01	1.18438e-01	2.89152e+00
7.90000e-01	1.21504e-01	2.80946e+00
8.00000e-01	1.24571e-01	2.72860e+00
8.10000e-01	1.27638e-01	2.64899e+00
8.20000e-01	1.30703e-01	2.57068e+00
8.30000e-01	1.33765e-01	2.49370e+00
8.40000e-01	1.36821e-01	2.41809e+00
8.50000e-01	1.39869e-01	2.34387e+00
8.60000e-01	1.42909e-01	2.27109e+00
8.70000e-01	1.45938e-01	2.19975e+00
8.80000e-01	1.48954e-01	2.12990e+00
8.90000e-01	1.51957e-01	2.06154e+00
9.00000e-01	1.54944e-01	1.99470e+00
9.10000e-01	1.57915e-01	1.92938e+00
9.20000e-01	1.60867e-01	1.86561e+00
9.30000e-01	1.63801e-01	1.80337e+00
9.40000e-01	1.66713e-01	1.74269e+00
9.50000e-01	1.69604e-01	1.68355e+00
9.60000e-01	1.72473e-01	1.62597e+00
9.70000e-01	1.75318e-01	1.56993e+00
9.80000e-01	1.78138e-01	1.51542e+00
9.90000e-01	1.80933e-01	1.46245e+00
1.00000e+00	1.83701e-01	1.41099e+00
1.01000e+00	1.86443e-01	1.36104e+00
1.02000e+00	1.89157e-01	1.31257e+00
1.03000e+00	1.91843e-01	1.26558e+00
1.04000e+00	1.94500e-01	1.22003e+00
1.05000e+00	1.97129e-01	1.17591e+00
1.06000e+00	1.99727e-01	1.13319e+00
1.07000e+00	2.02296e-01	1.09186e+00
1.08000e+00	2.04834e-01	1.05188e+00
1.09000e+00	2.07343e-01	1.01323e+00
1.10000e+00	2.09820e-01	9.75873e-01
1.11000e+00	2.12267e-01	9.39791e-01
1.12000e+00	2.14683e-01	9.04951e-01
1.13000e+00	2.17068e-01	8.71324e-01
1.14000e+00	2.19422e-01	8.38878e-01
1.15000e+00	2.21745e-01	8.07583e-01
1.16000e+00	2.24038e-01	7.77408e-01
1.17000e+00	2.26299e-01	7.48322e-01
1.18000e+00	2.28530e-01	7.20293e-01
1.19000e+00	2.30730e-01	6.93292e-01
1.20000e+00	2.32901e-01	6.67286e-01
1.21000e+00	2.35041e-01	6.42245e-01
1.22000e+00	2.37151e-01	6.18139e-01
1.23000e+00	2.39231e-01	5.94938e-01
1.24000e+00	2.41282e-01	5.72612e-01
1.25000e+00	2.43304e-01	5.51132e-01
1.26000e+00	2.45297e-01	5.30469e-01
1.27000e+00	2.47262e-01	5.10595e-01
1.28000e+00	2.49199e-01	4.91483e-01
1.29000e+00	2.51107e-01	4.73105e-01
1.30000e+00	2.52988e-01	4.55435e-01
1.31000e+00	2.54842e-01	4.38448e-01
1.32000e+00	2.56670e-01	4.22118e-01
1.33000e+00	2.58470e-01	4.06421e-01
1.34000e+00	2.60245e-01	3.91334e-01
1.35000e+00	2.61994e-01	3.76834e-01
1.36000e+00	2.63718e-01	3.62897e-01
1.37000e+00	2.65416e-01	3.49504e-01
1.38000e+00	2.67091e-01	3.36632e-01
1.39000e+00	2.68740e-01	3.24261e-01
1.40000e+00	2.70367e-01	3.12373e-01
1.41000e+00	2.71969e-01	3.00947e-01
1.42000e+00	2.73549e-01	2.89967e-01
1.43000e+00	2.75106e-01	2.79414e-01
1.44000e+00	2.76640e-01	2.69271e-01
1.45000e+00	2.78153e-01	2.59522e-01
1.46000e+00	2.79644e-01	2.50151e-01
1.47000e+00	2.81114e-01	2.41143e-01
1.48000e+00	2.82563e-01	2.32484e-01
1.49000e+00	2.83991e-01	2.24160e-01
1.50000e+00	2.85399e-01	2.16156e-01
1.51000e+00	2.86788e-01	2.08461e-01
1.52000e+00	2.88156e-01	2.01061e-01
1.53000e+00	2.89506e-01	1.93945e-01
1.54000e+00	2.90837e-01	1.87101e-01
1.55000e+00	2.92149e-01	1.80519e-01
1.56000e+00	2.93443e-01	1.74187e-01
1.57000e+00	2.94720e-01	1.68095e-01
1.58000e+00	2.95978e-01	1.62235e-01
1.59000e+00	2.97220e-01	1.56596e-01
1.60000e+00	2.98444e-01	1.51169e-01
1.61000e+00	2.99652e-01	1.45947e-01
1.62000e+00	3.00843e-01	1.40920e-01
1.63000e+00	3.02018e-01	1.36081e-01
1.64000e+00	3.03177e-01	1.31422e-01
1.65000e+00	3.04321e-01	1.26936e-01
1.66000e+00	3.05450e-01	1.22617e-01
1.67000e+00	3.06563e-01	1.18457e-01
1.68000e+00	3.07662e-01	1.14450e-01
1.69000e+00	3.08746e-01	1.10590e-01
1.70000e+00	3.09815e-01	1.06871e-01
1.71000e+00	3.10871e-01	1.03288e-01
1.72000e+00	3.11913e-01	9.98355e-02
1.73000e+00	3.12941e-01	9.65077e-02
1.74000e+00	3.13956e-01	9.33000e-02
1.75000e+00	3.14958e-01	9.02077e-02
1.76000e+00	3.15946e-01	8.72263e-02
1.77000e+00	3.16922e-01	8.43515e-02
1.78000e+00	3.17886e-01	8.15791e-02
1.79000e+00	3.18837e-01	7.89052e-02
1.80000e+00	3.19776e-01	7.63258e-02
1.81000e+00	3.20703e-01	7.38374e-02
1.82000e+00	3.21618e-01	7.14365e-02
1.83000e+00	3.22522e-01	6.91196e-02
1.84000e+00	3.23414e-01	6.68836e-02
1.85000e+00	3.24295e-01	6.47255e-02
1.86000e+00	3.25165e-01	6.26421e-02
1.87000e+00	3.26025e-01	6.06308e-02
1.88000e+00	3.26873e-01	5.86887e-02
1.89000e+00	3.27711e-01	5.68133e-02
1.90000e+00	3.28539e-01	5.50021e-02
1.91000e+00	3.29356e-01	5.32526e-02
1.92000e+00	3.30163e-01	5.15625e-02
1.93000e+00	3.30960e-01	4.99298e-02
1.94000e+00	3.31748e-01	4.83521e-02
1.95000e+00	3.32526e-01	4.68276e-02
1.96000e+00	3.33294e-01	4.53541e-02
1.97000e+00	3.34053e-01	4.39300e-02
1.98000e+00	3.34803e-01	4.25533e-02
1.99000e+00	3.35544e-01	4.12224e-02
2.00000e+00	3.36276e-01	3.99355e-02
2.01000e+00	3.36999e-01	3.86911e-02
2.02000e+00	3.37713e-01	3.74877e-02
2.03000e+00	3.38418e-01	3.63237e-02
2.04000e+00	3.39115e-01	3.51979e-02
2.05000e+00	3.39804e-01	3.41087e-02
2.06000e+00	3.40484e-01	3.30550e-02
2.07000e+00	3.41157e-01	3.20354e-02
2.08000e+00	3.41821e-01	3.10488e-02
2.09000e+00	3.42477e-01	3.00939e-02
2.10000e+00	3.43126e-01	2.91698e-02
2.11000e+00	3.43766e-01	2.82752e-02
2.12000e+00	3.44400e-01	2.74093e-02
2.13000e+00	3.45025e-01	2.65709e-02
2.14000e+00	3.45643e-01	2.57592e-02
2.15000e+00	3.46254e-01	2.49732e-02
2.16000e+00	3.46858e-01	2.42120e-02
2.17000e+00	3.47454e-01	2.34749e-02
2.18000e+00	3.48043e-01	2.27609e-02
2.19000e+00	3.48626e-01	2.20692e-02
2.20000e+00	3.49201e-01	2.13993e-02
2.21000e+00	3.49770e-01	2.07502e-02
2.22000e+00	3.50332e-01	2.01213e-02
2.23000e+00	3.50887e-01	1.95119e-02
2.24000e+00	3.51435e-01	1.89215e-02
2.25000e+00	3.51978e-01	1.83492e-02
2.26000e+00	3.52513e-01	1.77946e-02
2.27000e+00	3.53043e-01	1.72571e-02
2.28000e+00	3.53566e-01	1.67360e-02
2.29000e+00	3.54083e-01	1.62309e-02
2.30000e+00	3.54593e-01	1.57412e-02
2.31000e+00	3.55098e-01	1.52665e-02
2.32000e+00	3.55597e-01	1.48062e-02
2.33000e+00	3.56089e-01	1.43599e-02
2.34000e+00	3.56576e-01	1.39271e-02
2.35000e+00	3.57057e-01	1.35074e-02
2.36000e+00	3.57533e-01	1.31003e-02
2.37000e+00	3.58003e-01	1.27055e-02
2.38000e+00	3.58467e-01	1.23226e-02
2.39000e+00	3.58925e-01	1.19512e-02
2.40000e+00	3.59378e-01	1.15909e-02
2.41000e+00	3.59826e-01	1.12414e-02
2.42000e+00	3.60268e-01	1.09024e-02
2.43000e+00	3.60705e-01	1.05734e-02
2.44000e+00	3.61136e-01	1.02543e-02
2.45000e+00	3.61563e-01	9.94460e-03
2.46000e+00	3.61984e-01	9.64412e-03
2.47000e+00	3.62400e-01	9.35255e-03
2.48000e+00	3.62811e-01	9.06961e-03
2.49000e+00	3.63217e-01	8.79504e-03
2.50000e+00	3.63618e-01	8.52857e-03
2.51000e+00	3.64015e-01	8.26996e-03
2.52000e+00	3.64406e-01	8.01897e-03
2.53000e+00	3.64792e-01	7.77537e-03
2.54000e+00	3.65174e-01	7.53893e-03
2.55000e+00	3.65551e-01	7.30943e-03
2.56000e+00	3.65924e-01	7.08666e-03
2.57000e+00	3.66291e-01	6.87042e-03
2.58000e+00	3.66654e-01	6.66051e-03
2.59000e+00	3.67013e-01	6.45675e-03
2.60000e+00	3.67367e-01	6.25894e-03
2.61000e+00	3.67717e-01	6.06691e-03
2.62000e+00	3.68062e-01	5.88049e-03
2.63000e+00	3.68403e-01	5.69951e-03
2.64000e+00	3.68739e-01	5.52381e-03
2.65000e+00	3.69072e-01	5.35323e-03
2.66000e+00	3.69400e-01	5.18762e-03
2.67000e+00	3.69724e-01	5.02684e-03
2.68000e+00	3.70043e-01	4.87074e-03
2.69000e+00	3.70359e-01	4.71918e-03
2.70000e+00	3.70670e-01	4.57204e-03
2.71000e+00	3.70977e-01	4.42917e-03
2.72000e+00	3.71281e-01	4.29047e-03
2.73000e+00	3.71580e-01	4.15580e-03
2.74000e+00	3.71875e-01	4.02505e-03
2.75000e+00	3.72167e-01	3.89811e-03
2.76000e+00	3.72454e-01	3.77486e-03
2.77000e+00	3.72738e-01	3.65520e-03
2.78000e+00	3.73018e-01	3.53902e-03
2.79000e+00	3.73294e-01	3.42623e-03
2.80000e+00	3.73566e-01	3.31673e-03
2.81000e+00	3.73835e-01	3.21043e-03
2.82000e+00	3.74100e-01	3.10722e-03
2.83000e+00	3.74361e-01	3.00703e-03
2.84000e+00	3.74618e-01	2.90977e-03
2.85000e+00	3.74872e-01	2.81535e-03
2.86000e+00	3.75123e-01	2.72369e-03
2.87000e+00	3.75370e-01	2.63472e-03
2.88000e+00	3.75613e-01	2.54836e-03
2.89000e+00	3.75853e-01	2.46453e-03
2.90000e+00	3.76090e-01	2.38317e-03
2.91000e+00	3.76323e-01	2.30420e-03
2.92000e+00	3.76553e-01	2.22755e-03
2.93000e+00	3.76779e-01	2.15317e-03
2.94000e+00	3.77002e-01	2.08099e-03
2.95000e+00	3.77222e-01	2.01094e-03
2.96000e+00	3.77438e-01	1.94296e-03
2.97000e+00	3.77652e-01	1.87701e-03
2.98000e+00	3.77862e-01	1.81301e-03
2.99000e+00	3.78068e-01	1.75093e-03
3.00000e+00	3.78272e-01	1.69069e-03
3.01000e+00	3.78473e-01	1.63226e-03
3.02000e+00	3.78670e-01	1.57558e-03
3.03000e+00	3.78864e-01	1.52060e-03
3.04000e+00	3.79056e-01	1.46727e-03
3.05000e+00	3.79244e-01	1.41556e-03
3.06000e+00	3.79429e-01	1.36541e-03
3.07000e+00	3.79611e-01	1.31678e-03
3.08000e+00	3.79791e-01	1.26963e-03
3.09000e+00	3.79967e-01	1.22392e-03
3.10000e+00	3.80140e-01	1.17960e-03
3.11000e+00	3.80311e-01	1.13665e-03
3.12000e+00	3.80479e-01	1.09501e-03
3.13000e+00	3.80643e-01	1.05467e-03
3.14000e+00	3.80805e-01	1.01557e-03
3.15000e+00	3.80965e-01	9.77683e-04
3.16000e+00	3.81121e-01	9.40980e-04
3.17000e+00	3.81275e-01	9.05426e-04
3.18000e+00	3.81426e-01	8.70989e-04
3.19000e+00	3.81574e-01	8.37637e-04
3.20000e+00	3.81720e-01	8.05342e-04
3.21000e+00	3.81863e-01	7.74073e-04
3.22000e+00	3.82003e-01	7.43802e-04
3.23000e+00	3.82141e-01	7.14502e-04
3.24000e+00	3.82276e-01	6.86146e-04
3.25000e+00	3.82409e-01	6.58707e-04
3.26000e+00	3.82539e-01	6.32160e-04
3.27000e+00	3.82667e-01	6.06481e-04
3.28000e+00	3.82792e-01	5.81645e-04
3.29000e+00	3.82914e-01	5.57629e-04
3.30000e+00	3.83035e-01	5.34410e-04
3.31000e+00	3.83152e-01	5.11966e-04
3.32000e+00	3.83268e-01	4.90275e-04
3.33000e+00	3.83381e-01	4.69316e-04
3.34000e+00	3.83491e-01	4.49070e-04
3.35000e+00	3.83599e-01	4.29515e-04
3.36000e+00	3.83705e-01	4.10633e-04
3.37000e+00	3.83809e-01	3.92404e-04
3.38000e+00	3.83910e-01	3.74811e-04
3.39000e+00	3.84009e-01	3.57835e-04
3.40000e+00	3.84106e-01	3.41459e-04
3.41000e+00	3.84201e-01	3.25667e-04
3.42000e+00	3.84293e-01	3.10441e-04
3.43000e+00	3.84384e-01	2.95765e-04
3.44000e+00	3.84472e-01	2.81625e-04
3.45000e+00	3.84558e-01	2.68004e-04
3.46000e+00	3.84642e-01	2.54888e-04
3.47000e+00	3.84724e-01	2.42262e-04
3.48000e+00	3.84804e-01	2.30113e-04
3.49000e+00	3.84881e-01	2.18426e-04
3.50000e+00	3.84957e-01	2.07188e-04
3.51000e+00	3.85031e-01	1.96387e-04
3.52000e+00	3.85102e-01	1.86009e-04
3.53000e+00	3.85172e-01	1.76042e-04
3.54000e+00	3.85240e-01	1.66475e-04
3.55000e+00	3.85306e-01	1.57294e-04
3.56000e+00	3.85370e-01	1.48490e-04
3.57000e+00	3.85432e-01	1.40050e-04
3.58000e+00	3.85492e-01	1.31964e-04
3.59000e+00	3.85551e-01	1.24222e-04
3.60000e+00	3.85607e-01	1.16812e-04
3.61000e+00	3.85662e-01	1.09725e-04
3.62000e+00	3.85715e-01	1.02952e-04
3.63000e+00	3.85767e-01	9.64818e-05
3.64000e+00	3.85816e-01	9.03059e-05
3.65000e+00	3.85864e-01	8.44150e-05
3.66000e+00	3.85910e-01	7.88003e-05
3.67000e+00	3.85955e-01	7.34531e-05
3.68000e+00	3.85998e-01	6.83650e-05
3.69000e+00	3.86039e-01	6.35276e-05
3.70000e+00	3.86079e-01	5.89330e-05
3.71000e+00	3.86117e-01	5.45733e-05
3.72000e+00	3.86154e-01	5.04407e-05
3.73000e+00	3.86189e-01	4.65279e-05
3.74000e+00	3.86222e-01	4.28275e-05
3.75000e+00	3.86254e-01	3.93323e-05
3.76000e+00	3.86285e-01	3.60354e-05
3.77000e+00	3.86314e-01	3.29299e-05
3.78000e+00	3.86342e-01	3.00093e-05
3.79000e+00	3.86368e-01	2.72669e-05
3.80000e+00	3.86393e-01	2.46964e-05
3.81000e+00	3.86417e-01	2.22916e-05
3.82000e+00	3.86440e-01	2.00464e-05
3.83000e+00	3.86461e-01	1.79548e-05
3.84000e+00	3.86481e-01	1.60109e-05
3.85000e+00	3.86499e-01	1.42091e-05
3.86000e+00	3.86517e-01	1.25438e-05
3.87000e+00	3.86533e-01	1.10094e-05
3.88000e+00	3.86548e-01	9.60049e-06
3.89000e+00	3.86562e-01	8.31186e-06
3.90000e+00	3.86575e-01	7.13828e-06
3.91000e+00	3.86586e-01	6.07461e-06
3.92000e+00	3.86597e-01	5.11582e-06
3.93000e+00	3.86607e-01	4.25695e-06
3.94000e+00	3.86616e-01	3.49308e-06
3.95000e+00	3.86624e-01	2.81938e-06
3.96000e+00	3.86630e-01	2.23104e-06
3.97000e+00	3.86636e-01	1.72330e-06
3.98000e+00	3.86642e-01	1.29143e-06
3.99000e+00	3.86646e-01	9.30689e-07
4.00000e+00	3.86650e-01	6.36347e-07
4.01000e+00	3.86652e-01	4.03642e-07
4.02000e+00	3.86655e-01	2.27765e-07
4.03000e+00	3.86656e-01	1.03851e-07
4.04000e+00	3.86657e-01	2.70292e-08
