1.00000e-02	2.33827e-24	1.00000e-02
2.00000e-02	1.63679e-08	1.00000e-02
3.00000e-02	6.07949e-08	9.99988e-03
4.00000e-02	1.47310e-07	9.99969e-03
5.00000e-02	2.89942e-07	9.99943e-03
6.00000e-02	5.02716e-07	9.99911e-03
7.00000e-02	7.99658e-07	9.99871e-03
8.00000e-02	1.19479e-06	9.99825e-03
9.00000e-02	1.70214e-06	9.99772e-03
1.00000e-01	2.33571e-06	9.99713e-03
1.10000e-01	3.10953e-06	9.99647e-03
1.20000e-01	4.03760e-06	9.99574e-03
1.30000e-01	5.13394e-06	9.99495e-03
1.40000e-01	6.41255e-06	9.99409e-03
1.50000e-01	7.88741e-06	9.99317e-03
1.60000e-01	9.57254e-06	9.99218e-03
1.70000e-01	1.14819e-05	9.99112e-03
1.80000e-01	1.36295e-05	9.99000e-03
1.90000e-01	1.60293e-05	9.98881e-03
2.00000e-01	1.86953e-05	9.98756e-03
2.10000e-01	2.16414e-05	9.98624e-03
2.20000e-01	2.48816e-05	9.98485e-03
2.30000e-01	2.84299e-05	9.98340e-03
2.40000e-01	3.23001e-05	9.98188e-03
2.50000e-01	3.65063e-05	9.98030e-03
2.60000e-01	4.10623e-05	9.97865e-03
2.70000e-01	4.59820e-05	9.97693e-03
2.80000e-01	5.12795e-05	9.97515e-03
2.90000e-01	5.69684e-05	9.97331e-03
3.00000e-01	6.30628e-05	9.97140e-03
3.10000e-01	6.95765e-05	9.96942e-03
3.20000e-01	7.65234e-05	9.96737e-03
3.30000e-01	8.39174e-05	9.96527e-03
3.40000e-01	9.17722e-05	9.96309e-03
3.50000e-01	1.00102e-04	9.96085e-03
3.60000e-01	1.08920e-04	9.95855e-03
3.70000e-01	1.18240e-04	9.95618e-03
3.80000e-01	1.28076e-04	9.95374e-03
3.90000e-01	1.38443e-04	9.95124e-03
4.00000e-01	1.49353e-04	9.94867e-03
4.10000e-01	1.60820e-04	9.94604e-03
4.20000e-01	1.72859e-04	9.94335e-03
4.30000e-01	1.85482e-04	9.94058e-03
4.40000e-01	1.98704e-04	9.93776e-03
4.50000e-01	2.12538e-04	9.93487e-03
4.60000e-01	2.26999e-04	9.93191e-03
4.70000e-01	2.42098e-04	9.92889e-03
4.80000e-01	2.57851e-04	9.92580e-03
4.90000e-01	2.74271e-04	9.92265e-03
5.00000e-01	2.91372e-04	9.91943e-03
5.10000e-01	3.09166e-04	9.91615e-03
5.20000e-01	3.27668e-04	9.91281e-03
5.30000e-01	3.46891e-04	9.90939e-03
5.40000e-01	3.66849e-04	9.90592e-03
5.50000e-01	3.87555e-04	9.90238e-03
5.60000e-01	4.09023e-04	9.89878e-03
5.70000e-01	4.31266e-04	9.89511e-03
5.80000e-01	4.54298e-04	9.89138e-03
5.90000e-01	4.78131e-04	9.88758e-03
6.00000e-01	5.02781e-04	9.88372e-03
6.10000e-01	5.28259e-04	9.87979e-03
6.20000e-01	5.54579e-04	9.87580e-03
6.30000e-01	5.81755e-04	9.87175e-03
6.40000e-01	6.09800e-04	9.86763e-03
6.50000e-01	6.38727e-04	9.86345e-03
6.60000e-01	6.68550e-04	9.85921e-03
6.70000e-01	6.99282e-04	9.85490e-03
6.80000e-01	7.30935e-04	9.85053e-03
6.90000e-01	7.63524e-04	9.84609e-03
7.00000e-01	7.97061e-04	9.84159e-03
7.10000e-01	8.31560e-04	9.83703e-03
7.20000e-01	8.67033e-04	9.83241e-03
7.30000e-01	9.03495e-04	9.82772e-03
7.40000e-01	9.40957e-04	9.82296e-03
7.50000e-01	9.79433e-04	9.81815e-03
7.60000e-01	1.01894e-03	9.81327e-03
7.70000e-01	1.05948e-03	9.80833e-03
7.80000e-01	1.10108e-03	9.80333e-03
7.90000e-01	1.14374e-03	9.79826e-03
8.00000e-01	1.18748e-03	9.79313e-03
8.10000e-01	1.23231e-03	9.78794e-03
8.20000e-01	1.27825e-03	9.78268e-03
8.30000e-01	1.32530e-03	9.77737e-03
8.40000e-01	1.37349e-03	9.77199e-03
8.50000e-01	1.42282e-03	9.76655e-03
8.60000e-01	1.47330e-03	9.76104e-03
8.70000e-01	1.52495e-03	9.75548e-03
8.80000e-01	1.57778e-03	9.74985e-03
8.90000e-01	1.63181e-03	9.74416e-03
9.00000e-01	1.68705e-03	9.73841e-03
9.10000e-01	1.74350e-03	9.73260e-03
9.20000e-01	1.80118e-03	9.72672e-03
9.30000e-01	1.86011e-03	9.72079e-03
9.40000e-01	1.92030e-03	9.71479e-03
9.50000e-01	1.98175e-03	9.70873e-03
9.60000e-01	2.04449e-03	9.70261e-03
9.70000e-01	2.10852e-03	9.69643e-03
9.80000e-01	2.17385e-03	9.69019e-03
9.90000e-01	2.24051e-03	9.68389e-03
1.00000e+00	2.30849e-03	9.67753e-03
1.01000e+00	2.37782e-03	9.67110e-03
1.02000e+00	2.44851e-03	9.66462e-03
1.03000e+00	2.52056e-03	9.65807e-03
1.04000e+00	2.59399e-03	9.65147e-03
1.05000e+00	2.66882e-03	9.64480e-03
1.06000e+00	2.74504e-03	9.63808e-03
1.07000e+00	2.82269e-03	9.63130e-03
1.08000e+00	2.90176e-03	9.62445e-03
1.09000e+00	2.98227e-03	9.61755e-03
1.10000e+00	3.06423e-03	9.61058e-03
1.11000e+00	3.14766e-03	9.60356e-03
1.12000e+00	3.23257e-03	9.59648e-03
1.13000e+00	3.31896e-03	9.58933e-03
1.14000e+00	3.40685e-03	9.58213e-03
1.15000e+00	3.49625e-03	9.57487e-03
1.16000e+00	3.58717e-03	9.56755e-03
1.17000e+00	3.67963e-03	9.56018e-03
1.18000e+00	3.77363e-03	9.55274e-03
1.19000e+00	3.86920e-03	9.54525e-03
1.20000e+00	3.96633e-03	9.53769e-03
1.21000e+00	4.06504e-03	9.53008e-03
1.22000e+00	4.16534e-03	9.52241e-03
1.23000e+00	4.26725e-03	9.51469e-03
1.24000e+00	4.37077e-03	9.50690e-03
1.25000e+00	4.47592e-03	9.49906e-03
1.26000e+00	4.58271e-03	9.49116e-03
1.27000e+00	4.69114e-03	9.48320e-03
1.28000e+00	4.80124e-03	9.47518e-03
1.29000e+00	4.91300e-03	9.46711e-03
1.30000e+00	5.02645e-03	9.45898e-03
1.31000e+00	5.14160e-03	9.45080e-03
1.32000e+00	5.25844e-03	9.44255e-03
1.33000e+00	5.37700e-03	9.43425e-03
1.34000e+00	5.49729e-03	9.42590e-03
1.35000e+00	5.61932e-03	9.41748e-03
1.36000e+00	5.74309e-03	9.40902e-03
1.37000e+00	5.86862e-03	9.40049e-03
1.38000e+00	5.99592e-03	9.39191e-03
1.39000e+00	6.12500e-03	9.38327e-03
1.40000e+00	6.25588e-03	9.37458e-03
1.41000e+00	6.38855e-03	9.36583e-03
1.42000e+00	6.52304e-03	9.35703e-03
1.43000e+00	6.65935e-03	9.34817e-03
1.44000e+00	6.79749e-03	9.33926e-03
1.45000e+00	6.93748e-03	9.33029e-03
1.46000e+00	7.07932e-03	9.32127e-03
1.47000e+00	7.22302e-03	9.31219e-03
1.48000e+00	7.36860e-03	9.30306e-03
1.49000e+00	7.51607e-03	9.29388e-03
1.50000e+00	7.66543e-03	9.28464e-03
1.51000e+00	7.81669e-03	9.27534e-03
1.52000e+00	7.96987e-03	9.26599e-03
1.53000e+00	8.12498e-03	9.25659e-03
1.54000e+00	8.28202e-03	9.24714e-03
1.55000e+00	8.44100e-03	9.23763e-03
1.56000e+00	8.60194e-03	9.22807e-03
1.57000e+00	8.76485e-03	9.21845e-03
1.58000e+00	8.92973e-03	9.20879e-03
1.59000e+00	9.09660e-03	9.19907e-03
1.60000e+00	9.26546e-03	9.18930e-03
1.61000e+00	9.43632e-03	9.17947e-03
1.62000e+00	9.60920e-03	9.16959e-03
1.63000e+00	9.78410e-03	9.15967e-03
1.64000e+00	9.96103e-03	9.14969e-03
1.65000e+00	1.01400e-02	9.13965e-03
1.66000e+00	1.03210e-02	9.12957e-03
1.67000e+00	1.05041e-02	9.11943e-03
1.68000e+00	1.06893e-02	9.10925e-03
1.69000e+00	1.08765e-02	9.09901e-03
1.70000e+00	1.10658e-02	9.08872e-03
1.71000e+00	1.12572e-02	9.07838e-03
1.72000e+00	1.14508e-02	9.06799e-03
1.73000e+00	1.16464e-02	9.05756e-03
1.74000e+00	1.18442e-02	9.04707e-03
1.75000e+00	1.20441e-02	9.03653e-03
1.76000e+00	1.22461e-02	9.02594e-03
1.77000e+00	1.24503e-02	9.01530e-03
1.78000e+00	1.26567e-02	9.00461e-03
1.79000e+00	1.28652e-02	8.99387e-03
1.80000e+00	1.30759e-02	8.98308e-03
1.81000e+00	1.32888e-02	8.97225e-03
1.82000e+00	1.35038e-02	8.96137e-03
1.83000e+00	1.37211e-02	8.95043e-03
1.84000e+00	1.39406e-02	8.93945e-03
1.85000e+00	1.41623e-02	8.92842e-03
1.86000e+00	1.43862e-02	8.91734e-03
1.87000e+00	1.46124e-02	8.90622e-03
1.88000e+00	1.48408e-02	8.89505e-03
1.89000e+00	1.50715e-02	8.88383e-03
1.90000e+00	1.53044e-02	8.87256e-03
1.91000e+00	1.55396e-02	8.86125e-03
1.92000e+00	1.57770e-02	8.84988e-03
1.93000e+00	1.60168e-02	8.83848e-03
1.94000e+00	1.62588e-02	8.82702e-03
1.95000e+00	1.65032e-02	8.81552e-03
1.96000e+00	1.67498e-02	8.80398e-03
1.97000e+00	1.69988e-02	8.79238e-03
1.98000e+00	1.72501e-02	8.78074e-03
1.99000e+00	1.75037e-02	8.76906e-03
2.00000e+00	1.77596e-02	8.75733e-03
2.01000e+00	1.80179e-02	8.74556e-03
2.02000e+00	1.82785e-02	8.73374e-03
2.03000e+00	1.85415e-02	8.72187e-03
2.04000e+00	1.88069e-02	8.70997e-03
2.05000e+00	1.90746e-02	8.69801e-03
2.06000e+00	1.93448e-02	8.68602e-03
2.07000e+00	1.96173e-02	8.67398e-03
2.08000e+00	1.98922e-02	8.66189e-03
2.09000e+00	2.01695e-02	8.64976e-03
2.10000e+00	2.04492e-02	8.63759e-03
2.11000e+00	2.07313e-02	8.62538e-03
2.12000e+00	2.10158e-02	8.61312e-03
2.13000e+00	2.13028e-02	8.60082e-03
2.14000e+00	2.15922e-02	8.58848e-03
2.15000e+00	2.18841e-02	8.57609e-03
2.16000e+00	2.21783e-02	8.56367e-03
2.17000e+00	2.24751e-02	8.55120e-03
2.18000e+00	2.27743e-02	8.53869e-03
2.19000e+00	2.30760e-02	8.52613e-03
2.20000e+00	2.33801e-02	8.51354e-03
2.21000e+00	2.36867e-02	8.50091e-03
2.22000e+00	2.39958e-02	8.48823e-03
2.23000e+00	2.43074e-02	8.47551e-03
2.24000e+00	2.46215e-02	8.46276e-03
2.25000e+00	2.49381e-02	8.44996e-03
2.26000e+00	2.52572e-02	8.43712e-03
2.27000e+00	2.55788e-02	8.42425e-03
2.28000e+00	2.59030e-02	8.41133e-03
2.29000e+00	2.62296e-02	8.39837e-03
2.30000e+00	2.65588e-02	8.38538e-03
2.31000e+00	2.68905e-02	8.37235e-03
2.32000e+00	2.72248e-02	8.35927e-03
2.33000e+00	2.75616e-02	8.34616e-03
2.34000e+00	2.79010e-02	8.33301e-03
2.35000e+00	2.82429e-02	8.31982e-03
2.36000e+00	2.85874e-02	8.30660e-03
2.37000e+00	2.89345e-02	8.29333e-03
2.38000e+00	2.92841e-02	8.28003e-03
2.39000e+00	2.96363e-02	8.26670e-03
2.40000e+00	2.99911e-02	8.25332e-03
2.41000e+00	3.03484e-02	8.23991e-03
2.42000e+00	3.07084e-02	8.22646e-03
2.43000e+00	3.10710e-02	8.21297e-03
2.44000e+00	3.14361e-02	8.19945e-03
2.45000e+00	3.18039e-02	8.18590e-03
2.46000e+00	3.21743e-02	8.17230e-03
2.47000e+00	3.25473e-02	8.15868e-03
2.48000e+00	3.29229e-02	8.14501e-03
2.49000e+00	3.33011e-02	8.13131e-03
2.50000e+00	3.36820e-02	8.11758e-03
2.51000e+00	3.40655e-02	8.10381e-03
2.52000e+00	3.44516e-02	8.09001e-03
2.53000e+00	3.48404e-02	8.07617e-03
2.54000e+00	3.52318e-02	8.06230e-03
2.55000e+00	3.56259e-02	8.04840e-03
2.56000e+00	3.60226e-02	8.03446e-03
2.57000e+00	3.64220e-02	8.02049e-03
2.58000e+00	3.68240e-02	8.00648e-03
2.59000e+00	3.72287e-02	7.99245e-03
2.60000e+00	3.76360e-02	7.97838e-03
2.61000e+00	3.80461e-02	7.96427e-03
2.62000e+00	3.84588e-02	7.95014e-03
2.63000e+00	3.88742e-02	7.93597e-03
2.64000e+00	3.92922e-02	7.92178e-03
2.65000e+00	3.97130e-02	7.90755e-03
2.66000e+00	4.01364e-02	7.89329e-03
2.67000e+00	4.05625e-02	7.87899e-03
2.68000e+00	4.09913e-02	7.86467e-03
2.69000e+00	4.14228e-02	7.85032e-03
2.70000e+00	4.18570e-02	7.83594e-03
2.71000e+00	4.22939e-02	7.82152e-03
2.72000e+00	4.27335e-02	7.80708e-03
2.73000e+00	4.31758e-02	7.79261e-03
2.74000e+00	4.36208e-02	7.77810e-03
2.75000e+00	4.40686e-02	7.76357e-03
2.76000e+00	4.45190e-02	7.74901e-03
2.77000e+00	4.49722e-02	7.73442e-03
2.78000e+00	4.54280e-02	7.71981e-03
2.79000e+00	4.58866e-02	7.70516e-03
2.80000e+00	4.63479e-02	7.69049e-03
2.81000e+00	4.68120e-02	7.67578e-03
2.82000e+00	4.72788e-02	7.66106e-03
2.83000e+00	4.77483e-02	7.64630e-03
2.84000e+00	4.82205e-02	7.63152e-03
2.85000e+00	4.86955e-02	7.61670e-03
2.86000e+00	4.91732e-02	7.60187e-03
2.87000e+00	4.96536e-02	7.58700e-03
2.88000e+00	5.01368e-02	7.57211e-03
2.89000e+00	5.06227e-02	7.55720e-03
2.90000e+00	5.11113e-02	7.54226e-03
2.91000e+00	5.16027e-02	7.52729e-03
2.92000e+00	5.20968e-02	7.51230e-03
2.93000e+00	5.25937e-02	7.49728e-03
2.94000e+00	5.30933e-02	7.48224e-03
2.95000e+00	5.35957e-02	7.46718e-03
2.96000e+00	5.41008e-02	7.45209e-03
2.97000e+00	5.46087e-02	7.43697e-03
2.98000e+00	5.51193e-02	7.42183e-03
2.99000e+00	5.56327e-02	7.40667e-03
3.00000e+00	5.61488e-02	7.39149e-03
3.01000e+00	5.66677e-02	7.37628e-03
3.02000e+00	5.71893e-02	7.36105e-03
3.03000e+00	5.77137e-02	7.34580e-03
3.04000e+00	5.82408e-02	7.33052e-03
3.05000e+00	5.87707e-02	7.31522e-03
3.06000e+00	5.93033e-02	7.29990e-03
3.07000e+00	5.98387e-02	7.28456e-03
3.08000e+00	6.03769e-02	7.26920e-03
3.09000e+00	6.09178e-02	7.25381e-03
3.10000e+00	6.14615e-02	7.23841e-03
3.11000e+00	6.20079e-02	7.22298e-03
3.12000e+00	6.25570e-02	7.20754e-03
3.13000e+00	6.31090e-02	7.19207e-03
3.14000e+00	6.36637e-02	7.17658e-03
3.15000e+00	6.42211e-02	7.16108e-03
3.16000e+00	6.47813e-02	7.14555e-03
3.17000e+00	6.53442e-02	7.13001e-03
3.18000e+00	6.59099e-02	7.11444e-03
3.19000e+00	6.64784e-02	7.09886e-03
3.20000e+00	6.70496e-02	7.08326e-03
3.21000e+00	6.76236e-02	7.06764e-03
3.22000e+00	6.82003e-02	7.05200e-03
3.23000e+00	6.87797e-02	7.03635e-03
3.24000e+00	6.93619e-02	7.02067e-03
3.25000e+00	6.99469e-02	7.00498e-03
3.26000e+00	7.05346e-02	6.98928e-03
3.27000e+00	7.11251e-02	6.97355e-03
3.28000e+00	7.17183e-02	6.95781e-03
3.29000e+00	7.23142e-02	6.94205e-03
3.30000e+00	7.29129e-02	6.92628e-03
3.31000e+00	7.35143e-02	6.91049e-03
3.32000e+00	7.41185e-02	6.89468e-03
3.33000e+00	7.47254e-02	6.87886e-03
3.34000e+00	7.53350e-02	6.86303e-03
3.35000e+00	7.59474e-02	6.84718e-03
3.36000e+00	7.65625e-02	6.83131e-03
3.37000e+00	7.71804e-02	6.81543e-03
3.38000e+00	7.78010e-02	6.79954e-03
3.39000e+00	7.84243e-02	6.78363e-03
3.40000e+00	7.90503e-02	6.76770e-03
3.41000e+00	7.96790e-02	6.75177e-03
3.42000e+00	8.03105e-02	6.73582e-03
3.43000e+00	8.09447e-02	6.71986e-03
3.44000e+00	8.15816e-02	6.70388e-03
3.45000e+00	8.22213e-02	6.68789e-03
3.46000e+00	8.28636e-02	6.67189e-03
3.47000e+00	8.35087e-02	6.65588e-03
3.48000e+00	8.41564e-02	6.63986e-03
3.49000e+00	8.48069e-02	6.62382e-03
3.50000e+00	8.54601e-02	6.60778e-03
3.51000e+00	8.61159e-02	6.59172e-03
3.52000e+00	8.67745e-02	6.57565e-03
3.53000e+00	8.74358e-02	6.55957e-03
3.54000e+00	8.80997e-02	6.54348e-03
3.55000e+00	8.87664e-02	6.52738e-03
3.56000e+00	8.94357e-02	6.51127e-03
3.57000e+00	9.01077e-02	6.49515e-03
3.58000e+00	9.07824e-02	6.47902e-03
3.59000e+00	9.14598e-02	6.46288e-03
3.60000e+00	9.21398e-02	6.44673e-03
3.61000e+00	9.28225e-02	6.43057e-03
3.62000e+00	9.35079e-02	6.41441e-03
3.63000e+00	9.41960e-02	6.39823e-03
3.64000e+00	9.48867e-02	6.38205e-03
3.65000e+00	9.55800e-02	6.36586e-03
3.66000e+00	9.62760e-02	6.34966e-03
3.67000e+00	9.69747e-02	6.33346e-03
3.68000e+00	9.76760e-02	6.31725e-03
3.69000e+00	9.83799e-02	6.30103e-03
3.70000e+00	9.90865e-02	6.28480e-03
3.71000e+00	9.97957e-02	6.26857e-03
3.72000e+00	1.00508e-01	6.25233e-03
3.73000e+00	1.01222e-01	6.23609e-03
3.74000e+00	1.01939e-01	6.21984e-03
3.75000e+00	1.02659e-01	6.20358e-03
3.76000e+00	1.03381e-01	6.18732e-03
3.77000e+00	1.04106e-01	6.17105e-03
3.78000e+00	1.04834e-01	6.15478e-03
3.79000e+00	1.05564e-01	6.13851e-03
3.80000e+00	1.06296e-01	6.12223e-03
3.81000e+00	1.07032e-01	6.10594e-03
3.82000e+00	1.07770e-01	6.08965e-03
3.83000e+00	1.08510e-01	6.07336e-03
3.84000e+00	1.09253e-01	6.05707e-03
3.85000e+00	1.09999e-01	6.04077e-03
3.86000e+00	1.10747e-01	6.02447e-03
3.87000e+00	1.11498e-01	6.00816e-03
3.88000e+00	1.12251e-01	5.99186e-03
3.89000e+00	1.13007e-01	5.97555e-03
3.90000e+00	1.13765e-01	5.95924e-03
3.91000e+00	1.14526e-01	5.94292e-03
3.92000e+00	1.15290e-01	5.92661e-03
3.93000e+00	1.16056e-01	5.91029e-03
3.94000e+00	1.16824e-01	5.89398e-03
3.95000e+00	1.17595e-01	5.87766e-03
3.96000e+00	1.18369e-01	5.86134e-03
3.97000e+00	1.19145e-01	5.84502e-03
3.98000e+00	1.19923e-01	5.82870e-03
3.99000e+00	1.20704e-01	5.81238e-03
4.00000e+00	1.21488e-01	5.79606e-03
4.01000e+00	1.22274e-01	5.77974e-03
4.02000e+00	1.23063e-01	5.76342e-03
4.03000e+00	1.23854e-01	5.74710e-03
4.04000e+00	1.24647e-01	5.73079e-03
4.05000e+00	1.25443e-01	5.71447e-03
4.06000e+00	1.26241e-01	5.69816e-03
4.07000e+00	1.27042e-01	5.68184e-03
4.08000e+00	1.27845e-01	5.66553e-03
4.09000e+00	1.28651e-01	5.64922e-03
4.10000e+00	1.29459e-01	5.63292e-03
4.11000e+00	1.30270e-01	5.61662e-03
4.12000e+00	1.31083e-01	5.60031e-03
4.13000e+00	1.31898e-01	5.58402e-03
4.14000e+00	1.32716e-01	5.56772e-03
4.15000e+00	1.33536e-01	5.55143e-03
4.16000e+00	1.34359e-01	5.53514e-03
4.17000e+00	1.35183e-01	5.51886e-03
4.18000e+00	1.36011e-01	5.50258e-03
4.19000e+00	1.36841e-01	5.48631e-03
4.20000e+00	1.37673e-01	5.47004e-03
4.21000e+00	1.38507e-01	5.45377e-03
4.22000e+00	1.39344e-01	5.43751e-03
4.23000e+00	1.40183e-01	5.42125e-03
4.24000e+00	1.41024e-01	5.40500e-03
4.25000e+00	1.41868e-01	5.38876e-03
4.26000e+00	1.42714e-01	5.37252e-03
4.27000e+00	1.43562e-01	5.35629e-03
4.28000e+00	1.44413e-01	5.34006e-03
4.29000e+00	1.45266e-01	5.32384e-03
4.30000e+00	1.46121e-01	5.30763e-03
4.31000e+00	1.46979e-01	5.29142e-03
4.32000e+00	1.47839e-01	5.27522e-03
4.33000e+00	1.48701e-01	5.25903e-03
4.34000e+00	1.49565e-01	5.24284e-03
4.35000e+00	1.50432e-01	5.22667e-03
4.36000e+00	1.51301e-01	5.21050e-03
4.37000e+00	1.52172e-01	5.19434e-03
4.38000e+00	1.53045e-01	5.17818e-03
4.39000e+00	1.53921e-01	5.16204e-03
4.40000e+00	1.54799e-01	5.14590e-03
4.41000e+00	1.55679e-01	5.12978e-03
4.42000e+00	1.56561e-01	5.11366e-03
4.43000e+00	1.57445e-01	5.09755e-03
4.44000e+00	1.58332e-01	5.08145e-03
4.45000e+00	1.59220e-01	5.06536e-03
4.46000e+00	1.60111e-01	5.04928e-03
4.47000e+00	1.61004e-01	5.03321e-03
4.48000e+00	1.61900e-01	5.01715e-03
4.49000e+00	1.62797e-01	5.00111e-03
4.50000e+00	1.63696e-01	4.98507e-03
4.51000e+00	1.64598e-01	4.96904e-03
4.52000e+00	1.65502e-01	4.95303e-03
4.53000e+00	1.66407e-01	4.93702e-03
4.54000e+00	1.67315e-01	4.92103e-03
4.55000e+00	1.68225e-01	4.90505e-03
4.56000e+00	1.69137e-01	4.88908e-03
4.57000e+00	1.70052e-01	4.87312e-03
4.58000e+00	1.70968e-01	4.85717e-03
4.59000e+00	1.71886e-01	4.84124e-03
4.60000e+00	1.72806e-01	4.82532e-03
4.61000e+00	1.73729e-01	4.80941e-03
4.62000e+00	1.74653e-01	4.79352e-03
4.63000e+00	1.75579e-01	4.77764e-03
4.64000e+00	1.76508e-01	4.76177e-03
4.65000e+00	1.77438e-01	4.74592e-03
4.66000e+00	1.78370e-01	4.73007e-03
4.67000e+00	1.79305e-01	4.71425e-03
4.68000e+00	1.80241e-01	4.69844e-03
4.69000e+00	1.81179e-01	4.68264e-03
4.70000e+00	1.82120e-01	4.66685e-03
4.71000e+00	1.83062e-01	4.65108e-03
4.72000e+00	1.84006e-01	4.63533e-03
4.73000e+00	1.84952e-01	4.61959e-03
4.74000e+00	1.85900e-01	4.60387e-03
4.75000e+00	1.86850e-01	4.58816e-03
4.76000e+00	1.87802e-01	4.57246e-03
4.77000e+00	1.88755e-01	4.55679e-03
4.78000e+00	1.89711e-01	4.54113e-03
4.79000e+00	1.90668e-01	4.52548e-03
4.80000e+00	1.91628e-01	4.50985e-03
4.81000e+00	1.92589e-01	4.49424e-03
4.82000e+00	1.93552e-01	4.47864e-03
4.83000e+00	1.94516e-01	4.46306e-03
4.84000e+00	1.95483e-01	4.44750e-03
4.85000e+00	1.96451e-01	4.43196e-03
4.86000e+00	1.97422e-01	4.41643e-03
4.87000e+00	1.98394e-01	4.40092e-03
4.88000e+00	1.99367e-01	4.38542e-03
4.89000e+00	2.00343e-01	4.36995e-03
4.90000e+00	2.01320e-01	4.35449e-03
4.91000e+00	2.02299e-01	4.33905e-03
4.92000e+00	2.03280e-01	4.32363e-03
4.93000e+00	2.04262e-01	4.30823e-03
4.94000e+00	2.05247e-01	4.29285e-03
4.95000e+00	2.06233e-01	4.27748e-03
4.96000e+00	2.07220e-01	4.26214e-03
4.97000e+00	2.08210e-01	4.24681e-03
4.98000e+00	2.09201e-01	4.23150e-03
4.99000e+00	2.10193e-01	4.21622e-03
5.00000e+00	2.11188e-01	4.20095e-03
5.01000e+00	2.12184e-01	4.18570e-03
5.02000e+00	2.13181e-01	4.17047e-03
5.03000e+00	2.14180e-01	4.15526e-03
5.04000e+00	2.15181e-01	4.14007e-03
5.05000e+00	2.16184e-01	4.12491e-03
5.06000e+00	2.17188e-01	4.10976e-03
5.07000e+00	2.18193e-01	4.09463e-03
5.08000e+00	2.19200e-01	4.07953e-03
5.09000e+00	2.20209e-01	4.06444e-03
5.10000e+00	2.21219e-01	4.04938e-03
5.11000e+00	2.22231e-01	4.03434e-03
5.12000e+00	2.23245e-01	4.01931e-03
5.13000e+00	2.24260e-01	4.00432e-03
5.14000e+00	2.25276e-01	3.98934e-03
5.15000e+00	2.26294e-01	3.97438e-03
5.16000e+00	2.27313e-01	3.95945e-03
5.17000e+00	2.28334e-01	3.94454e-03
5.18000e+00	2.29356e-01	3.92965e-03
5.19000e+00	2.30380e-01	3.91478e-03
5.20000e+00	2.31405e-01	3.89994e-03
5.21000e+00	2.32432e-01	3.88512e-03
5.22000e+00	2.33460e-01	3.87032e-03
5.23000e+00	2.34489e-01	3.85554e-03
5.24000e+00	2.35520e-01	3.84079e-03
5.25000e+00	2.36552e-01	3.82606e-03
5.26000e+00	2.37586e-01	3.81136e-03
5.27000e+00	2.38621e-01	3.79668e-03
5.28000e+00	2.39657e-01	3.78202e-03
5.29000e+00	2.40695e-01	3.76738e-03
5.30000e+00	2.41734e-01	3.75277e-03
5.31000e+00	2.42774e-01	3.73819e-03
5.32000e+00	2.43816e-01	3.72363e-03
5.33000e+00	2.44859e-01	3.70909e-03
5.34000e+00	2.45903e-01	3.69457e-03
5.35000e+00	2.46948e-01	3.68009e-03
5.36000e+00	2.47995e-01	3.66562e-03
5.37000e+00	2.49043e-01	3.65118e-03
5.38000e+00	2.50092e-01	3.63677e-03
5.39000e+00	2.51143e-01	3.62238e-03
5.40000e+00	2.52194e-01	3.60802e-03
5.41000e+00	2.53247e-01	3.59368e-03
5.42000e+00	2.54301e-01	3.57937e-03
5.43000e+00	2.55356e-01	3.56508e-03
5.44000e+00	2.56413e-01	3.55082e-03
5.45000e+00	2.57470e-01	3.53659e-03
5.46000e+00	2.58529e-01	3.52238e-03
5.47000e+00	2.59589e-01	3.50820e-03
5.48000e+00	2.60650e-01	3.49404e-03
5.49000e+00	2.61712e-01	3.47991e-03
5.50000e+00	2.62775e-01	3.46581e-03
5.51000e+00	2.63839e-01	3.45173e-03
5.52000e+00	2.64905e-01	3.43768e-03
5.53000e+00	2.65971e-01	3.42365e-03
5.54000e+00	2.67038e-01	3.40966e-03
5.55000e+00	2.68107e-01	3.39569e-03
5.56000e+00	2.69176e-01	3.38175e-03
5.57000e+00	2.70247e-01	3.36783e-03
5.58000e+00	2.71318e-01	3.35394e-03
5.59000e+00	2.72391e-01	3.34008e-03
5.60000e+00	2.73464e-01	3.32625e-03
5.61000e+00	2.74539e-01	3.31244e-03
5.62000e+00	2.75614e-01	3.29867e-03
5.63000e+00	2.76691e-01	3.28492e-03
5.64000e+00	2.77768e-01	3.27120e-03
5.65000e+00	2.78846e-01	3.25750e-03
5.66000e+00	2.79925e-01	3.24384e-03
5.67000e+00	2.81005e-01	3.23020e-03
5.68000e+00	2.82086e-01	3.21659e-03
5.69000e+00	2.83168e-01	3.20301e-03
5.70000e+00	2.84251e-01	3.18946e-03
5.71000e+00	2.85334e-01	3.17594e-03
5.72000e+00	2.86419e-01	3.16244e-03
5.73000e+00	2.87504e-01	3.14898e-03
5.74000e+00	2.88590e-01	3.13554e-03
5.75000e+00	2.89676e-01	3.12214e-03
5.76000e+00	2.90764e-01	3.10876e-03
5.77000e+00	2.91852e-01	3.09541e-03
5.78000e+00	2.92942e-01	3.08209e-03
5.79000e+00	2.94031e-01	3.06880e-03
5.80000e+00	2.95122e-01	3.05554e-03
5.81000e+00	2.96213e-01	3.04231e-03
5.82000e+00	2.97305e-01	3.02911e-03
5.83000e+00	2.98398e-01	3.01594e-03
5.84000e+00	2.99492e-01	3.00279e-03
5.85000e+00	3.00586e-01	2.98968e-03
5.86000e+00	3.01681e-01	2.97660e-03
5.87000e+00	3.02776e-01	2.96355e-03
5.88000e+00	3.03872e-01	2.95053e-03
5.89000e+00	3.04969e-01	2.93754e-03
5.90000e+00	3.06066e-01	2.92458e-03
5.91000e+00	3.07164e-01	2.91165e-03
5.92000e+00	3.08263e-01	2.89875e-03
5.93000e+00	3.09362e-01	2.88588e-03
5.94000e+00	3.10462e-01	2.87304e-03
5.95000e+00	3.11562e-01	2.86023e-03
5.96000e+00	3.12663e-01	2.84745e-03
5.97000e+00	3.13764e-01	2.83471e-03
5.98000e+00	3.14866e-01	2.82199e-03
5.99000e+00	3.15968e-01	2.80931e-03
6.00000e+00	3.17071e-01	2.79665e-03
6.01000e+00	3.18175e-01	2.78403e-03
6.02000e+00	3.19279e-01	2.77144e-03
6.03000e+00	3.20383e-01	2.75888e-03
6.04000e+00	3.21488e-01	2.74635e-03
6.05000e+00	3.22593e-01	2.73385e-03
6.06000e+00	3.23699e-01	2.72139e-03
6.07000e+00	3.24805e-01	2.70895e-03
6.08000e+00	3.25911e-01	2.69655e-03
6.09000e+00	3.27018e-01	2.68418e-03
6.10000e+00	3.28125e-01	2.67184e-03
6.11000e+00	3.29233e-01	2.65953e-03
6.12000e+00	3.30341e-01	2.64726e-03
6.13000e+00	3.31449e-01	2.63502e-03
6.14000e+00	3.32558e-01	2.62280e-03
6.15000e+00	3.33667e-01	2.61062e-03
6.16000e+00	3.34776e-01	2.59848e-03
6.17000e+00	3.35885e-01	2.58636e-03
6.18000e+00	3.36995e-01	2.57428e-03
6.19000e+00	3.38105e-01	2.56223e-03
6.20000e+00	3.39216e-01	2.55021e-03
6.21000e+00	3.40326e-01	2.53822e-03
6.22000e+00	3.41437e-01	2.52627e-03
6.23000e+00	3.42548e-01	2.51434e-03
6.24000e+00	3.43659e-01	2.50245e-03
6.25000e+00	3.44771e-01	2.49060e-03
6.26000e+00	3.45882e-01	2.47877e-03
6.27000e+00	3.46994e-01	2.46698e-03
6.28000e+00	3.48106e-01	2.45522e-03
6.29000e+00	3.49218e-01	2.44349e-03
6.30000e+00	3.50331e-01	2.43180e-03
6.31000e+00	3.51443e-01	2.42014e-03
6.32000e+00	3.52555e-01	2.40851e-03
6.33000e+00	3.53668e-01	2.39692e-03
6.34000e+00	3.54781e-01	2.38535e-03
6.35000e+00	3.55893e-01	2.37382e-03
6.36000e+00	3.57006e-01	2.36233e-03
6.37000e+00	3.58119e-01	2.35086e-03
6.38000e+00	3.59232e-01	2.33943e-03
6.39000e+00	3.60345e-01	2.32803e-03
6.40000e+00	3.61458e-01	2.31667e-03
6.41000e+00	3.62571e-01	2.30534e-03
6.42000e+00	3.63684e-01	2.29404e-03
6.43000e+00	3.64797e-01	2.28277e-03
6.44000e+00	3.65909e-01	2.27154e-03
6.45000e+00	3.67022e-01	2.26034e-03
6.46000e+00	3.68135e-01	2.24918e-03
6.47000e+00	3.69248e-01	2.23804e-03
6.48000e+00	3.70360e-01	2.22695e-03
6.49000e+00	3.71473e-01	2.21588e-03
6.50000e+00	3.72585e-01	2.20485e-03
6.51000e+00	3.73698e-01	2.19385e-03
6.52000e+00	3.74810e-01	2.18288e-03
6.53000e+00	3.75922e-01	2.17195e-03
6.54000e+00	3.77034e-01	2.16105e-03
6.55000e+00	3.78146e-01	2.15019e-03
6.56000e+00	3.79257e-01	2.13936e-03
6.57000e+00	3.80369e-01	2.12856e-03
6.58000e+00	3.81480e-01	2.11779e-03
6.59000e+00	3.82591e-01	2.10706e-03
6.60000e+00	3.83702e-01	2.09637e-03
6.61000e+00	3.84812e-01	2.08570e-03
6.62000e+00	3.85922e-01	2.07507e-03
6.63000e+00	3.87032e-01	2.06447e-03
6.64000e+00	3.88142e-01	2.05391e-03
6.65000e+00	3.89252e-01	2.04338e-03
6.66000e+00	3.90361e-01	2.03289e-03
6.67000e+00	3.91470e-01	2.02242e-03
6.68000e+00	3.92578e-01	2.01200e-03
6.69000e+00	3.93687e-01	2.00160e-03
6.70000e+00	3.94795e-01	1.99124e-03
6.71000e+00	3.95902e-01	1.98091e-03
6.72000e+00	3.97009e-01	1.97062e-03
6.73000e+00	3.98116e-01	1.96036e-03
6.74000e+00	3.99223e-01	1.95013e-03
6.75000e+00	4.00329e-01	1.93994e-03
6.76000e+00	4.01434e-01	1.92978e-03
6.77000e+00	4.02540e-01	1.91966e-03
6.78000e+00	4.03644e-01	1.90957e-03
6.79000e+00	4.04749e-01	1.89951e-03
6.80000e+00	4.05853e-01	1.88948e-03
6.81000e+00	4.06956e-01	1.87949e-03
6.82000e+00	4.08059e-01	1.86954e-03
6.83000e+00	4.09161e-01	1.85962e-03
6.84000e+00	4.10263e-01	1.84973e-03
6.85000e+00	4.11365e-01	1.83987e-03
6.86000e+00	4.12466e-01	1.83005e-03
6.87000e+00	4.13566e-01	1.82026e-03
6.88000e+00	4.14666e-01	1.81051e-03
6.89000e+00	4.15766e-01	1.80079e-03
6.90000e+00	4.16864e-01	1.79110e-03
6.91000e+00	4.17963e-01	1.78145e-03
6.92000e+00	4.19060e-01	1.77183e-03
6.93000e+00	4.20157e-01	1.76224e-03
6.94000e+00	4.21254e-01	1.75269e-03
6.95000e+00	4.22349e-01	1.74317e-03
6.96000e+00	4.23444e-01	1.73369e-03
6.97000e+00	4.24539e-01	1.72424e-03
6.98000e+00	4.25633e-01	1.71482e-03
6.99000e+00	4.26726e-01	1.70543e-03
7.00000e+00	4.27819e-01	1.69608e-03
7.01000e+00	4.28910e-01	1.68677e-03
7.02000e+00	4.30002e-01	1.67748e-03
7.03000e+00	4.31092e-01	1.66823e-03
7.04000e+00	4.32182e-01	1.65902e-03
7.05000e+00	4.33271e-01	1.64984e-03
7.06000e+00	4.34359e-01	1.64069e-03
7.07000e+00	4.35446e-01	1.63157e-03
7.08000e+00	4.36533e-01	1.62249e-03
7.09000e+00	4.37619e-01	1.61344e-03
7.10000e+00	4.38704e-01	1.60442e-03
7.11000e+00	4.39789e-01	1.59544e-03
7.12000e+00	4.40872e-01	1.58649e-03
7.13000e+00	4.41955e-01	1.57758e-03
7.14000e+00	4.43037e-01	1.56870e-03
7.15000e+00	4.44118e-01	1.55985e-03
7.16000e+00	4.45198e-01	1.55103e-03
7.17000e+00	4.46278e-01	1.54225e-03
7.18000e+00	4.47356e-01	1.53350e-03
7.19000e+00	4.48434e-01	1.52479e-03
7.20000e+00	4.49511e-01	1.51610e-03
7.21000e+00	4.50587e-01	1.50745e-03
7.22000e+00	4.51662e-01	1.49884e-03
7.23000e+00	4.52736e-01	1.49025e-03
7.24000e+00	4.53809e-01	1.48170e-03
7.25000e+00	4.54881e-01	1.47319e-03
7.26000e+00	4.55952e-01	1.46470e-03
7.27000e+00	4.57023e-01	1.45625e-03
7.28000e+00	4.58092e-01	1.44783e-03
7.29000e+00	4.59160e-01	1.43945e-03
7.30000e+00	4.60227e-01	1.43109e-03
7.31000e+00	4.61294e-01	1.42277e-03
7.32000e+00	4.62359e-01	1.41449e-03
7.33000e+00	4.63423e-01	1.40623e-03
7.34000e+00	4.64487e-01	1.39801e-03
7.35000e+00	4.65549e-01	1.38982e-03
7.36000e+00	4.66610e-01	1.38166e-03
7.37000e+00	4.67670e-01	1.37354e-03
7.38000e+00	4.68729e-01	1.36545e-03
7.39000e+00	4.69787e-01	1.35739e-03
7.40000e+00	4.70844e-01	1.34936e-03
7.41000e+00	4.71900e-01	1.34137e-03
7.42000e+00	4.72955e-01	1.33341e-03
7.43000e+00	4.74008e-01	1.32548e-03
7.44000e+00	4.75061e-01	1.31758e-03
7.45000e+00	4.76112e-01	1.30972e-03
7.46000e+00	4.77162e-01	1.30189e-03
7.47000e+00	4.78211e-01	1.29409e-03
7.48000e+00	4.79259e-01	1.28632e-03
7.49000e+00	4.80306e-01	1.27858e-03
7.50000e+00	4.81351e-01	1.27088e-03
7.51000e+00	4.82396e-01	1.26321e-03
7.52000e+00	4.83439e-01	1.25557e-03
7.53000e+00	4.84480e-01	1.24796e-03
7.54000e+00	4.85521e-01	1.24039e-03
7.55000e+00	4.86561e-01	1.23284e-03
7.56000e+00	4.87599e-01	1.22533e-03
7.57000e+00	4.88636e-01	1.21785e-03
7.58000e+00	4.89671e-01	1.21040e-03
7.59000e+00	4.90706e-01	1.20298e-03
7.60000e+00	4.91739e-01	1.19560e-03
7.61000e+00	4.92771e-01	1.18825e-03
7.62000e+00	4.93801e-01	1.18092e-03
7.63000e+00	4.94830e-01	1.17363e-03
7.64000e+00	4.95858e-01	1.16637e-03
7.65000e+00	4.96885e-01	1.15914e-03
7.66000e+00	4.97910e-01	1.15195e-03
7.67000e+00	4.98934e-01	1.14478e-03
7.68000e+00	4.99957e-01	1.13765e-03
7.69000e+00	5.00978e-01	1.13054e-03
7.70000e+00	5.01998e-01	1.12347e-03
7.71000e+00	5.03016e-01	1.11643e-03
7.72000e+00	5.04033e-01	1.10942e-03
7.73000e+00	5.05049e-01	1.10244e-03
7.74000e+00	5.06063e-01	1.09549e-03
7.75000e+00	5.07076e-01	1.08857e-03
7.76000e+00	5.08088e-01	1.08169e-03
7.77000e+00	5.09098e-01	1.07483e-03
7.78000e+00	5.10106e-01	1.06800e-03
7.79000e+00	5.11113e-01	1.06121e-03
7.80000e+00	5.12119e-01	1.05444e-03
7.81000e+00	5.13123e-01	1.04771e-03
7.82000e+00	5.14126e-01	1.04101e-03
7.83000e+00	5.15127e-01	1.03433e-03
7.84000e+00	5.16127e-01	1.02769e-03
7.85000e+00	5.17125e-01	1.02108e-03
7.86000e+00	5.18122e-01	1.01449e-03
7.87000e+00	5.19117e-01	1.00794e-03
7.88000e+00	5.20111e-01	1.00142e-03
7.89000e+00	5.21103e-01	9.94926e-04
7.90000e+00	5.22094e-01	9.88463e-04
7.91000e+00	5.23083e-01	9.82030e-04
7.92000e+00	5.24071e-01	9.75627e-04
7.93000e+00	5.25057e-01	9.69253e-04
7.94000e+00	5.26041e-01	9.62910e-04
7.95000e+00	5.27024e-01	9.56595e-04
7.96000e+00	5.28006e-01	9.50311e-04
7.97000e+00	5.28985e-01	9.44055e-04
7.98000e+00	5.29964e-01	9.37830e-04
7.99000e+00	5.30940e-01	9.31633e-04
8.00000e+00	5.31915e-01	9.25466e-04
8.01000e+00	5.32888e-01	9.19328e-04
8.02000e+00	5.33860e-01	9.13219e-04
8.03000e+00	5.34830e-01	9.07139e-04
8.04000e+00	5.35798e-01	9.01088e-04
8.05000e+00	5.36765e-01	8.95066e-04
8.06000e+00	5.37730e-01	8.89073e-04
8.07000e+00	5.38694e-01	8.83109e-04
8.08000e+00	5.39655e-01	8.77173e-04
8.09000e+00	5.40615e-01	8.71267e-04
8.10000e+00	5.41574e-01	8.65388e-04
8.11000e+00	5.42530e-01	8.59539e-04
8.12000e+00	5.43485e-01	8.53717e-04
8.13000e+00	5.44439e-01	8.47925e-04
8.14000e+00	5.45390e-01	8.42160e-04
8.15000e+00	5.46340e-01	8.36424e-04
8.16000e+00	5.47288e-01	8.30716e-04
8.17000e+00	5.48234e-01	8.25036e-04
8.18000e+00	5.49179e-01	8.19384e-04
8.19000e+00	5.50122e-01	8.13760e-04
8.20000e+00	5.51063e-01	8.08164e-04
8.21000e+00	5.52002e-01	8.02595e-04
8.22000e+00	5.52940e-01	7.97055e-04
8.23000e+00	5.53876e-01	7.91542e-04
8.24000e+00	5.54810e-01	7.86057e-04
8.25000e+00	5.55742e-01	7.80599e-04
8.26000e+00	5.56672e-01	7.75169e-04
8.27000e+00	5.57601e-01	7.69766e-04
8.28000e+00	5.58527e-01	7.64390e-04
8.29000e+00	5.59452e-01	7.59042e-04
8.30000e+00	5.60376e-01	7.53721e-04
8.31000e+00	5.61297e-01	7.48427e-04
8.32000e+00	5.62216e-01	7.43160e-04
8.33000e+00	5.63134e-01	7.37920e-04
8.34000e+00	5.64050e-01	7.32707e-04
8.35000e+00	5.64964e-01	7.27521e-04
8.36000e+00	5.65876e-01	7.22361e-04
8.37000e+00	5.66786e-01	7.17228e-04
8.38000e+00	5.67694e-01	7.12122e-04
8.39000e+00	5.68600e-01	7.07042e-04
8.40000e+00	5.69505e-01	7.01988e-04
8.41000e+00	5.70407e-01	6.96961e-04
8.42000e+00	5.71308e-01	6.91960e-04
8.43000e+00	5.72207e-01	6.86986e-04
8.44000e+00	5.73104e-01	6.82037e-04
8.45000e+00	5.73999e-01	6.77115e-04
8.46000e+00	5.74892e-01	6.72218e-04
8.47000e+00	5.75783e-01	6.67348e-04
8.48000e+00	5.76672e-01	6.62503e-04
8.49000e+00	5.77559e-01	6.57684e-04
8.50000e+00	5.78445e-01	6.52890e-04
8.51000e+00	5.79328e-01	6.48123e-04
8.52000e+00	5.80209e-01	6.43380e-04
8.53000e+00	5.81089e-01	6.38663e-04
8.54000e+00	5.81966e-01	6.33972e-04
8.55000e+00	5.82842e-01	6.29306e-04
8.56000e+00	5.83715e-01	6.24665e-04
8.57000e+00	5.84587e-01	6.20049e-04
8.58000e+00	5.85456e-01	6.15458e-04
8.59000e+00	5.86324e-01	6.10892e-04
8.60000e+00	5.87189e-01	6.06351e-04
8.61000e+00	5.88053e-01	6.01835e-04
8.62000e+00	5.88914e-01	5.97343e-04
8.63000e+00	5.89774e-01	5.92876e-04
8.64000e+00	5.90631e-01	5.88434e-04
8.65000e+00	5.91486e-01	5.84016e-04
8.66000e+00	5.92340e-01	5.79623e-04
8.67000e+00	5.93191e-01	5.75254e-04
8.68000e+00	5.94040e-01	5.70909e-04
8.69000e+00	5.94888e-01	5.66589e-04
8.70000e+00	5.95733e-01	5.62292e-04
8.71000e+00	5.96576e-01	5.58020e-04
8.72000e+00	5.97417e-01	5.53771e-04
8.73000e+00	5.98256e-01	5.49546e-04
8.74000e+00	5.99093e-01	5.45345e-04
8.75000e+00	5.99928e-01	5.41168e-04
8.76000e+00	6.00760e-01	5.37015e-04
8.77000e+00	6.01591e-01	5.32885e-04
8.78000e+00	6.02420e-01	5.28778e-04
8.79000e+00	6.03246e-01	5.24695e-04
8.80000e+00	6.04071e-01	5.20635e-04
8.81000e+00	6.04893e-01	5.16598e-04
8.82000e+00	6.05713e-01	5.12584e-04
8.83000e+00	6.06531e-01	5.08594e-04
8.84000e+00	6.07347e-01	5.04626e-04
8.85000e+00	6.08161e-01	5.00682e-04
8.86000e+00	6.08972e-01	4.96760e-04
8.87000e+00	6.09782e-01	4.92861e-04
8.88000e+00	6.10589e-01	4.88984e-04
8.89000e+00	6.11395e-01	4.85130e-04
8.90000e+00	6.12198e-01	4.81299e-04
8.91000e+00	6.12999e-01	4.77490e-04
8.92000e+00	6.13798e-01	4.73703e-04
8.93000e+00	6.14594e-01	4.69939e-04
8.94000e+00	6.15389e-01	4.66197e-04
8.95000e+00	6.16181e-01	4.62477e-04
8.96000e+00	6.16971e-01	4.58779e-04
8.97000e+00	6.17759e-01	4.55102e-04
8.98000e+00	6.18545e-01	4.51448e-04
8.99000e+00	6.19329e-01	4.47816e-04
9.00000e+00	6.20110e-01	4.44205e-04
9.01000e+00	6.20890e-01	4.40615e-04
9.02000e+00	6.21667e-01	4.37048e-04
9.03000e+00	6.22442e-01	4.33501e-04
9.04000e+00	6.23214e-01	4.29976e-04
9.05000e+00	6.23985e-01	4.26473e-04
9.06000e+00	6.24753e-01	4.22990e-04
9.07000e+00	6.25519e-01	4.19529e-04
9.08000e+00	6.26283e-01	4.16089e-04
9.09000e+00	6.27045e-01	4.12669e-04
9.10000e+00	6.27804e-01	4.09271e-04
9.11000e+00	6.28561e-01	4.05893e-04
9.12000e+00	6.29316e-01	4.02537e-04
9.13000e+00	6.30069e-01	3.99200e-04
9.14000e+00	6.30820e-01	3.95885e-04
9.15000e+00	6.31568e-01	3.92589e-04
9.16000e+00	6.32314e-01	3.89315e-04
9.17000e+00	6.33058e-01	3.86060e-04
9.18000e+00	6.33800e-01	3.82826e-04
9.19000e+00	6.34539e-01	3.79612e-04
9.20000e+00	6.35276e-01	3.76418e-04
9.21000e+00	6.36011e-01	3.73244e-04
9.22000e+00	6.36744e-01	3.70090e-04
9.23000e+00	6.37474e-01	3.66955e-04
9.24000e+00	6.38202e-01	3.63841e-04
9.25000e+00	6.38928e-01	3.60746e-04
9.26000e+00	6.39651e-01	3.57671e-04
9.27000e+00	6.40373e-01	3.54615e-04
9.28000e+00	6.41092e-01	3.51579e-04
9.29000e+00	6.41808e-01	3.48562e-04
9.30000e+00	6.42523e-01	3.45564e-04
9.31000e+00	6.43235e-01	3.42586e-04
9.32000e+00	6.43945e-01	3.39626e-04
9.33000e+00	6.44653e-01	3.36686e-04
9.34000e+00	6.45358e-01	3.33765e-04
9.35000e+00	6.46061e-01	3.30863e-04
9.36000e+00	6.46762e-01	3.27979e-04
9.37000e+00	6.47460e-01	3.25114e-04
9.38000e+00	6.48156e-01	3.22268e-04
9.39000e+00	6.48850e-01	3.19440e-04
9.40000e+00	6.49542e-01	3.16631e-04
9.41000e+00	6.50231e-01	3.13840e-04
9.42000e+00	6.50918e-01	3.11068e-04
9.43000e+00	6.51603e-01	3.08313e-04
9.44000e+00	6.52285e-01	3.05577e-04
9.45000e+00	6.52965e-01	3.02859e-04
9.46000e+00	6.53643e-01	3.00160e-04
9.47000e+00	6.54319e-01	2.97478e-04
9.48000e+00	6.54992e-01	2.94813e-04
9.49000e+00	6.55663e-01	2.92167e-04
9.50000e+00	6.56331e-01	2.89538e-04
9.51000e+00	6.56997e-01	2.86927e-04
9.52000e+00	6.57661e-01	2.84334e-04
9.53000e+00	6.58323e-01	2.81758e-04
9.54000e+00	6.58982e-01	2.79199e-04
9.55000e+00	6.59639e-01	2.76658e-04
9.56000e+00	6.60293e-01	2.74134e-04
9.57000e+00	6.60946e-01	2.71627e-04
9.58000e+00	6.61595e-01	2.69137e-04
9.59000e+00	6.62243e-01	2.66665e-04
9.60000e+00	6.62888e-01	2.64209e-04
9.61000e+00	6.63531e-01	2.61770e-04
9.62000e+00	6.64172e-01	2.59348e-04
9.63000e+00	6.64810e-01	2.56942e-04
9.64000e+00	6.65446e-01	2.54553e-04
9.65000e+00	6.66079e-01	2.52181e-04
9.66000e+00	6.66711e-01	2.49825e-04
9.67000e+00	6.67340e-01	2.47485e-04
9.68000e+00	6.67966e-01	2.45162e-04
9.69000e+00	6.68590e-01	2.42855e-04
9.70000e+00	6.69212e-01	2.40565e-04
9.71000e+00	6.69832e-01	2.38290e-04
9.72000e+00	6.70449e-01	2.36031e-04
9.73000e+00	6.71064e-01	2.33789e-04
9.74000e+00	6.71676e-01	2.31562e-04
9.75000e+00	6.72286e-01	2.29351e-04
9.76000e+00	6.72894e-01	2.27155e-04
9.77000e+00	6.73499e-01	2.24976e-04
9.78000e+00	6.74102e-01	2.22812e-04
9.79000e+00	6.74703e-01	2.20663e-04
9.80000e+00	6.75302e-01	2.18530e-04
9.81000e+00	6.75898e-01	2.16412e-04
9.82000e+00	6.76491e-01	2.14310e-04
9.83000e+00	6.77082e-01	2.12222e-04
9.84000e+00	6.77671e-01	2.10150e-04
9.85000e+00	6.78258e-01	2.08093e-04
9.86000e+00	6.78842e-01	2.06051e-04
9.87000e+00	6.79424e-01	2.04023e-04
9.88000e+00	6.80004e-01	2.02011e-04
9.89000e+00	6.80581e-01	2.00013e-04
9.90000e+00	6.81156e-01	1.98030e-04
9.91000e+00	6.81728e-01	1.96062e-04
9.92000e+00	6.82298e-01	1.94108e-04
9.93000e+00	6.82866e-01	1.92168e-04
9.94000e+00	6.83431e-01	1.90244e-04
9.95000e+00	6.83994e-01	1.88333e-04
9.96000e+00	6.84555e-01	1.86436e-04
9.97000e+00	6.85113e-01	1.84554e-04
9.98000e+00	6.85669e-01	1.82686e-04
9.99000e+00	6.86223e-01	1.80832e-04
1.00000e+01	6.86774e-01	1.78992e-04
1.00100e+01	6.87323e-01	1.77166e-04
1.00200e+01	6.87870e-01	1.75353e-04
1.00300e+01	6.88414e-01	1.73555e-04
1.00400e+01	6.88956e-01	1.71770e-04
1.00500e+01	6.89495e-01	1.69999e-04
1.00600e+01	6.90032e-01	1.68241e-04
1.00700e+01	6.90567e-01	1.66497e-04
1.00800e+01	6.91099e-01	1.64766e-04
1.00900e+01	6.91629e-01	1.63048e-04
1.01000e+01	6.92157e-01	1.61344e-04
1.01100e+01	6.92682e-01	1.59653e-04
1.01200e+01	6.93205e-01	1.57975e-04
1.01300e+01	6.93726e-01	1.56310e-04
1.01400e+01	6.94244e-01	1.54658e-04
1.01500e+01	6.94760e-01	1.53019e-04
1.01600e+01	6.95274e-01	1.51393e-04
1.01700e+01	6.95785e-01	1.49780e-04
1.01800e+01	6.96294e-01	1.48179e-04
1.01900e+01	6.96800e-01	1.46591e-04
1.02000e+01	6.97304e-01	1.45016e-04
1.02100e+01	6.97806e-01	1.43453e-04
1.02200e+01	6.98306e-01	1.41903e-04
1.02300e+01	6.98803e-01	1.40365e-04
1.02400e+01	6.99298e-01	1.38839e-04
1.02500e+01	6.99790e-01	1.37326e-04
1.02600e+01	7.00280e-01	1.35825e-04
1.02700e+01	7.00768e-01	1.34336e-04
1.02800e+01	7.01253e-01	1.32859e-04
1.02900e+01	7.01736e-01	1.31393e-04
1.03000e+01	7.02217e-01	1.29940e-04
1.03100e+01	7.02696e-01	1.28499e-04
1.03200e+01	7.03172e-01	1.27070e-04
1.03300e+01	7.03645e-01	1.25652e-04
1.03400e+01	7.04117e-01	1.24246e-04
1.03500e+01	7.04586e-01	1.22851e-04
1.03600e+01	7.05053e-01	1.21468e-04
1.03700e+01	7.05517e-01	1.20097e-04
1.03800e+01	7.05979e-01	1.18737e-04
1.03900e+01	7.06439e-01	1.17388e-04
1.04000e+01	7.06896e-01	1.16050e-04
1.04100e+01	7.07351e-01	1.14724e-04
1.04200e+01	7.07804e-01	1.13409e-04
1.04300e+01	7.08255e-01	1.12105e-04
1.04400e+01	7.08703e-01	1.10812e-04
1.04500e+01	7.09149e-01	1.09530e-04
1.04600e+01	7.09592e-01	1.08259e-04
1.04700e+01	7.10033e-01	1.06998e-04
1.04800e+01	7.10472e-01	1.05749e-04
1.04900e+01	7.10909e-01	1.04510e-04
1.05000e+01	7.11343e-01	1.03282e-04
1.05100e+01	7.11775e-01	1.02064e-04
1.05200e+01	7.12205e-01	1.00857e-04
1.05300e+01	7.12632e-01	9.96607e-05
1.05400e+01	7.13057e-01	9.84745e-05
1.05500e+01	7.13480e-01	9.72986e-05
1.05600e+01	7.13900e-01	9.61330e-05
1.05700e+01	7.14318e-01	9.49777e-05
1.05800e+01	7.14734e-01	9.38325e-05
1.05900e+01	7.15148e-01	9.26974e-05
1.06000e+01	7.15559e-01	9.15724e-05
1.06100e+01	7.15968e-01	9.04573e-05
1.06200e+01	7.16375e-01	8.93522e-05
1.06300e+01	7.16779e-01	8.82569e-05
1.06400e+01	7.17181e-01	8.71715e-05
1.06500e+01	7.17581e-01	8.60958e-05
1.06600e+01	7.17979e-01	8.50297e-05
1.06700e+01	7.18374e-01	8.39734e-05
1.06800e+01	7.18767e-01	8.29265e-05
1.06900e+01	7.19158e-01	8.18892e-05
1.07000e+01	7.19547e-01	8.08614e-05
1.07100e+01	7.19933e-01	7.98429e-05
1.07200e+01	7.20317e-01	7.88338e-05
1.07300e+01	7.20699e-01	7.78340e-05
1.07400e+01	7.21078e-01	7.68434e-05
1.07500e+01	7.21455e-01	7.58620e-05
1.07600e+01	7.21830e-01	7.48897e-05
1.07700e+01	7.22203e-01	7.39264e-05
1.07800e+01	7.22573e-01	7.29722e-05
1.07900e+01	7.22942e-01	7.20269e-05
1.08000e+01	7.23308e-01	7.10904e-05
1.08100e+01	7.23671e-01	7.01629e-05
1.08200e+01	7.24033e-01	6.92441e-05
1.08300e+01	7.24392e-01	6.83340e-05
1.08400e+01	7.24749e-01	6.74326e-05
1.08500e+01	7.25104e-01	6.65398e-05
1.08600e+01	7.25457e-01	6.56555e-05
1.08700e+01	7.25807e-01	6.47798e-05
1.08800e+01	7.26155e-01	6.39125e-05
1.08900e+01	7.26501e-01	6.30537e-05
1.09000e+01	7.26845e-01	6.22031e-05
1.09100e+01	7.27186e-01	6.13609e-05
1.09200e+01	7.27526e-01	6.05269e-05
1.09300e+01	7.27863e-01	5.97011e-05
1.09400e+01	7.28198e-01	5.88834e-05
1.09500e+01	7.28531e-01	5.80737e-05
1.09600e+01	7.28861e-01	5.72722e-05
1.09700e+01	7.29189e-01	5.64785e-05
1.09800e+01	7.29516e-01	5.56929e-05
1.09900e+01	7.29840e-01	5.49150e-05
1.10000e+01	7.30161e-01	5.41450e-05
1.10100e+01	7.30481e-01	5.33828e-05
1.10200e+01	7.30798e-01	5.26283e-05
1.10300e+01	7.31114e-01	5.18814e-05
1.10400e+01	7.31427e-01	5.11422e-05
1.10500e+01	7.31738e-01	5.04105e-05
1.10600e+01	7.32047e-01	4.96863e-05
1.10700e+01	7.32353e-01	4.89696e-05
1.10800e+01	7.32658e-01	4.82603e-05
1.10900e+01	7.32960e-01	4.75583e-05
1.11000e+01	7.33260e-01	4.68637e-05
1.11100e+01	7.33558e-01	4.61764e-05
1.11200e+01	7.33854e-01	4.54962e-05
1.11300e+01	7.34148e-01	4.48232e-05
1.11400e+01	7.34440e-01	4.41573e-05
1.11500e+01	7.34729e-01	4.34985e-05
1.11600e+01	7.35017e-01	4.28468e-05
1.11700e+01	7.35302e-01	4.22019e-05
1.11800e+01	7.35585e-01	4.15640e-05
1.11900e+01	7.35866e-01	4.09330e-05
1.12000e+01	7.36145e-01	4.03088e-05
1.12100e+01	7.36422e-01	3.96914e-05
1.12200e+01	7.36697e-01	3.90807e-05
1.12300e+01	7.36970e-01	3.84767e-05
1.12400e+01	7.37240e-01	3.78793e-05
1.12500e+01	7.37509e-01	3.72886e-05
1.12600e+01	7.37775e-01	3.67043e-05
1.12700e+01	7.38040e-01	3.61266e-05
1.12800e+01	7.38302e-01	3.55553e-05
1.12900e+01	7.38562e-01	3.49904e-05
1.13000e+01	7.38820e-01	3.44319e-05
1.13100e+01	7.39077e-01	3.38797e-05
1.13200e+01	7.39331e-01	3.33338e-05
1.13300e+01	7.39583e-01	3.27940e-05
1.13400e+01	7.39833e-01	3.22605e-05
1.13500e+01	7.40080e-01	3.17331e-05
1.13600e+01	7.40326e-01	3.12118e-05
1.13700e+01	7.40570e-01	3.06965e-05
1.13800e+01	7.40812e-01	3.01872e-05
1.13900e+01	7.41052e-01	2.96839e-05
1.14000e+01	7.41290e-01	2.91865e-05
1.14100e+01	7.41525e-01	2.86950e-05
1.14200e+01	7.41759e-01	2.82093e-05
1.14300e+01	7.41991e-01	2.77293e-05
1.14400e+01	7.42220e-01	2.72552e-05
1.14500e+01	7.42448e-01	2.67867e-05
1.14600e+01	7.42674e-01	2.63238e-05
1.14700e+01	7.42898e-01	2.58666e-05
1.14800e+01	7.43120e-01	2.54149e-05
1.14900e+01	7.43339e-01	2.49688e-05
1.15000e+01	7.43557e-01	2.45281e-05
1.15100e+01	7.43773e-01	2.40929e-05
1.15200e+01	7.43987e-01	2.36631e-05
1.15300e+01	7.44199e-01	2.32386e-05
1.15400e+01	7.44409e-01	2.28195e-05
1.15500e+01	7.44617e-01	2.24056e-05
1.15600e+01	7.44823e-01	2.19970e-05
1.15700e+01	7.45027e-01	2.15936e-05
1.15800e+01	7.45230e-01	2.11953e-05
1.15900e+01	7.45430e-01	2.08021e-05
1.16000e+01	7.45628e-01	2.04141e-05
1.16100e+01	7.45825e-01	2.00310e-05
1.16200e+01	7.46020e-01	1.96529e-05
1.16300e+01	7.46212e-01	1.92798e-05
1.16400e+01	7.46403e-01	1.89116e-05
1.16500e+01	7.46592e-01	1.85483e-05
1.16600e+01	7.46779e-01	1.81898e-05
1.16700e+01	7.46964e-01	1.78362e-05
1.16800e+01	7.47147e-01	1.74872e-05
1.16900e+01	7.47329e-01	1.71430e-05
1.17000e+01	7.47508e-01	1.68035e-05
1.17100e+01	7.47686e-01	1.64686e-05
1.17200e+01	7.47862e-01	1.61383e-05
1.17300e+01	7.48036e-01	1.58126e-05
1.17400e+01	7.48208e-01	1.54915e-05
1.17500e+01	7.48378e-01	1.51748e-05
1.17600e+01	7.48547e-01	1.48625e-05
1.17700e+01	7.48713e-01	1.45547e-05
1.17800e+01	7.48878e-01	1.42513e-05
1.17900e+01	7.49041e-01	1.39522e-05
1.18000e+01	7.49202e-01	1.36574e-05
1.18100e+01	7.49362e-01	1.33669e-05
1.18200e+01	7.49519e-01	1.30806e-05
1.18300e+01	7.49675e-01	1.27985e-05
1.18400e+01	7.49829e-01	1.25206e-05
1.18500e+01	7.49981e-01	1.22468e-05
1.18600e+01	7.50132e-01	1.19771e-05
1.18700e+01	7.50281e-01	1.17115e-05
1.18800e+01	7.50428e-01	1.14498e-05
1.18900e+01	7.50573e-01	1.11922e-05
1.19000e+01	7.50716e-01	1.09385e-05
1.19100e+01	7.50858e-01	1.06887e-05
1.19200e+01	7.50998e-01	1.04428e-05
1.19300e+01	7.51136e-01	1.02007e-05
1.19400e+01	7.51273e-01	9.96247e-06
1.19500e+01	7.51408e-01	9.72799e-06
1.19600e+01	7.51541e-01	9.49725e-06
1.19700e+01	7.51672e-01	9.27022e-06
1.19800e+01	7.51802e-01	9.04686e-06
1.19900e+01	7.51930e-01	8.82714e-06
1.20000e+01	7.52056e-01	8.61103e-06
1.20100e+01	7.52181e-01	8.39849e-06
1.20200e+01	7.52304e-01	8.18949e-06
1.20300e+01	7.52426e-01	7.98400e-06
1.20400e+01	7.52545e-01	7.78198e-06
1.20500e+01	7.52663e-01	7.58340e-06
1.20600e+01	7.52780e-01	7.38823e-06
1.20700e+01	7.52895e-01	7.19644e-06
1.20800e+01	7.53008e-01	7.00799e-06
1.20900e+01	7.53120e-01	6.82285e-06
1.21000e+01	7.53230e-01	6.64099e-06
1.21100e+01	7.53338e-01	6.46237e-06
1.21200e+01	7.53445e-01	6.28697e-06
1.21300e+01	7.53550e-01	6.11476e-06
1.21400e+01	7.53654e-01	5.94570e-06
1.21500e+01	7.53756e-01	5.77975e-06
1.21600e+01	7.53856e-01	5.61690e-06
1.21700e+01	7.53955e-01	5.45711e-06
1.21800e+01	7.54052e-01	5.30034e-06
1.21900e+01	7.54148e-01	5.14657e-06
1.22000e+01	7.54243e-01	4.99577e-06
1.22100e+01	7.54335e-01	4.84790e-06
1.22200e+01	7.54427e-01	4.70293e-06
1.22300e+01	7.54516e-01	4.56084e-06
1.22400e+01	7.54605e-01	4.42160e-06
1.22500e+01	7.54691e-01	4.28517e-06
1.22600e+01	7.54777e-01	4.15152e-06
1.22700e+01	7.54860e-01	4.02063e-06
1.22800e+01	7.54943e-01	3.89247e-06
1.22900e+01	7.55024e-01	3.76700e-06
1.23000e+01	7.55103e-01	3.64419e-06
1.23100e+01	7.55181e-01	3.52403e-06
1.23200e+01	7.55258e-01	3.40647e-06
1.23300e+01	7.55333e-01	3.29148e-06
1.23400e+01	7.55406e-01	3.17905e-06
1.23500e+01	7.55479e-01	3.06914e-06
1.23600e+01	7.55549e-01	2.96172e-06
1.23700e+01	7.55619e-01	2.85677e-06
1.23800e+01	7.55687e-01	2.75424e-06
1.23900e+01	7.55754e-01	2.65413e-06
1.24000e+01	7.55819e-01	2.55639e-06
1.24100e+01	7.55883e-01	2.46100e-06
1.24200e+01	7.55946e-01	2.36794e-06
1.24300e+01	7.56007e-01	2.27717e-06
1.24400e+01	7.56067e-01	2.18866e-06
1.24500e+01	7.56126e-01	2.10239e-06
1.24600e+01	7.56183e-01	2.01833e-06
1.24700e+01	7.56239e-01	1.93646e-06
1.24800e+01	7.56294e-01	1.85674e-06
1.24900e+01	7.56347e-01	1.77915e-06
1.25000e+01	7.56399e-01	1.70365e-06
1.25100e+01	7.56450e-01	1.63023e-06
1.25200e+01	7.56500e-01	1.55886e-06
1.25300e+01	7.56548e-01	1.48950e-06
1.25400e+01	7.56595e-01	1.42214e-06
1.25500e+01	7.56641e-01	1.35674e-06
1.25600e+01	7.56686e-01	1.29328e-06
1.25700e+01	7.56730e-01	1.23173e-06
1.25800e+01	7.56772e-01	1.17206e-06
1.25900e+01	7.56813e-01	1.11425e-06
1.26000e+01	7.56853e-01	1.05827e-06
1.26100e+01	7.56892e-01	1.00410e-06
1.26200e+01	7.56930e-01	9.51698e-07
1.26300e+01	7.56966e-01	9.01051e-07
1.26400e+01	7.57002e-01	8.52128e-07
1.26500e+01	7.57036e-01	8.04904e-07
1.26600e+01	7.57069e-01	7.59351e-07
1.26700e+01	7.57101e-01	7.15443e-07
1.26800e+01	7.57132e-01	6.73155e-07
1.26900e+01	7.57162e-01	6.32458e-07
1.27000e+01	7.57191e-01	5.93328e-07
1.27100e+01	7.57219e-01	5.55738e-07
1.27200e+01	7.57246e-01	5.19662e-07
1.27300e+01	7.57272e-01	4.85073e-07
1.27400e+01	7.57297e-01	4.51945e-07
1.27500e+01	7.57320e-01	4.20252e-07
1.27600e+01	7.57343e-01	3.89967e-07
1.27700e+01	7.57365e-01	3.61064e-07
1.27800e+01	7.57386e-01	3.33516e-07
1.27900e+01	7.57406e-01	3.07298e-07
1.28000e+01	7.57425e-01	2.82382e-07
1.28100e+01	7.57443e-01	2.58742e-07
1.28200e+01	7.57460e-01	2.36351e-07
1.28300e+01	7.57477e-01	2.15182e-07
1.28400e+01	7.57492e-01	1.95209e-07
1.28500e+01	7.57507e-01	1.76404e-07
1.28600e+01	7.57520e-01	1.58740e-07
1.28700e+01	7.57533e-01	1.42190e-07
1.28800e+01	7.57545e-01	1.26727e-07
1.28900e+01	7.57557e-01	1.12322e-07
1.29000e+01	7.57567e-01	9.89472e-08
1.29100e+01	7.57577e-01	8.65749e-08
1.29200e+01	7.57586e-01	7.51764e-08
1.29300e+01	7.57594e-01	6.47227e-08
1.29400e+01	7.57602e-01	5.51847e-08
1.29500e+01	7.57609e-01	4.65325e-08
1.29600e+01	7.57615e-01	3.87361e-08
1.29700e+01	7.57621e-01	3.17648e-08
1.29800e+01	7.57626e-01	2.55872e-08
1.29900e+01	7.57630e-01	2.01712e-08
1.30000e+01	7.57634e-01	1.54841e-08
1.30100e+01	7.57637e-01	1.14920e-08
1.30200e+01	7.57640e-01	8.15988e-09
1.30300e+01	7.57642e-01	5.45158e-09
1.30400e+01	7.57644e-01	3.32929e-09
1.30500e+01	7.57645e-01	1.75347e-09
1.30600e+01	7.57646e-01	6.82841e-10
1.30700e+01	7.57647e-01	7.59811e-11
