1.00000e-02	1.43158e-21	3.20000e+01
2.00000e-02	1.00211e-05	3.20000e+01
3.00000e-02	3.72211e-05	3.19470e+01
4.00000e-02	9.01080e-05	3.18595e+01
5.00000e-02	1.77078e-04	3.17402e+01
6.00000e-02	3.06368e-04	3.15902e+01
7.00000e-02	4.86012e-04	3.14099e+01
8.00000e-02	7.23797e-04	3.11998e+01
9.00000e-02	1.02722e-03	3.09602e+01
1.00000e-01	1.40344e-03	3.06915e+01
1.10000e-01	1.85925e-03	3.03943e+01
1.20000e-01	2.40103e-03	3.00689e+01
1.30000e-01	3.03470e-03	2.97160e+01
1.40000e-01	3.76569e-03	2.93362e+01
1.50000e-01	4.59893e-03	2.89302e+01
1.60000e-01	5.53879e-03	2.84987e+01
1.70000e-01	6.58903e-03	2.80425e+01
1.80000e-01	7.75285e-03	2.75625e+01
1.90000e-01	9.03279e-03	2.70596e+01
2.00000e-01	1.04308e-02	2.65349e+01
2.10000e-01	1.19480e-02	2.59894e+01
2.20000e-01	1.35850e-02	2.54243e+01
2.30000e-01	1.53418e-02	2.48408e+01
2.40000e-01	1.72174e-02	2.42401e+01
2.50000e-01	1.92105e-02	2.36238e+01
2.60000e-01	2.13188e-02	2.29931e+01
2.70000e-01	2.35396e-02	2.23495e+01
2.80000e-01	2.58693e-02	2.16947e+01
2.90000e-01	2.83040e-02	2.10303e+01
3.00000e-01	3.08388e-02	2.03578e+01
3.10000e-01	3.34686e-02	1.96791e+01
3.20000e-01	3.61876e-02	1.89958e+01
3.30000e-01	3.89896e-02	1.83098e+01
3.40000e-01	4.18679e-02	1.76229e+01
3.50000e-01	4.48156e-02	1.69369e+01
3.60000e-01	4.78252e-02	1.62536e+01
3.70000e-01	5.08893e-02	1.55749e+01
3.80000e-01	5.40001e-02	1.49025e+01
3.90000e-01	5.71498e-02	1.42382e+01
4.00000e-01	6.03303e-02	1.35837e+01
4.10000e-01	6.35340e-02	1.29406e+01
4.20000e-01	6.67529e-02	1.23104e+01
4.30000e-01	6.99795e-02	1.16947e+01
4.40000e-01	7.32064e-02	1.10947e+01
4.50000e-01	7.64265e-02	1.05117e+01
4.60000e-01	7.96329e-02	9.94667e+00
4.70000e-01	8.28195e-02	9.40062e+00
4.80000e-01	8.59801e-02	8.87431e+00
4.90000e-01	8.91093e-02	8.36836e+00
5.00000e-01	9.22021e-02	7.88323e+00
5.10000e-01	9.52539e-02	7.41923e+00
5.20000e-01	9.82608e-02	6.97652e+00
5.30000e-01	1.01219e-01	6.55512e+00
5.40000e-01	1.04126e-01	6.15489e+00
5.50000e-01	1.06979e-01	5.77558e+00
5.60000e-01	1.09777e-01	5.41683e+00
5.70000e-01	1.12516e-01	5.07816e+00
5.80000e-01	1.15197e-01	4.75901e+00
5.90000e-01	1.17819e-01	4.45876e+00
6.00000e-01	1.20381e-01	4.17671e+00
6.10000e-01	1.22883e-01	3.91211e+00
6.20000e-01	1.25325e-01	3.66420e+00
6.30000e-01	1.27708e-01	3.43218e+00
6.40000e-01	1.30033e-01	3.21523e+00
6.50000e-01	1.32300e-01	3.01256e+00
6.60000e-01	1.34510e-01	2.82335e+00
6.70000e-01	1.36666e-01	2.64681e+00
6.80000e-01	1.38767e-01	2.48218e+00
6.90000e-01	1.40815e-01	2.32872e+00
7.00000e-01	1.42813e-01	2.18569e+00
7.10000e-01	1.44760e-01	2.05242e+00
7.20000e-01	1.46660e-01	1.92825e+00
7.30000e-01	1.48512e-01	1.81256e+00
7.40000e-01	1.50320e-01	1.70476e+00
7.50000e-01	1.52084e-01	1.60430e+00
7.60000e-01	1.53806e-01	1.51066e+00
7.70000e-01	1.55487e-01	1.42336e+00
7.80000e-01	1.57130e-01	1.34194e+00
7.90000e-01	1.58734e-01	1.26597e+00
8.00000e-01	1.60303e-01	1.19507e+00
8.10000e-01	1.61836e-01	1.12886e+00
8.20000e-01	1.63335e-01	1.06701e+00
8.30000e-01	1.64803e-01	1.00920e+00
8.40000e-01	1.66239e-01	9.55132e-01
8.50000e-01	1.67645e-01	9.04545e-01
8.60000e-01	1.69022e-01	8.57184e-01
8.70000e-01	1.70371e-01	8.12818e-01
8.80000e-01	1.71693e-01	7.71233e-01
8.90000e-01	1.72990e-01	7.32230e-01
9.00000e-01	1.74262e-01	6.95628e-01
9.10000e-01	1.75510e-01	6.61257e-01
9.20000e-01	1.76735e-01	6.28961e-01
9.30000e-01	1.77938e-01	5.98596e-01
9.40000e-01	1.79119e-01	5.70028e-01
9.50000e-01	1.80280e-01	5.43134e-01
9.60000e-01	1.81421e-01	5.17801e-01
9.70000e-01	1.82543e-01	4.93922e-01
9.80000e-01	1.83646e-01	4.71401e-01
9.90000e-01	1.84731e-01	4.50147e-01
1.00000e+00	1.85799e-01	4.30076e-01
1.01000e+00	1.86850e-01	4.11112e-01
1.02000e+00	1.87885e-01	3.93182e-01
1.03000e+00	1.88905e-01	3.76220e-01
1.04000e+00	1.89909e-01	3.60164e-01
1.05000e+00	1.90899e-01	3.44958e-01
1.06000e+00	1.91875e-01	3.30547e-01
1.07000e+00	1.92836e-01	3.16883e-01
1.08000e+00	1.93785e-01	3.03919e-01
1.09000e+00	1.94721e-01	2.91614e-01
1.10000e+00	1.95644e-01	2.79926e-01
1.11000e+00	1.96555e-01	2.68820e-01
1.12000e+00	1.97455e-01	2.58261e-01
1.13000e+00	1.98343e-01	2.48216e-01
1.14000e+00	1.99220e-01	2.38656e-01
1.15000e+00	2.00086e-01	2.29552e-01
1.16000e+00	2.00942e-01	2.20880e-01
1.17000e+00	2.01788e-01	2.12613e-01
1.18000e+00	2.02623e-01	2.04731e-01
1.19000e+00	2.03450e-01	1.97210e-01
1.20000e+00	2.04266e-01	1.90031e-01
1.21000e+00	2.05074e-01	1.83176e-01
1.22000e+00	2.05873e-01	1.76628e-01
1.23000e+00	2.06663e-01	1.70368e-01
1.24000e+00	2.07445e-01	1.64383e-01
1.25000e+00	2.08218e-01	1.58658e-01
1.26000e+00	2.08983e-01	1.53179e-01
1.27000e+00	2.09741e-01	1.47934e-01
1.28000e+00	2.10491e-01	1.42910e-01
1.29000e+00	2.11234e-01	1.38097e-01
1.30000e+00	2.11969e-01	1.33483e-01
1.31000e+00	2.12697e-01	1.29059e-01
1.32000e+00	2.13418e-01	1.24816e-01
1.33000e+00	2.14133e-01	1.20743e-01
1.34000e+00	2.14840e-01	1.16835e-01
1.35000e+00	2.15542e-01	1.13081e-01
1.36000e+00	2.16236e-01	1.09475e-01
1.37000e+00	2.16925e-01	1.06010e-01
1.38000e+00	2.17608e-01	1.02680e-01
1.39000e+00	2.18284e-01	9.94770e-02
1.40000e+00	2.18955e-01	9.63964e-02
1.41000e+00	2.19620e-01	9.34322e-02
1.42000e+00	2.20279e-01	9.05793e-02
1.43000e+00	2.20933e-01	8.78325e-02
1.44000e+00	2.21581e-01	8.51870e-02
1.45000e+00	2.22224e-01	8.26385e-02
1.46000e+00	2.22862e-01	8.01826e-02
1.47000e+00	2.23495e-01	7.78153e-02
1.48000e+00	2.24123e-01	7.55327e-02
1.49000e+00	2.24745e-01	7.33312e-02
1.50000e+00	2.25363e-01	7.12074e-02
1.51000e+00	2.25976e-01	6.91579e-02
1.52000e+00	2.26585e-01	6.71796e-02
1.53000e+00	2.27189e-01	6.52696e-02
1.54000e+00	2.27788e-01	6.34249e-02
1.55000e+00	2.28383e-01	6.16430e-02
1.56000e+00	2.28973e-01	5.99213e-02
1.57000e+00	2.29560e-01	5.82574e-02
1.58000e+00	2.30142e-01	5.66488e-02
1.59000e+00	2.30719e-01	5.50934e-02
1.60000e+00	2.31293e-01	5.35892e-02
1.61000e+00	2.31863e-01	5.21340e-02
1.62000e+00	2.32428e-01	5.07260e-02
1.63000e+00	2.32990e-01	4.93633e-02
1.64000e+00	2.33548e-01	4.80442e-02
1.65000e+00	2.34102e-01	4.67671e-02
1.66000e+00	2.34652e-01	4.55303e-02
1.67000e+00	2.35198e-01	4.43322e-02
1.68000e+00	2.35741e-01	4.31716e-02
1.69000e+00	2.36280e-01	4.20469e-02
1.70000e+00	2.36816e-01	4.09569e-02
1.71000e+00	2.37348e-01	3.99002e-02
1.72000e+00	2.37876e-01	3.88757e-02
1.73000e+00	2.38402e-01	3.78821e-02
1.74000e+00	2.38923e-01	3.69185e-02
1.75000e+00	2.39442e-01	3.59836e-02
1.76000e+00	2.39957e-01	3.50765e-02
1.77000e+00	2.40468e-01	3.41962e-02
1.78000e+00	2.40977e-01	3.33417e-02
1.79000e+00	2.41482e-01	3.25122e-02
1.80000e+00	2.41985e-01	3.17068e-02
1.81000e+00	2.42484e-01	3.09247e-02
1.82000e+00	2.42980e-01	3.01650e-02
1.83000e+00	2.43472e-01	2.94270e-02
1.84000e+00	2.43962e-01	2.87100e-02
1.85000e+00	2.44449e-01	2.80133e-02
1.86000e+00	2.44933e-01	2.73361e-02
1.87000e+00	2.45414e-01	2.66779e-02
1.88000e+00	2.45892e-01	2.60380e-02
1.89000e+00	2.46367e-01	2.54157e-02
1.90000e+00	2.46840e-01	2.48107e-02
1.91000e+00	2.47309e-01	2.42221e-02
1.92000e+00	2.47776e-01	2.36497e-02
1.93000e+00	2.48240e-01	2.30927e-02
1.94000e+00	2.48701e-01	2.25508e-02
1.95000e+00	2.49160e-01	2.20235e-02
1.96000e+00	2.49615e-01	2.15102e-02
1.97000e+00	2.50069e-01	2.10106e-02
1.98000e+00	2.50519e-01	2.05242e-02
1.99000e+00	2.50967e-01	2.00506e-02
2.00000e+00	2.51412e-01	1.95894e-02
2.01000e+00	2.51855e-01	1.91403e-02
2.02000e+00	2.52295e-01	1.87029e-02
2.03000e+00	2.52733e-01	1.82768e-02
2.04000e+00	2.53168e-01	1.78616e-02
2.05000e+00	2.53601e-01	1.74571e-02
2.06000e+00	2.54031e-01	1.70629e-02
2.07000e+00	2.54458e-01	1.66788e-02
2.08000e+00	2.54884e-01	1.63043e-02
2.09000e+00	2.55307e-01	1.59393e-02
2.10000e+00	2.55727e-01	1.55835e-02
2.11000e+00	2.56145e-01	1.52365e-02
2.12000e+00	2.56561e-01	1.48982e-02
2.13000e+00	2.56974e-01	1.45683e-02
2.14000e+00	2.57385e-01	1.42465e-02
2.15000e+00	2.57794e-01	1.39327e-02
2.16000e+00	2.58200e-01	1.36265e-02
2.17000e+00	2.58604e-01	1.33278e-02
2.18000e+00	2.59006e-01	1.30363e-02
2.19000e+00	2.59406e-01	1.27519e-02
2.20000e+00	2.59803e-01	1.24744e-02
2.21000e+00	2.60198e-01	1.22035e-02
2.22000e+00	2.60591e-01	1.19391e-02
2.23000e+00	2.60982e-01	1.16811e-02
2.24000e+00	2.61370e-01	1.14291e-02
2.25000e+00	2.61757e-01	1.11831e-02
2.26000e+00	2.62141e-01	1.09430e-02
2.27000e+00	2.62523e-01	1.07084e-02
2.28000e+00	2.62903e-01	1.04794e-02
2.29000e+00	2.63281e-01	1.02557e-02
2.30000e+00	2.63657e-01	1.00372e-02
2.31000e+00	2.64030e-01	9.82378e-03
2.32000e+00	2.64402e-01	9.61529e-03
2.33000e+00	2.64771e-01	9.41160e-03
2.34000e+00	2.65139e-01	9.21259e-03
2.35000e+00	2.65504e-01	9.01813e-03
2.36000e+00	2.65867e-01	8.82811e-03
2.37000e+00	2.66229e-01	8.64241e-03
2.38000e+00	2.66588e-01	8.46092e-03
2.39000e+00	2.66945e-01	8.28352e-03
2.40000e+00	2.67300e-01	8.11013e-03
2.41000e+00	2.67654e-01	7.94062e-03
2.42000e+00	2.68005e-01	7.77492e-03
2.43000e+00	2.68354e-01	7.61291e-03
2.44000e+00	2.68702e-01	7.45451e-03
2.45000e+00	2.69047e-01	7.29962e-03
2.46000e+00	2.69391e-01	7.14816e-03
2.47000e+00	2.69732e-01	7.00005e-03
2.48000e+00	2.70072e-01	6.85519e-03
2.49000e+00	2.70409e-01	6.71351e-03
2.50000e+00	2.70745e-01	6.57493e-03
2.51000e+00	2.71079e-01	6.43938e-03
2.52000e+00	2.71411e-01	6.30678e-03
2.53000e+00	2.71741e-01	6.17705e-03
2.54000e+00	2.72070e-01	6.05014e-03
2.55000e+00	2.72396e-01	5.92597e-03
2.56000e+00	2.72721e-01	5.80447e-03
2.57000e+00	2.73043e-01	5.68558e-03
2.58000e+00	2.73364e-01	5.56924e-03
2.59000e+00	2.73683e-01	5.45539e-03
2.60000e+00	2.74001e-01	5.34397e-03
2.61000e+00	2.74316e-01	5.23492e-03
2.62000e+00	2.74630e-01	5.12819e-03
2.63000e+00	2.74941e-01	5.02371e-03
2.64000e+00	2.75251e-01	4.92145e-03
2.65000e+00	2.75559e-01	4.82134e-03
2.66000e+00	2.75866e-01	4.72334e-03
2.67000e+00	2.76171e-01	4.62739e-03
2.68000e+00	2.76473e-01	4.53346e-03
2.69000e+00	2.76775e-01	4.44148e-03
2.70000e+00	2.77074e-01	4.35143e-03
2.71000e+00	2.77372e-01	4.26325e-03
2.72000e+00	2.77667e-01	4.17691e-03
2.73000e+00	2.77962e-01	4.09235e-03
2.74000e+00	2.78254e-01	4.00955e-03
2.75000e+00	2.78545e-01	3.92845e-03
2.76000e+00	2.78834e-01	3.84903e-03
2.77000e+00	2.79121e-01	3.77123e-03
2.78000e+00	2.79406e-01	3.69504e-03
2.79000e+00	2.79690e-01	3.62041e-03
2.80000e+00	2.79972e-01	3.54731e-03
2.81000e+00	2.80253e-01	3.47570e-03
2.82000e+00	2.80532e-01	3.40555e-03
2.83000e+00	2.80809e-01	3.33682e-03
2.84000e+00	2.81084e-01	3.26950e-03
2.85000e+00	2.81358e-01	3.20354e-03
2.86000e+00	2.81630e-01	3.13891e-03
2.87000e+00	2.81901e-01	3.07560e-03
2.88000e+00	2.82169e-01	3.01356e-03
2.89000e+00	2.82437e-01	2.95277e-03
2.90000e+00	2.82702e-01	2.89321e-03
2.91000e+00	2.82966e-01	2.83484e-03
2.92000e+00	2.83228e-01	2.77764e-03
2.93000e+00	2.83489e-01	2.72160e-03
2.94000e+00	2.83748e-01	2.66667e-03
2.95000e+00	2.84005e-01	2.61284e-03
2.96000e+00	2.84261e-01	2.56009e-03
2.97000e+00	2.84516e-01	2.50838e-03
2.98000e+00	2.84768e-01	2.45771e-03
2.99000e+00	2.85019e-01	2.40804e-03
3.00000e+00	2.85269e-01	2.35937e-03
3.01000e+00	2.85516e-01	2.31165e-03
3.02000e+00	2.85763e-01	2.26488e-03
3.03000e+00	2.86007e-01	2.21904e-03
3.04000e+00	2.86251e-01	2.17411e-03
3.05000e+00	2.86492e-01	2.13006e-03
3.06000e+00	2.86732e-01	2.08688e-03
3.07000e+00	2.86971e-01	2.04455e-03
3.08000e+00	2.87207e-01	2.00306e-03
3.09000e+00	2.87443e-01	1.96238e-03
3.10000e+00	2.87677e-01	1.92250e-03
3.11000e+00	2.87909e-01	1.88341e-03
3.12000e+00	2.88140e-01	1.84508e-03
3.13000e+00	2.88369e-01	1.80750e-03
3.14000e+00	2.88596e-01	1.77066e-03
3.15000e+00	2.88823e-01	1.73454e-03
3.16000e+00	2.89047e-01	1.69913e-03
3.17000e+00	2.89270e-01	1.66441e-03
3.18000e+00	2.89492e-01	1.63037e-03
3.19000e+00	2.89712e-01	1.59699e-03
3.20000e+00	2.89931e-01	1.56427e-03
3.21000e+00	2.90148e-01	1.53218e-03
3.22000e+00	2.90364e-01	1.50072e-03
3.23000e+00	2.90578e-01	1.46987e-03
3.24000e+00	2.90791e-01	1.43962e-03
3.25000e+00	2.91002e-01	1.40996e-03
3.26000e+00	2.91211e-01	1.38087e-03
3.27000e+00	2.91420e-01	1.35235e-03
3.28000e+00	2.91627e-01	1.32439e-03
3.29000e+00	2.91832e-01	1.29697e-03
3.30000e+00	2.92036e-01	1.27008e-03
3.31000e+00	2.92238e-01	1.24371e-03
3.32000e+00	2.92439e-01	1.21786e-03
3.33000e+00	2.92639e-01	1.19251e-03
3.34000e+00	2.92837e-01	1.16765e-03
3.35000e+00	2.93033e-01	1.14327e-03
3.36000e+00	2.93229e-01	1.11936e-03
3.37000e+00	2.93423e-01	1.09592e-03
3.38000e+00	2.93615e-01	1.07293e-03
3.39000e+00	2.93806e-01	1.05039e-03
3.40000e+00	2.93995e-01	1.02829e-03
3.41000e+00	2.94184e-01	1.00661e-03
3.42000e+00	2.94370e-01	9.85360e-04
3.43000e+00	2.94556e-01	9.64517e-04
3.44000e+00	2.94740e-01	9.44079e-04
3.45000e+00	2.94922e-01	9.24037e-04
3.46000e+00	2.95103e-01	9.04385e-04
3.47000e+00	2.95283e-01	8.85114e-04
3.48000e+00	2.95461e-01	8.66217e-04
3.49000e+00	2.95638e-01	8.47687e-04
3.50000e+00	2.95814e-01	8.29517e-04
3.51000e+00	2.95988e-01	8.11701e-04
3.52000e+00	2.96161e-01	7.94230e-04
3.53000e+00	2.96332e-01	7.77100e-04
3.54000e+00	2.96503e-01	7.60303e-04
3.55000e+00	2.96671e-01	7.43833e-04
3.56000e+00	2.96839e-01	7.27684e-04
3.57000e+00	2.97005e-01	7.11850e-04
3.58000e+00	2.97170e-01	6.96324e-04
3.59000e+00	2.97333e-01	6.81102e-04
3.60000e+00	2.97495e-01	6.66177e-04
3.61000e+00	2.97656e-01	6.51543e-04
3.62000e+00	2.97815e-01	6.37196e-04
3.63000e+00	2.97973e-01	6.23130e-04
3.64000e+00	2.98130e-01	6.09339e-04
3.65000e+00	2.98285e-01	5.95818e-04
3.66000e+00	2.98439e-01	5.82563e-04
3.67000e+00	2.98592e-01	5.69569e-04
3.68000e+00	2.98744e-01	5.56829e-04
3.69000e+00	2.98894e-01	5.44341e-04
3.70000e+00	2.99043e-01	5.32098e-04
3.71000e+00	2.99190e-01	5.20097e-04
3.72000e+00	2.99337e-01	5.08333e-04
3.73000e+00	2.99482e-01	4.96801e-04
3.74000e+00	2.99625e-01	4.85498e-04
3.75000e+00	2.99768e-01	4.74419e-04
3.76000e+00	2.99909e-01	4.63559e-04
3.77000e+00	3.00049e-01	4.52915e-04
3.78000e+00	3.00187e-01	4.42483e-04
3.79000e+00	3.00325e-01	4.32259e-04
3.80000e+00	3.00461e-01	4.22239e-04
3.81000e+00	3.00596e-01	4.12419e-04
3.82000e+00	3.00729e-01	4.02795e-04
3.83000e+00	3.00861e-01	3.93364e-04
3.84000e+00	3.00993e-01	3.84123e-04
3.85000e+00	3.01122e-01	3.75067e-04
3.86000e+00	3.01251e-01	3.66194e-04
3.87000e+00	3.01378e-01	3.57500e-04
3.88000e+00	3.01505e-01	3.48982e-04
3.89000e+00	3.01629e-01	3.40636e-04
3.90000e+00	3.01753e-01	3.32459e-04
3.91000e+00	3.01876e-01	3.24449e-04
3.92000e+00	3.01997e-01	3.16602e-04
3.93000e+00	3.02117e-01	3.08915e-04
3.94000e+00	3.02236e-01	3.01385e-04
3.95000e+00	3.02353e-01	2.94009e-04
3.96000e+00	3.02470e-01	2.86785e-04
3.97000e+00	3.02585e-01	2.79710e-04
3.98000e+00	3.02699e-01	2.72781e-04
3.99000e+00	3.02812e-01	2.65995e-04
4.00000e+00	3.02924e-01	2.59349e-04
4.01000e+00	3.03034e-01	2.52842e-04
4.02000e+00	3.03143e-01	2.46470e-04
4.03000e+00	3.03252e-01	2.40231e-04
4.04000e+00	3.03359e-01	2.34123e-04
4.05000e+00	3.03464e-01	2.28143e-04
4.06000e+00	3.03569e-01	2.22289e-04
4.07000e+00	3.03673e-01	2.16559e-04
4.08000e+00	3.03775e-01	2.10950e-04
4.09000e+00	3.03876e-01	2.05460e-04
4.10000e+00	3.03976e-01	2.00086e-04
4.11000e+00	3.04075e-01	1.94828e-04
4.12000e+00	3.04173e-01	1.89682e-04
4.13000e+00	3.04270e-01	1.84647e-04
4.14000e+00	3.04365e-01	1.79720e-04
4.15000e+00	3.04460e-01	1.74899e-04
4.16000e+00	3.04553e-01	1.70184e-04
4.17000e+00	3.04645e-01	1.65571e-04
4.18000e+00	3.04736e-01	1.61058e-04
4.19000e+00	3.04826e-01	1.56645e-04
4.20000e+00	3.04915e-01	1.52329e-04
4.21000e+00	3.05003e-01	1.48107e-04
4.22000e+00	3.05090e-01	1.43980e-04
4.23000e+00	3.05176e-01	1.39944e-04
4.24000e+00	3.05260e-01	1.35998e-04
4.25000e+00	3.05344e-01	1.32141e-04
4.26000e+00	3.05426e-01	1.28371e-04
4.27000e+00	3.05507e-01	1.24685e-04
4.28000e+00	3.05588e-01	1.21084e-04
4.29000e+00	3.05667e-01	1.17564e-04
4.30000e+00	3.05745e-01	1.14125e-04
4.31000e+00	3.05822e-01	1.10765e-04
4.32000e+00	3.05898e-01	1.07483e-04
4.33000e+00	3.05973e-01	1.04276e-04
4.34000e+00	3.06047e-01	1.01145e-04
4.35000e+00	3.06120e-01	9.80864e-05
4.36000e+00	3.06192e-01	9.51000e-05
4.37000e+00	3.06263e-01	9.21842e-05
4.38000e+00	3.06333e-01	8.93377e-05
4.39000e+00	3.06402e-01	8.65591e-05
4.40000e+00	3.06470e-01	8.38472e-05
4.41000e+00	3.06537e-01	8.12007e-05
4.42000e+00	3.06602e-01	7.86184e-05
4.43000e+00	3.06667e-01	7.60991e-05
4.44000e+00	3.06731e-01	7.36416e-05
4.45000e+00	3.06794e-01	7.12447e-05
4.46000e+00	3.06856e-01	6.89073e-05
4.47000e+00	3.06917e-01	6.66282e-05
4.48000e+00	3.06977e-01	6.44063e-05
4.49000e+00	3.07036e-01	6.22405e-05
4.50000e+00	3.07094e-01	6.01298e-05
4.51000e+00	3.07151e-01	5.80731e-05
4.52000e+00	3.07207e-01	5.60694e-05
4.53000e+00	3.07262e-01	5.41176e-05
4.54000e+00	3.07317e-01	5.22167e-05
4.55000e+00	3.07370e-01	5.03658e-05
4.56000e+00	3.07422e-01	4.85638e-05
4.57000e+00	3.07474e-01	4.68099e-05
4.58000e+00	3.07524e-01	4.51030e-05
4.59000e+00	3.07574e-01	4.34424e-05
4.60000e+00	3.07623e-01	4.18269e-05
4.61000e+00	3.07671e-01	4.02559e-05
4.62000e+00	3.07718e-01	3.87283e-05
4.63000e+00	3.07764e-01	3.72434e-05
4.64000e+00	3.07809e-01	3.58002e-05
4.65000e+00	3.07853e-01	3.43980e-05
4.66000e+00	3.07896e-01	3.30359e-05
4.67000e+00	3.07939e-01	3.17131e-05
4.68000e+00	3.07981e-01	3.04289e-05
4.69000e+00	3.08021e-01	2.91824e-05
4.70000e+00	3.08061e-01	2.79729e-05
4.71000e+00	3.08100e-01	2.67996e-05
4.72000e+00	3.08139e-01	2.56618e-05
4.73000e+00	3.08176e-01	2.45588e-05
4.74000e+00	3.08213e-01	2.34898e-05
4.75000e+00	3.08248e-01	2.24541e-05
4.76000e+00	3.08283e-01	2.14511e-05
4.77000e+00	3.08318e-01	2.04800e-05
4.78000e+00	3.08351e-01	1.95402e-05
4.79000e+00	3.08383e-01	1.86310e-05
4.80000e+00	3.08415e-01	1.77518e-05
4.81000e+00	3.08446e-01	1.69019e-05
4.82000e+00	3.08476e-01	1.60807e-05
4.83000e+00	3.08506e-01	1.52876e-05
4.84000e+00	3.08534e-01	1.45219e-05
4.85000e+00	3.08562e-01	1.37831e-05
4.86000e+00	3.08589e-01	1.30705e-05
4.87000e+00	3.08616e-01	1.23837e-05
4.88000e+00	3.08641e-01	1.17219e-05
4.89000e+00	3.08666e-01	1.10847e-05
4.90000e+00	3.08690e-01	1.04715e-05
4.91000e+00	3.08714e-01	9.88173e-06
4.92000e+00	3.08736e-01	9.31484e-06
4.93000e+00	3.08758e-01	8.77033e-06
4.94000e+00	3.08780e-01	8.24765e-06
4.95000e+00	3.08800e-01	7.74630e-06
4.96000e+00	3.08820e-01	7.26577e-06
4.97000e+00	3.08840e-01	6.80555e-06
4.98000e+00	3.08858e-01	6.36516e-06
4.99000e+00	3.08876e-01	5.94410e-06
5.00000e+00	3.08893e-01	5.54189e-06
5.01000e+00	3.08910e-01	5.15806e-06
5.02000e+00	3.08926e-01	4.79214e-06
5.03000e+00	3.08941e-01	4.44368e-06
5.04000e+00	3.08956e-01	4.11221e-06
5.05000e+00	3.08970e-01	3.79730e-06
5.06000e+00	3.08984e-01	3.49848e-06
5.07000e+00	3.08996e-01	3.21534e-06
5.08000e+00	3.09009e-01	2.94743e-06
5.09000e+00	3.09020e-01	2.69434e-06
5.10000e+00	3.09032e-01	2.45563e-06
5.11000e+00	3.09042e-01	2.23089e-06
5.12000e+00	3.09052e-01	2.01971e-06
5.13000e+00	3.09062e-01	1.82169e-06
5.14000e+00	3.09071e-01	1.63641e-06
5.15000e+00	3.09079e-01	1.46348e-06
5.16000e+00	3.09087e-01	1.30250e-06
5.17000e+00	3.09094e-01	1.15308e-06
5.18000e+00	3.09101e-01	1.01483e-06
5.19000e+00	3.09108e-01	8.87370e-07
5.20000e+00	3.09114e-01	7.70305e-07
5.21000e+00	3.09119e-01	6.63257e-07
5.22000e+00	3.09124e-01	5.65846e-07
5.23000e+00	3.09129e-01	4.77693e-07
5.24000e+00	3.09133e-01	3.98417e-07
5.25000e+00	3.09137e-01	3.27642e-07
5.26000e+00	3.09140e-01	2.64988e-07
5.27000e+00	3.09143e-01	2.10074e-07
5.28000e+00	3.09145e-01	1.62518e-07
5.29000e+00	3.09148e-01	1.21933e-07
5.30000e+00	3.09149e-01	8.79276e-08
5.31000e+00	3.09151e-01	6.01053e-08
5.32000e+00	3.09152e-01	3.80601e-08
5.33000e+00	3.09153e-01	2.13763e-08
5.34000e+00	3.09154e-01	9.62669e-09
5.35000e+00	3.09154e-01	2.37912e-09
