1.00000e-02	1.28396e-24	4.00000e-03
2.00000e-02	8.98773e-09	4.00000e-03
3.00000e-02	3.33830e-08	3.99997e-03
4.00000e-02	8.08893e-08	3.99991e-03
5.00000e-02	1.59210e-07	3.99983e-03
6.00000e-02	2.76047e-07	3.99973e-03
7.00000e-02	4.39103e-07	3.99962e-03
8.00000e-02	6.56079e-07	3.99948e-03
9.00000e-02	9.34676e-07	3.99932e-03
1.00000e-01	1.28259e-06	3.99915e-03
1.10000e-01	1.70752e-06	3.99895e-03
1.20000e-01	2.21717e-06	3.99873e-03
1.30000e-01	2.81922e-06	3.99850e-03
1.40000e-01	3.52138e-06	3.99824e-03
1.50000e-01	4.33133e-06	3.99797e-03
1.60000e-01	5.25676e-06	3.99767e-03
1.70000e-01	6.30537e-06	3.99736e-03
1.80000e-01	7.48482e-06	3.99703e-03
1.90000e-01	8.80282e-06	3.99667e-03
2.00000e-01	1.02670e-05	3.99630e-03
2.10000e-01	1.18851e-05	3.99591e-03
2.20000e-01	1.36648e-05	3.99550e-03
2.30000e-01	1.56137e-05	3.99506e-03
2.40000e-01	1.77396e-05	3.99461e-03
2.50000e-01	2.00500e-05	3.99414e-03
2.60000e-01	2.25526e-05	3.99365e-03
2.70000e-01	2.52551e-05	3.99314e-03
2.80000e-01	2.81652e-05	3.99261e-03
2.90000e-01	3.12905e-05	3.99206e-03
3.00000e-01	3.46386e-05	3.99150e-03
3.10000e-01	3.82172e-05	3.99091e-03
3.20000e-01	4.20340e-05	3.99030e-03
3.30000e-01	4.60965e-05	3.98967e-03
3.40000e-01	5.04124e-05	3.98903e-03
3.50000e-01	5.49893e-05	3.98836e-03
3.60000e-01	5.98348e-05	3.98767e-03
3.70000e-01	6.49566e-05	3.98697e-03
3.80000e-01	7.03622e-05	3.98624e-03
3.90000e-01	7.60593e-05	3.98550e-03
4.00000e-01	8.20554e-05	3.98474e-03
4.10000e-01	8.83582e-05	3.98395e-03
4.20000e-01	9.49752e-05	3.98315e-03
4.30000e-01	1.01914e-04	3.98233e-03
4.40000e-01	1.09182e-04	3.98149e-03
4.50000e-01	1.16787e-04	3.98063e-03
4.60000e-01	1.24737e-04	3.97975e-03
4.70000e-01	1.33039e-04	3.97885e-03
4.80000e-01	1.41700e-04	3.97793e-03
4.90000e-01	1.50729e-04	3.97699e-03
5.00000e-01	1.60132e-04	3.97603e-03
5.10000e-01	1.69918e-04	3.97506e-03
5.20000e-01	1.80093e-04	3.97406e-03
5.30000e-01	1.90666e-04	3.97304e-03
5.40000e-01	2.01643e-04	3.97201e-03
5.50000e-01	2.13033e-04	3.97096e-03
5.60000e-01	2.24842e-04	3.96988e-03
5.70000e-01	2.37079e-04	3.96879e-03
5.80000e-01	2.49750e-04	3.96768e-03
5.90000e-01	2.62863e-04	3.96655e-03
6.00000e-01	2.76427e-04	3.96540e-03
6.10000e-01	2.90447e-04	3.96423e-03
6.20000e-01	3.04932e-04	3.96304e-03
6.30000e-01	3.19888e-04	3.96183e-03
6.40000e-01	3.35325e-04	3.96060e-03
6.50000e-01	3.51248e-04	3.95936e-03
6.60000e-01	3.67665e-04	3.95809e-03
6.70000e-01	3.84584e-04	3.95681e-03
6.80000e-01	4.02011e-04	3.95550e-03
6.90000e-01	4.19956e-04	3.95418e-03
7.00000e-01	4.38424e-04	3.95284e-03
7.10000e-01	4.57423e-04	3.95148e-03
7.20000e-01	4.76960e-04	3.95010e-03
7.30000e-01	4.97043e-04	3.94870e-03
7.40000e-01	5.17680e-04	3.94728e-03
7.50000e-01	5.38877e-04	3.94585e-03
7.60000e-01	5.60641e-04	3.94439e-03
7.70000e-01	5.82981e-04	3.94292e-03
7.80000e-01	6.05903e-04	3.94142e-03
7.90000e-01	6.29414e-04	3.93991e-03
8.00000e-01	6.53523e-04	3.93838e-03
8.10000e-01	6.78235e-04	3.93683e-03
8.20000e-01	7.03559e-04	3.93526e-03
8.30000e-01	7.29501e-04	3.93368e-03
8.40000e-01	7.56069e-04	3.93207e-03
8.50000e-01	7.83270e-04	3.93044e-03
8.60000e-01	8.11112e-04	3.92880e-03
8.70000e-01	8.39600e-04	3.92714e-03
8.80000e-01	8.68744e-04	3.92546e-03
8.90000e-01	8.98549e-04	3.92376e-03
9.00000e-01	9.29022e-04	3.92204e-03
9.10000e-01	9.60172e-04	3.92030e-03
9.20000e-01	9.92005e-04	3.91855e-03
9.30000e-01	1.02453e-03	3.91677e-03
9.40000e-01	1.05775e-03	3.91498e-03
9.50000e-01	1.09167e-03	3.91317e-03
9.60000e-01	1.12631e-03	3.91134e-03
9.70000e-01	1.16166e-03	3.90949e-03
9.80000e-01	1.19774e-03	3.90762e-03
9.90000e-01	1.23456e-03	3.90574e-03
1.00000e+00	1.27211e-03	3.90383e-03
1.01000e+00	1.31041e-03	3.90191e-03
1.02000e+00	1.34946e-03	3.89997e-03
1.03000e+00	1.38927e-03	3.89801e-03
1.04000e+00	1.42985e-03	3.89603e-03
1.05000e+00	1.47121e-03	3.89404e-03
1.06000e+00	1.51334e-03	3.89202e-03
1.07000e+00	1.55627e-03	3.88999e-03
1.08000e+00	1.59998e-03	3.88794e-03
1.09000e+00	1.64451e-03	3.88587e-03
1.10000e+00	1.68984e-03	3.88379e-03
1.11000e+00	1.73598e-03	3.88168e-03
1.12000e+00	1.78295e-03	3.87956e-03
1.13000e+00	1.83075e-03	3.87742e-03
1.14000e+00	1.87938e-03	3.87526e-03
1.15000e+00	1.92886e-03	3.87308e-03
1.16000e+00	1.97918e-03	3.87089e-03
1.17000e+00	2.03037e-03	3.86867e-03
1.18000e+00	2.08241e-03	3.86644e-03
1.19000e+00	2.13533e-03	3.86419e-03
1.20000e+00	2.18912e-03	3.86193e-03
1.21000e+00	2.24380e-03	3.85964e-03
1.22000e+00	2.29937e-03	3.85734e-03
1.23000e+00	2.35583e-03	3.85502e-03
1.24000e+00	2.41320e-03	3.85268e-03
1.25000e+00	2.47147e-03	3.85033e-03
1.26000e+00	2.53066e-03	3.84795e-03
1.27000e+00	2.59078e-03	3.84556e-03
1.28000e+00	2.65183e-03	3.84315e-03
1.29000e+00	2.71381e-03	3.84073e-03
1.30000e+00	2.77673e-03	3.83828e-03
1.31000e+00	2.84061e-03	3.83582e-03
1.32000e+00	2.90544e-03	3.83334e-03
1.33000e+00	2.97123e-03	3.83085e-03
1.34000e+00	3.03799e-03	3.82833e-03
1.35000e+00	3.10572e-03	3.82580e-03
1.36000e+00	3.17444e-03	3.82325e-03
1.37000e+00	3.24415e-03	3.82069e-03
1.38000e+00	3.31485e-03	3.81810e-03
1.39000e+00	3.38655e-03	3.81550e-03
1.40000e+00	3.45926e-03	3.81289e-03
1.41000e+00	3.53298e-03	3.81025e-03
1.42000e+00	3.60772e-03	3.80760e-03
1.43000e+00	3.68349e-03	3.80493e-03
1.44000e+00	3.76029e-03	3.80224e-03
1.45000e+00	3.83813e-03	3.79954e-03
1.46000e+00	3.91701e-03	3.79682e-03
1.47000e+00	3.99694e-03	3.79408e-03
1.48000e+00	4.07793e-03	3.79133e-03
1.49000e+00	4.15999e-03	3.78855e-03
1.50000e+00	4.24311e-03	3.78576e-03
1.51000e+00	4.32731e-03	3.78296e-03
1.52000e+00	4.41260e-03	3.78014e-03
1.53000e+00	4.49897e-03	3.77730e-03
1.54000e+00	4.58643e-03	3.77444e-03
1.55000e+00	4.67500e-03	3.77157e-03
1.56000e+00	4.76467e-03	3.76868e-03
1.57000e+00	4.85545e-03	3.76577e-03
1.58000e+00	4.94735e-03	3.76285e-03
1.59000e+00	5.04037e-03	3.75991e-03
1.60000e+00	5.13453e-03	3.75696e-03
1.61000e+00	5.22982e-03	3.75399e-03
1.62000e+00	5.32625e-03	3.75100e-03
1.63000e+00	5.42383e-03	3.74799e-03
1.64000e+00	5.52257e-03	3.74497e-03
1.65000e+00	5.62246e-03	3.74193e-03
1.66000e+00	5.72352e-03	3.73888e-03
1.67000e+00	5.82575e-03	3.73581e-03
1.68000e+00	5.92916e-03	3.73272e-03
1.69000e+00	6.03375e-03	3.72962e-03
1.70000e+00	6.13952e-03	3.72650e-03
1.71000e+00	6.24650e-03	3.72337e-03
1.72000e+00	6.35467e-03	3.72021e-03
1.73000e+00	6.46405e-03	3.71705e-03
1.74000e+00	6.57463e-03	3.71386e-03
1.75000e+00	6.68644e-03	3.71067e-03
1.76000e+00	6.79947e-03	3.70745e-03
1.77000e+00	6.91372e-03	3.70422e-03
1.78000e+00	7.02921e-03	3.70097e-03
1.79000e+00	7.14594e-03	3.69771e-03
1.80000e+00	7.26391e-03	3.69443e-03
1.81000e+00	7.38313e-03	3.69114e-03
1.82000e+00	7.50361e-03	3.68783e-03
1.83000e+00	7.62534e-03	3.68450e-03
1.84000e+00	7.74835e-03	3.68116e-03
1.85000e+00	7.87262e-03	3.67781e-03
1.86000e+00	7.99818e-03	3.67444e-03
1.87000e+00	8.12501e-03	3.67105e-03
1.88000e+00	8.25313e-03	3.66765e-03
1.89000e+00	8.38255e-03	3.66423e-03
1.90000e+00	8.51326e-03	3.66080e-03
1.91000e+00	8.64528e-03	3.65735e-03
1.92000e+00	8.77861e-03	3.65388e-03
1.93000e+00	8.91325e-03	3.65040e-03
1.94000e+00	9.04920e-03	3.64691e-03
1.95000e+00	9.18649e-03	3.64340e-03
1.96000e+00	9.32510e-03	3.63988e-03
1.97000e+00	9.46504e-03	3.63634e-03
1.98000e+00	9.60633e-03	3.63278e-03
1.99000e+00	9.74896e-03	3.62921e-03
2.00000e+00	9.89294e-03	3.62563e-03
2.01000e+00	1.00383e-02	3.62203e-03
2.02000e+00	1.01850e-02	3.61842e-03
2.03000e+00	1.03330e-02	3.61479e-03
2.04000e+00	1.04824e-02	3.61115e-03
2.05000e+00	1.06333e-02	3.60749e-03
2.06000e+00	1.07854e-02	3.60382e-03
2.07000e+00	1.09390e-02	3.60013e-03
2.08000e+00	1.10939e-02	3.59643e-03
2.09000e+00	1.12503e-02	3.59271e-03
2.10000e+00	1.14080e-02	3.58898e-03
2.11000e+00	1.15672e-02	3.58524e-03
2.12000e+00	1.17277e-02	3.58148e-03
2.13000e+00	1.18897e-02	3.57771e-03
2.14000e+00	1.20531e-02	3.57392e-03
2.15000e+00	1.22179e-02	3.57012e-03
2.16000e+00	1.23841e-02	3.56630e-03
2.17000e+00	1.25518e-02	3.56247e-03
2.18000e+00	1.27209e-02	3.55863e-03
2.19000e+00	1.28914e-02	3.55477e-03
2.20000e+00	1.30634e-02	3.55090e-03
2.21000e+00	1.32368e-02	3.54702e-03
2.22000e+00	1.34117e-02	3.54312e-03
2.23000e+00	1.35881e-02	3.53920e-03
2.24000e+00	1.37659e-02	3.53528e-03
2.25000e+00	1.39451e-02	3.53134e-03
2.26000e+00	1.41259e-02	3.52738e-03
2.27000e+00	1.43081e-02	3.52341e-03
2.28000e+00	1.44918e-02	3.51943e-03
2.29000e+00	1.46770e-02	3.51544e-03
2.30000e+00	1.48636e-02	3.51143e-03
2.31000e+00	1.50518e-02	3.50741e-03
2.32000e+00	1.52415e-02	3.50337e-03
2.33000e+00	1.54326e-02	3.49932e-03
2.34000e+00	1.56253e-02	3.49526e-03
2.35000e+00	1.58194e-02	3.49119e-03
2.36000e+00	1.60151e-02	3.48710e-03
2.37000e+00	1.62123e-02	3.48300e-03
2.38000e+00	1.64110e-02	3.47889e-03
2.39000e+00	1.66113e-02	3.47476e-03
2.40000e+00	1.68131e-02	3.47062e-03
2.41000e+00	1.70164e-02	3.46647e-03
2.42000e+00	1.72212e-02	3.46230e-03
2.43000e+00	1.74276e-02	3.45812e-03
2.44000e+00	1.76355e-02	3.45393e-03
2.45000e+00	1.78450e-02	3.44973e-03
2.46000e+00	1.80560e-02	3.44551e-03
2.47000e+00	1.82686e-02	3.44128e-03
2.48000e+00	1.84827e-02	3.43704e-03
2.49000e+00	1.86984e-02	3.43279e-03
2.50000e+00	1.89157e-02	3.42852e-03
2.51000e+00	1.91345e-02	3.42424e-03
2.52000e+00	1.93549e-02	3.41995e-03
2.53000e+00	1.95769e-02	3.41565e-03
2.54000e+00	1.98005e-02	3.41133e-03
2.55000e+00	2.00256e-02	3.40701e-03
2.56000e+00	2.02524e-02	3.40267e-03
2.57000e+00	2.04807e-02	3.39832e-03
2.58000e+00	2.07106e-02	3.39395e-03
2.59000e+00	2.09421e-02	3.38958e-03
2.60000e+00	2.11753e-02	3.38519e-03
2.61000e+00	2.14100e-02	3.38079e-03
2.62000e+00	2.16463e-02	3.37638e-03
2.63000e+00	2.18843e-02	3.37196e-03
2.64000e+00	2.21238e-02	3.36752e-03
2.65000e+00	2.23650e-02	3.36308e-03
2.66000e+00	2.26078e-02	3.35862e-03
2.67000e+00	2.28522e-02	3.35415e-03
2.68000e+00	2.30983e-02	3.34967e-03
2.69000e+00	2.33460e-02	3.34518e-03
2.70000e+00	2.35953e-02	3.34068e-03
2.71000e+00	2.38462e-02	3.33616e-03
2.72000e+00	2.40988e-02	3.33164e-03
2.73000e+00	2.43530e-02	3.32710e-03
2.74000e+00	2.46089e-02	3.32255e-03
2.75000e+00	2.48664e-02	3.31799e-03
2.76000e+00	2.51256e-02	3.31342e-03
2.77000e+00	2.53864e-02	3.30884e-03
2.78000e+00	2.56489e-02	3.30425e-03
2.79000e+00	2.59131e-02	3.29965e-03
2.80000e+00	2.61789e-02	3.29503e-03
2.81000e+00	2.64463e-02	3.29041e-03
2.82000e+00	2.67155e-02	3.28578e-03
2.83000e+00	2.69863e-02	3.28113e-03
2.84000e+00	2.72588e-02	3.27647e-03
2.85000e+00	2.75329e-02	3.27181e-03
2.86000e+00	2.78088e-02	3.26713e-03
2.87000e+00	2.80863e-02	3.26244e-03
2.88000e+00	2.83655e-02	3.25775e-03
2.89000e+00	2.86463e-02	3.25304e-03
2.90000e+00	2.89289e-02	3.24832e-03
2.91000e+00	2.92132e-02	3.24359e-03
2.92000e+00	2.94991e-02	3.23886e-03
2.93000e+00	2.97868e-02	3.23411e-03
2.94000e+00	3.00761e-02	3.22935e-03
2.95000e+00	3.03672e-02	3.22458e-03
2.96000e+00	3.06599e-02	3.21980e-03
2.97000e+00	3.09543e-02	3.21502e-03
2.98000e+00	3.12505e-02	3.21022e-03
2.99000e+00	3.15484e-02	3.20541e-03
3.00000e+00	3.18479e-02	3.20059e-03
3.01000e+00	3.21492e-02	3.19577e-03
3.02000e+00	3.24522e-02	3.19093e-03
3.03000e+00	3.27569e-02	3.18609e-03
3.04000e+00	3.30634e-02	3.18123e-03
3.05000e+00	3.33715e-02	3.17637e-03
3.06000e+00	3.36814e-02	3.17150e-03
3.07000e+00	3.39930e-02	3.16661e-03
3.08000e+00	3.43064e-02	3.16172e-03
3.09000e+00	3.46214e-02	3.15682e-03
3.10000e+00	3.49382e-02	3.15191e-03
3.11000e+00	3.52567e-02	3.14699e-03
3.12000e+00	3.55770e-02	3.14206e-03
3.13000e+00	3.58990e-02	3.13713e-03
3.14000e+00	3.62227e-02	3.13218e-03
3.15000e+00	3.65482e-02	3.12723e-03
3.16000e+00	3.68754e-02	3.12227e-03
3.17000e+00	3.72043e-02	3.11729e-03
3.18000e+00	3.75350e-02	3.11231e-03
3.19000e+00	3.78674e-02	3.10733e-03
3.20000e+00	3.82016e-02	3.10233e-03
3.21000e+00	3.85376e-02	3.09732e-03
3.22000e+00	3.88752e-02	3.09231e-03
3.23000e+00	3.92147e-02	3.08729e-03
3.24000e+00	3.95558e-02	3.08226e-03
3.25000e+00	3.98988e-02	3.07722e-03
3.26000e+00	4.02435e-02	3.07217e-03
3.27000e+00	4.05899e-02	3.06712e-03
3.28000e+00	4.09381e-02	3.06206e-03
3.29000e+00	4.12881e-02	3.05698e-03
3.30000e+00	4.16398e-02	3.05191e-03
3.31000e+00	4.19933e-02	3.04682e-03
3.32000e+00	4.23485e-02	3.04173e-03
3.33000e+00	4.27055e-02	3.03663e-03
3.34000e+00	4.30643e-02	3.03152e-03
3.35000e+00	4.34248e-02	3.02640e-03
3.36000e+00	4.37871e-02	3.02128e-03
3.37000e+00	4.41512e-02	3.01614e-03
3.38000e+00	4.45171e-02	3.01100e-03
3.39000e+00	4.48847e-02	3.00586e-03
3.40000e+00	4.52540e-02	3.00070e-03
3.41000e+00	4.56252e-02	2.99554e-03
3.42000e+00	4.59981e-02	2.99038e-03
3.43000e+00	4.63728e-02	2.98520e-03
3.44000e+00	4.67492e-02	2.98002e-03
3.45000e+00	4.71275e-02	2.97483e-03
3.46000e+00	4.75075e-02	2.96963e-03
3.47000e+00	4.78893e-02	2.96443e-03
3.48000e+00	4.82728e-02	2.95922e-03
3.49000e+00	4.86582e-02	2.95401e-03
3.50000e+00	4.90453e-02	2.94878e-03
3.51000e+00	4.94342e-02	2.94355e-03
3.52000e+00	4.98248e-02	2.93832e-03
3.53000e+00	5.02173e-02	2.93307e-03
3.54000e+00	5.06115e-02	2.92783e-03
3.55000e+00	5.10075e-02	2.92257e-03
3.56000e+00	5.14053e-02	2.91731e-03
3.57000e+00	5.18048e-02	2.91204e-03
3.58000e+00	5.22062e-02	2.90677e-03
3.59000e+00	5.26093e-02	2.90149e-03
3.60000e+00	5.30142e-02	2.89620e-03
3.61000e+00	5.34208e-02	2.89091e-03
3.62000e+00	5.38293e-02	2.88561e-03
3.63000e+00	5.42395e-02	2.88031e-03
3.64000e+00	5.46515e-02	2.87500e-03
3.65000e+00	5.50653e-02	2.86968e-03
3.66000e+00	5.54809e-02	2.86436e-03
3.67000e+00	5.58983e-02	2.85903e-03
3.68000e+00	5.63174e-02	2.85370e-03
3.69000e+00	5.67383e-02	2.84836e-03
3.70000e+00	5.71610e-02	2.84302e-03
3.71000e+00	5.75855e-02	2.83767e-03
3.72000e+00	5.80118e-02	2.83232e-03
3.73000e+00	5.84398e-02	2.82696e-03
3.74000e+00	5.88696e-02	2.82159e-03
3.75000e+00	5.93012e-02	2.81622e-03
3.76000e+00	5.97346e-02	2.81085e-03
3.77000e+00	6.01697e-02	2.80547e-03
3.78000e+00	6.06067e-02	2.80008e-03
3.79000e+00	6.10454e-02	2.79469e-03
3.80000e+00	6.14859e-02	2.78930e-03
3.81000e+00	6.19281e-02	2.78390e-03
3.82000e+00	6.23722e-02	2.77849e-03
3.83000e+00	6.28180e-02	2.77309e-03
3.84000e+00	6.32656e-02	2.76767e-03
3.85000e+00	6.37149e-02	2.76225e-03
3.86000e+00	6.41661e-02	2.75683e-03
3.87000e+00	6.46190e-02	2.75141e-03
3.88000e+00	6.50737e-02	2.74597e-03
3.89000e+00	6.55301e-02	2.74054e-03
3.90000e+00	6.59884e-02	2.73510e-03
3.91000e+00	6.64484e-02	2.72966e-03
3.92000e+00	6.69101e-02	2.72421e-03
3.93000e+00	6.73737e-02	2.71876e-03
3.94000e+00	6.78390e-02	2.71330e-03
3.95000e+00	6.83060e-02	2.70784e-03
3.96000e+00	6.87749e-02	2.70238e-03
3.97000e+00	6.92455e-02	2.69691e-03
3.98000e+00	6.97179e-02	2.69144e-03
3.99000e+00	7.01920e-02	2.68596e-03
4.00000e+00	7.06679e-02	2.68048e-03
4.01000e+00	7.11455e-02	2.67500e-03
4.02000e+00	7.16249e-02	2.66951e-03
4.03000e+00	7.21061e-02	2.66402e-03
4.04000e+00	7.25890e-02	2.65853e-03
4.05000e+00	7.30737e-02	2.65304e-03
4.06000e+00	7.35602e-02	2.64754e-03
4.07000e+00	7.40484e-02	2.64203e-03
4.08000e+00	7.45383e-02	2.63653e-03
4.09000e+00	7.50300e-02	2.63102e-03
4.10000e+00	7.55234e-02	2.62551e-03
4.11000e+00	7.60186e-02	2.61999e-03
4.12000e+00	7.65156e-02	2.61447e-03
4.13000e+00	7.70143e-02	2.60895e-03
4.14000e+00	7.75147e-02	2.60343e-03
4.15000e+00	7.80169e-02	2.59790e-03
4.16000e+00	7.85208e-02	2.59238e-03
4.17000e+00	7.90264e-02	2.58684e-03
4.18000e+00	7.95338e-02	2.58131e-03
4.19000e+00	8.00430e-02	2.57577e-03
4.20000e+00	8.05538e-02	2.57023e-03
4.21000e+00	8.10664e-02	2.56469e-03
4.22000e+00	8.15807e-02	2.55915e-03
4.23000e+00	8.20968e-02	2.55360e-03
4.24000e+00	8.26146e-02	2.54806e-03
4.25000e+00	8.31341e-02	2.54251e-03
4.26000e+00	8.36553e-02	2.53695e-03
4.27000e+00	8.41783e-02	2.53140e-03
4.28000e+00	8.47029e-02	2.52584e-03
4.29000e+00	8.52293e-02	2.52028e-03
4.30000e+00	8.57574e-02	2.51472e-03
4.31000e+00	8.62872e-02	2.50916e-03
4.32000e+00	8.68188e-02	2.50360e-03
4.33000e+00	8.73520e-02	2.49803e-03
4.34000e+00	8.78870e-02	2.49246e-03
4.35000e+00	8.84236e-02	2.48690e-03
4.36000e+00	8.89620e-02	2.48133e-03
4.37000e+00	8.95020e-02	2.47575e-03
4.38000e+00	9.00438e-02	2.47018e-03
4.39000e+00	9.05872e-02	2.46461e-03
4.40000e+00	9.11324e-02	2.45903e-03
4.41000e+00	9.16792e-02	2.45346e-03
4.42000e+00	9.22278e-02	2.44788e-03
4.43000e+00	9.27780e-02	2.44230e-03
4.44000e+00	9.33299e-02	2.43672e-03
4.45000e+00	9.38834e-02	2.43114e-03
4.46000e+00	9.44387e-02	2.42555e-03
4.47000e+00	9.49957e-02	2.41997e-03
4.48000e+00	9.55543e-02	2.41439e-03
4.49000e+00	9.61146e-02	2.40880e-03
4.50000e+00	9.66765e-02	2.40322e-03
4.51000e+00	9.72401e-02	2.39763e-03
4.52000e+00	9.78054e-02	2.39205e-03
4.53000e+00	9.83724e-02	2.38646e-03
4.54000e+00	9.89410e-02	2.38087e-03
4.55000e+00	9.95113e-02	2.37528e-03
4.56000e+00	1.00083e-01	2.36970e-03
4.57000e+00	1.00657e-01	2.36411e-03
4.58000e+00	1.01232e-01	2.35852e-03
4.59000e+00	1.01809e-01	2.35293e-03
4.60000e+00	1.02387e-01	2.34734e-03
4.61000e+00	1.02967e-01	2.34175e-03
4.62000e+00	1.03549e-01	2.33616e-03
4.63000e+00	1.04133e-01	2.33057e-03
4.64000e+00	1.04718e-01	2.32499e-03
4.65000e+00	1.05304e-01	2.31940e-03
4.66000e+00	1.05893e-01	2.31381e-03
4.67000e+00	1.06483e-01	2.30822e-03
4.68000e+00	1.07074e-01	2.30263e-03
4.69000e+00	1.07667e-01	2.29704e-03
4.70000e+00	1.08262e-01	2.29146e-03
4.71000e+00	1.08859e-01	2.28587e-03
4.72000e+00	1.09457e-01	2.28028e-03
4.73000e+00	1.10056e-01	2.27470e-03
4.74000e+00	1.10657e-01	2.26911e-03
4.75000e+00	1.11260e-01	2.26353e-03
4.76000e+00	1.11864e-01	2.25794e-03
4.77000e+00	1.12470e-01	2.25236e-03
4.78000e+00	1.13078e-01	2.24678e-03
4.79000e+00	1.13687e-01	2.24120e-03
4.80000e+00	1.14298e-01	2.23562e-03
4.81000e+00	1.14910e-01	2.23004e-03
4.82000e+00	1.15524e-01	2.22446e-03
4.83000e+00	1.16139e-01	2.21889e-03
4.84000e+00	1.16756e-01	2.21331e-03
4.85000e+00	1.17375e-01	2.20774e-03
4.86000e+00	1.17995e-01	2.20216e-03
4.87000e+00	1.18617e-01	2.19659e-03
4.88000e+00	1.19240e-01	2.19102e-03
4.89000e+00	1.19865e-01	2.18545e-03
4.90000e+00	1.20491e-01	2.17988e-03
4.91000e+00	1.21119e-01	2.17432e-03
4.92000e+00	1.21748e-01	2.16875e-03
4.93000e+00	1.22379e-01	2.16319e-03
4.94000e+00	1.23012e-01	2.15763e-03
4.95000e+00	1.23646e-01	2.15207e-03
4.96000e+00	1.24281e-01	2.14652e-03
4.97000e+00	1.24918e-01	2.14096e-03
4.98000e+00	1.25557e-01	2.13541e-03
4.99000e+00	1.26197e-01	2.12986e-03
5.00000e+00	1.26839e-01	2.12431e-03
5.01000e+00	1.27482e-01	2.11876e-03
5.02000e+00	1.28126e-01	2.11321e-03
5.03000e+00	1.28772e-01	2.10767e-03
5.04000e+00	1.29420e-01	2.10213e-03
5.05000e+00	1.30069e-01	2.09659e-03
5.06000e+00	1.30719e-01	2.09106e-03
5.07000e+00	1.31371e-01	2.08552e-03
5.08000e+00	1.32025e-01	2.07999e-03
5.09000e+00	1.32680e-01	2.07446e-03
5.10000e+00	1.33336e-01	2.06894e-03
5.11000e+00	1.33994e-01	2.06341e-03
5.12000e+00	1.34653e-01	2.05789e-03
5.13000e+00	1.35314e-01	2.05237e-03
5.14000e+00	1.35976e-01	2.04686e-03
5.15000e+00	1.36640e-01	2.04134e-03
5.16000e+00	1.37305e-01	2.03584e-03
5.17000e+00	1.37972e-01	2.03033e-03
5.18000e+00	1.38640e-01	2.02482e-03
5.19000e+00	1.39309e-01	2.01932e-03
5.20000e+00	1.39980e-01	2.01382e-03
5.21000e+00	1.40652e-01	2.00833e-03
5.22000e+00	1.41326e-01	2.00284e-03
5.23000e+00	1.42001e-01	1.99735e-03
5.24000e+00	1.42677e-01	1.99186e-03
5.25000e+00	1.43355e-01	1.98638e-03
5.26000e+00	1.44034e-01	1.98090e-03
5.27000e+00	1.44715e-01	1.97543e-03
5.28000e+00	1.45397e-01	1.96996e-03
5.29000e+00	1.46081e-01	1.96449e-03
5.30000e+00	1.46765e-01	1.95902e-03
5.31000e+00	1.47452e-01	1.95356e-03
5.32000e+00	1.48139e-01	1.94810e-03
5.33000e+00	1.48828e-01	1.94265e-03
5.34000e+00	1.49518e-01	1.93720e-03
5.35000e+00	1.50210e-01	1.93175e-03
5.36000e+00	1.50903e-01	1.92631e-03
5.37000e+00	1.51597e-01	1.92087e-03
5.38000e+00	1.52293e-01	1.91544e-03
5.39000e+00	1.52990e-01	1.91000e-03
5.40000e+00	1.53688e-01	1.90458e-03
5.41000e+00	1.54388e-01	1.89915e-03
5.42000e+00	1.55089e-01	1.89374e-03
5.43000e+00	1.55791e-01	1.88832e-03
5.44000e+00	1.56495e-01	1.88291e-03
5.45000e+00	1.57200e-01	1.87750e-03
5.46000e+00	1.57906e-01	1.87210e-03
5.47000e+00	1.58613e-01	1.86670e-03
5.48000e+00	1.59322e-01	1.86131e-03
5.49000e+00	1.60032e-01	1.85592e-03
5.50000e+00	1.60743e-01	1.85054e-03
5.51000e+00	1.61456e-01	1.84516e-03
5.52000e+00	1.62170e-01	1.83978e-03
5.53000e+00	1.62885e-01	1.83441e-03
5.54000e+00	1.63602e-01	1.82904e-03
5.55000e+00	1.64319e-01	1.82368e-03
5.56000e+00	1.65038e-01	1.81832e-03
5.57000e+00	1.65758e-01	1.81297e-03
5.58000e+00	1.66480e-01	1.80762e-03
5.59000e+00	1.67202e-01	1.80228e-03
5.60000e+00	1.67926e-01	1.79694e-03
5.61000e+00	1.68651e-01	1.79161e-03
5.62000e+00	1.69378e-01	1.78628e-03
5.63000e+00	1.70105e-01	1.78096e-03
5.64000e+00	1.70834e-01	1.77564e-03
5.65000e+00	1.71564e-01	1.77033e-03
5.66000e+00	1.72295e-01	1.76502e-03
5.67000e+00	1.73027e-01	1.75972e-03
5.68000e+00	1.73761e-01	1.75442e-03
5.69000e+00	1.74496e-01	1.74913e-03
5.70000e+00	1.75232e-01	1.74384e-03
5.71000e+00	1.75969e-01	1.73856e-03
5.72000e+00	1.76707e-01	1.73328e-03
5.73000e+00	1.77446e-01	1.72801e-03
5.74000e+00	1.78187e-01	1.72275e-03
5.75000e+00	1.78928e-01	1.71749e-03
5.76000e+00	1.79671e-01	1.71224e-03
5.77000e+00	1.80415e-01	1.70699e-03
5.78000e+00	1.81160e-01	1.70174e-03
5.79000e+00	1.81907e-01	1.69651e-03
5.80000e+00	1.82654e-01	1.69128e-03
5.81000e+00	1.83402e-01	1.68605e-03
5.82000e+00	1.84152e-01	1.68083e-03
5.83000e+00	1.84903e-01	1.67562e-03
5.84000e+00	1.85654e-01	1.67041e-03
5.85000e+00	1.86407e-01	1.66520e-03
5.86000e+00	1.87161e-01	1.66001e-03
5.87000e+00	1.87916e-01	1.65482e-03
5.88000e+00	1.88672e-01	1.64963e-03
5.89000e+00	1.89429e-01	1.64446e-03
5.90000e+00	1.90188e-01	1.63928e-03
5.91000e+00	1.90947e-01	1.63412e-03
5.92000e+00	1.91707e-01	1.62896e-03
5.93000e+00	1.92469e-01	1.62380e-03
5.94000e+00	1.93231e-01	1.61865e-03
5.95000e+00	1.93995e-01	1.61351e-03
5.96000e+00	1.94759e-01	1.60838e-03
5.97000e+00	1.95525e-01	1.60325e-03
5.98000e+00	1.96291e-01	1.59813e-03
5.99000e+00	1.97059e-01	1.59301e-03
6.00000e+00	1.97827e-01	1.58790e-03
6.01000e+00	1.98597e-01	1.58280e-03
6.02000e+00	1.99367e-01	1.57770e-03
6.03000e+00	2.00139e-01	1.57261e-03
6.04000e+00	2.00911e-01	1.56753e-03
6.05000e+00	2.01685e-01	1.56245e-03
6.06000e+00	2.02459e-01	1.55738e-03
6.07000e+00	2.03235e-01	1.55232e-03
6.08000e+00	2.04011e-01	1.54726e-03
6.09000e+00	2.04788e-01	1.54221e-03
6.10000e+00	2.05567e-01	1.53717e-03
6.11000e+00	2.06346e-01	1.53213e-03
6.12000e+00	2.07126e-01	1.52710e-03
6.13000e+00	2.07907e-01	1.52208e-03
6.14000e+00	2.08689e-01	1.51707e-03
6.15000e+00	2.09472e-01	1.51206e-03
6.16000e+00	2.10256e-01	1.50706e-03
6.17000e+00	2.11041e-01	1.50206e-03
6.18000e+00	2.11826e-01	1.49707e-03
6.19000e+00	2.12613e-01	1.49209e-03
6.20000e+00	2.13400e-01	1.48712e-03
6.21000e+00	2.14188e-01	1.48216e-03
6.22000e+00	2.14978e-01	1.47720e-03
6.23000e+00	2.15768e-01	1.47224e-03
6.24000e+00	2.16558e-01	1.46730e-03
6.25000e+00	2.17350e-01	1.46236e-03
6.26000e+00	2.18143e-01	1.45743e-03
6.27000e+00	2.18936e-01	1.45251e-03
6.28000e+00	2.19730e-01	1.44760e-03
6.29000e+00	2.20526e-01	1.44269e-03
6.30000e+00	2.21321e-01	1.43779e-03
6.31000e+00	2.22118e-01	1.43290e-03
6.32000e+00	2.22916e-01	1.42801e-03
6.33000e+00	2.23714e-01	1.42313e-03
6.34000e+00	2.24513e-01	1.41826e-03
6.35000e+00	2.25313e-01	1.41340e-03
6.36000e+00	2.26114e-01	1.40855e-03
6.37000e+00	2.26915e-01	1.40370e-03
6.38000e+00	2.27718e-01	1.39886e-03
6.39000e+00	2.28521e-01	1.39403e-03
6.40000e+00	2.29324e-01	1.38920e-03
6.41000e+00	2.30129e-01	1.38439e-03
6.42000e+00	2.30934e-01	1.37958e-03
6.43000e+00	2.31740e-01	1.37478e-03
6.44000e+00	2.32547e-01	1.36998e-03
6.45000e+00	2.33354e-01	1.36520e-03
6.46000e+00	2.34163e-01	1.36042e-03
6.47000e+00	2.34972e-01	1.35565e-03
6.48000e+00	2.35781e-01	1.35089e-03
6.49000e+00	2.36591e-01	1.34614e-03
6.50000e+00	2.37403e-01	1.34139e-03
6.51000e+00	2.38214e-01	1.33665e-03
6.52000e+00	2.39027e-01	1.33192e-03
6.53000e+00	2.39840e-01	1.32720e-03
6.54000e+00	2.40653e-01	1.32249e-03
6.55000e+00	2.41468e-01	1.31779e-03
6.56000e+00	2.42283e-01	1.31309e-03
6.57000e+00	2.43099e-01	1.30840e-03
6.58000e+00	2.43915e-01	1.30372e-03
6.59000e+00	2.44732e-01	1.29905e-03
6.60000e+00	2.45550e-01	1.29438e-03
6.61000e+00	2.46368e-01	1.28973e-03
6.62000e+00	2.47187e-01	1.28508e-03
6.63000e+00	2.48006e-01	1.28044e-03
6.64000e+00	2.48826e-01	1.27581e-03
6.65000e+00	2.49647e-01	1.27119e-03
6.66000e+00	2.50468e-01	1.26657e-03
6.67000e+00	2.51290e-01	1.26197e-03
6.68000e+00	2.52112e-01	1.25737e-03
6.69000e+00	2.52935e-01	1.25278e-03
6.70000e+00	2.53759e-01	1.24820e-03
6.71000e+00	2.54583e-01	1.24363e-03
6.72000e+00	2.55408e-01	1.23907e-03
6.73000e+00	2.56233e-01	1.23451e-03
6.74000e+00	2.57059e-01	1.22997e-03
6.75000e+00	2.57885e-01	1.22543e-03
6.76000e+00	2.58712e-01	1.22090e-03
6.77000e+00	2.59539e-01	1.21638e-03
6.78000e+00	2.60367e-01	1.21187e-03
6.79000e+00	2.61195e-01	1.20737e-03
6.80000e+00	2.62024e-01	1.20287e-03
6.81000e+00	2.62853e-01	1.19839e-03
6.82000e+00	2.63683e-01	1.19391e-03
6.83000e+00	2.64513e-01	1.18944e-03
6.84000e+00	2.65344e-01	1.18498e-03
6.85000e+00	2.66175e-01	1.18053e-03
6.86000e+00	2.67007e-01	1.17609e-03
6.87000e+00	2.67839e-01	1.17166e-03
6.88000e+00	2.68672e-01	1.16723e-03
6.89000e+00	2.69505e-01	1.16282e-03
6.90000e+00	2.70338e-01	1.15841e-03
6.91000e+00	2.71172e-01	1.15401e-03
6.92000e+00	2.72006e-01	1.14963e-03
6.93000e+00	2.72841e-01	1.14525e-03
6.94000e+00	2.73676e-01	1.14088e-03
6.95000e+00	2.74512e-01	1.13652e-03
6.96000e+00	2.75348e-01	1.13216e-03
6.97000e+00	2.76184e-01	1.12782e-03
6.98000e+00	2.77021e-01	1.12348e-03
6.99000e+00	2.77858e-01	1.11916e-03
7.00000e+00	2.78695e-01	1.11484e-03
7.01000e+00	2.79533e-01	1.11054e-03
7.02000e+00	2.80371e-01	1.10624e-03
7.03000e+00	2.81209e-01	1.10195e-03
7.04000e+00	2.82048e-01	1.09767e-03
7.05000e+00	2.82887e-01	1.09340e-03
7.06000e+00	2.83727e-01	1.08914e-03
7.07000e+00	2.84566e-01	1.08488e-03
7.08000e+00	2.85406e-01	1.08064e-03
7.09000e+00	2.86247e-01	1.07641e-03
7.10000e+00	2.87087e-01	1.07218e-03
7.11000e+00	2.87928e-01	1.06797e-03
7.12000e+00	2.88770e-01	1.06376e-03
7.13000e+00	2.89611e-01	1.05956e-03
7.14000e+00	2.90453e-01	1.05538e-03
7.15000e+00	2.91295e-01	1.05120e-03
7.16000e+00	2.92137e-01	1.04703e-03
7.17000e+00	2.92980e-01	1.04287e-03
7.18000e+00	2.93822e-01	1.03872e-03
7.19000e+00	2.94666e-01	1.03458e-03
7.20000e+00	2.95509e-01	1.03044e-03
7.21000e+00	2.96352e-01	1.02632e-03
7.22000e+00	2.97196e-01	1.02221e-03
7.23000e+00	2.98040e-01	1.01810e-03
7.24000e+00	2.98884e-01	1.01401e-03
7.25000e+00	2.99728e-01	1.00993e-03
7.26000e+00	3.00573e-01	1.00585e-03
7.27000e+00	3.01417e-01	1.00178e-03
7.28000e+00	3.02262e-01	9.97727e-04
7.29000e+00	3.03107e-01	9.93680e-04
7.30000e+00	3.03952e-01	9.89642e-04
7.31000e+00	3.04798e-01	9.85614e-04
7.32000e+00	3.05643e-01	9.81596e-04
7.33000e+00	3.06489e-01	9.77586e-04
7.34000e+00	3.07335e-01	9.73587e-04
7.35000e+00	3.08181e-01	9.69596e-04
7.36000e+00	3.09027e-01	9.65616e-04
7.37000e+00	3.09873e-01	9.61645e-04
7.38000e+00	3.10719e-01	9.57683e-04
7.39000e+00	3.11565e-01	9.53731e-04
7.40000e+00	3.12412e-01	9.49789e-04
7.41000e+00	3.13258e-01	9.45856e-04
7.42000e+00	3.14105e-01	9.41933e-04
7.43000e+00	3.14952e-01	9.38019e-04
7.44000e+00	3.15798e-01	9.34115e-04
7.45000e+00	3.16645e-01	9.30220e-04
7.46000e+00	3.17492e-01	9.26336e-04
7.47000e+00	3.18339e-01	9.22460e-04
7.48000e+00	3.19186e-01	9.18595e-04
7.49000e+00	3.20033e-01	9.14739e-04
7.50000e+00	3.20880e-01	9.10892e-04
7.51000e+00	3.21727e-01	9.07056e-04
7.52000e+00	3.22574e-01	9.03229e-04
7.53000e+00	3.23421e-01	8.99412e-04
7.54000e+00	3.24268e-01	8.95604e-04
7.55000e+00	3.25115e-01	8.91806e-04
7.56000e+00	3.25962e-01	8.88018e-04
7.57000e+00	3.26809e-01	8.84239e-04
7.58000e+00	3.27656e-01	8.80470e-04
7.59000e+00	3.28503e-01	8.76711e-04
7.60000e+00	3.29350e-01	8.72962e-04
7.61000e+00	3.30197e-01	8.69222e-04
7.62000e+00	3.31044e-01	8.65492e-04
7.63000e+00	3.31891e-01	8.61772e-04
7.64000e+00	3.32737e-01	8.58061e-04
7.65000e+00	3.33584e-01	8.54360e-04
7.66000e+00	3.34430e-01	8.50669e-04
7.67000e+00	3.35277e-01	8.46988e-04
7.68000e+00	3.36123e-01	8.43316e-04
7.69000e+00	3.36970e-01	8.39655e-04
7.70000e+00	3.37816e-01	8.36003e-04
7.71000e+00	3.38662e-01	8.32360e-04
7.72000e+00	3.39508e-01	8.28728e-04
7.73000e+00	3.40354e-01	8.25105e-04
7.74000e+00	3.41199e-01	8.21492e-04
7.75000e+00	3.42045e-01	8.17889e-04
7.76000e+00	3.42890e-01	8.14295e-04
7.77000e+00	3.43736e-01	8.10712e-04
7.78000e+00	3.44581e-01	8.07138e-04
7.79000e+00	3.45426e-01	8.03574e-04
7.80000e+00	3.46270e-01	8.00019e-04
7.81000e+00	3.47115e-01	7.96475e-04
7.82000e+00	3.47959e-01	7.92940e-04
7.83000e+00	3.48804e-01	7.89415e-04
7.84000e+00	3.49648e-01	7.85900e-04
7.85000e+00	3.50491e-01	7.82395e-04
7.86000e+00	3.51335e-01	7.78899e-04
7.87000e+00	3.52178e-01	7.75413e-04
7.88000e+00	3.53022e-01	7.71937e-04
7.89000e+00	3.53865e-01	7.68471e-04
7.90000e+00	3.54707e-01	7.65015e-04
7.91000e+00	3.55550e-01	7.61568e-04
7.92000e+00	3.56392e-01	7.58132e-04
7.93000e+00	3.57234e-01	7.54705e-04
7.94000e+00	3.58076e-01	7.51287e-04
7.95000e+00	3.58917e-01	7.47880e-04
7.96000e+00	3.59758e-01	7.44483e-04
7.97000e+00	3.60599e-01	7.41095e-04
7.98000e+00	3.61440e-01	7.37717e-04
7.99000e+00	3.62280e-01	7.34349e-04
8.00000e+00	3.63120e-01	7.30990e-04
8.01000e+00	3.63960e-01	7.27642e-04
8.02000e+00	3.64799e-01	7.24303e-04
8.03000e+00	3.65638e-01	7.20974e-04
8.04000e+00	3.66477e-01	7.17655e-04
8.05000e+00	3.67315e-01	7.14345e-04
8.06000e+00	3.68154e-01	7.11046e-04
8.07000e+00	3.68991e-01	7.07756e-04
8.08000e+00	3.69829e-01	7.04476e-04
8.09000e+00	3.70666e-01	7.01206e-04
8.10000e+00	3.71502e-01	6.97945e-04
8.11000e+00	3.72339e-01	6.94694e-04
8.12000e+00	3.73175e-01	6.91453e-04
8.13000e+00	3.74010e-01	6.88222e-04
8.14000e+00	3.74845e-01	6.85001e-04
8.15000e+00	3.75680e-01	6.81789e-04
8.16000e+00	3.76514e-01	6.78587e-04
8.17000e+00	3.77348e-01	6.75395e-04
8.18000e+00	3.78182e-01	6.72213e-04
8.19000e+00	3.79015e-01	6.69040e-04
8.20000e+00	3.79848e-01	6.65877e-04
8.21000e+00	3.80680e-01	6.62724e-04
8.22000e+00	3.81512e-01	6.59581e-04
8.23000e+00	3.82343e-01	6.56447e-04
8.24000e+00	3.83174e-01	6.53323e-04
8.25000e+00	3.84005e-01	6.50209e-04
8.26000e+00	3.84835e-01	6.47104e-04
8.27000e+00	3.85664e-01	6.44009e-04
8.28000e+00	3.86493e-01	6.40924e-04
8.29000e+00	3.87322e-01	6.37849e-04
8.30000e+00	3.88150e-01	6.34783e-04
8.31000e+00	3.88978e-01	6.31727e-04
8.32000e+00	3.89805e-01	6.28681e-04
8.33000e+00	3.90632e-01	6.25644e-04
8.34000e+00	3.91458e-01	6.22617e-04
8.35000e+00	3.92283e-01	6.19600e-04
8.36000e+00	3.93108e-01	6.16593e-04
8.37000e+00	3.93933e-01	6.13595e-04
8.38000e+00	3.94757e-01	6.10606e-04
8.39000e+00	3.95580e-01	6.07628e-04
8.40000e+00	3.96403e-01	6.04659e-04
8.41000e+00	3.97226e-01	6.01699e-04
8.42000e+00	3.98047e-01	5.98749e-04
8.43000e+00	3.98869e-01	5.95809e-04
8.44000e+00	3.99689e-01	5.92879e-04
8.45000e+00	4.00510e-01	5.89958e-04
8.46000e+00	4.01329e-01	5.87046e-04
8.47000e+00	4.02148e-01	5.84145e-04
8.48000e+00	4.02966e-01	5.81252e-04
8.49000e+00	4.03784e-01	5.78370e-04
8.50000e+00	4.04601e-01	5.75497e-04
8.51000e+00	4.05418e-01	5.72633e-04
8.52000e+00	4.06234e-01	5.69779e-04
8.53000e+00	4.07049e-01	5.66935e-04
8.54000e+00	4.07864e-01	5.64100e-04
8.55000e+00	4.08678e-01	5.61275e-04
8.56000e+00	4.09491e-01	5.58459e-04
8.57000e+00	4.10304e-01	5.55653e-04
8.58000e+00	4.11116e-01	5.52856e-04
8.59000e+00	4.11927e-01	5.50068e-04
8.60000e+00	4.12738e-01	5.47290e-04
8.61000e+00	4.13548e-01	5.44522e-04
8.62000e+00	4.14358e-01	5.41763e-04
8.63000e+00	4.15167e-01	5.39014e-04
8.64000e+00	4.15975e-01	5.36274e-04
8.65000e+00	4.16782e-01	5.33543e-04
8.66000e+00	4.17589e-01	5.30822e-04
8.67000e+00	4.18395e-01	5.28110e-04
8.68000e+00	4.19200e-01	5.25408e-04
8.69000e+00	4.20005e-01	5.22715e-04
8.70000e+00	4.20808e-01	5.20031e-04
8.71000e+00	4.21611e-01	5.17357e-04
8.72000e+00	4.22414e-01	5.14692e-04
8.73000e+00	4.23216e-01	5.12036e-04
8.74000e+00	4.24016e-01	5.09390e-04
8.75000e+00	4.24817e-01	5.06753e-04
8.76000e+00	4.25616e-01	5.04126e-04
8.77000e+00	4.26415e-01	5.01507e-04
8.78000e+00	4.27213e-01	4.98899e-04
8.79000e+00	4.28010e-01	4.96299e-04
8.80000e+00	4.28806e-01	4.93708e-04
8.81000e+00	4.29602e-01	4.91127e-04
8.82000e+00	4.30396e-01	4.88555e-04
8.83000e+00	4.31190e-01	4.85993e-04
8.84000e+00	4.31984e-01	4.83439e-04
8.85000e+00	4.32776e-01	4.80895e-04
8.86000e+00	4.33568e-01	4.78360e-04
8.87000e+00	4.34358e-01	4.75834e-04
8.88000e+00	4.35148e-01	4.73318e-04
8.89000e+00	4.35938e-01	4.70810e-04
8.90000e+00	4.36726e-01	4.68312e-04
8.91000e+00	4.37513e-01	4.65823e-04
8.92000e+00	4.38300e-01	4.63343e-04
8.93000e+00	4.39086e-01	4.60872e-04
8.94000e+00	4.39871e-01	4.58410e-04
8.95000e+00	4.40655e-01	4.55957e-04
8.96000e+00	4.41438e-01	4.53514e-04
8.97000e+00	4.42221e-01	4.51079e-04
8.98000e+00	4.43002e-01	4.48654e-04
8.99000e+00	4.43783e-01	4.46237e-04
9.00000e+00	4.44562e-01	4.43830e-04
9.01000e+00	4.45341e-01	4.41431e-04
9.02000e+00	4.46119e-01	4.39042e-04
9.03000e+00	4.46896e-01	4.36661e-04
9.04000e+00	4.47673e-01	4.34290e-04
9.05000e+00	4.48448e-01	4.31927e-04
9.06000e+00	4.49222e-01	4.29574e-04
9.07000e+00	4.49996e-01	4.27229e-04
9.08000e+00	4.50768e-01	4.24893e-04
9.09000e+00	4.51540e-01	4.22566e-04
9.10000e+00	4.52311e-01	4.20248e-04
9.11000e+00	4.53080e-01	4.17939e-04
9.12000e+00	4.53849e-01	4.15639e-04
9.13000e+00	4.54617e-01	4.13348e-04
9.14000e+00	4.55384e-01	4.11065e-04
9.15000e+00	4.56150e-01	4.08792e-04
9.16000e+00	4.56915e-01	4.06527e-04
9.17000e+00	4.57679e-01	4.04271e-04
9.18000e+00	4.58442e-01	4.02023e-04
9.19000e+00	4.59204e-01	3.99785e-04
9.20000e+00	4.59965e-01	3.97555e-04
9.21000e+00	4.60726e-01	3.95334e-04
9.22000e+00	4.61485e-01	3.93121e-04
9.23000e+00	4.62243e-01	3.90918e-04
9.24000e+00	4.63000e-01	3.88723e-04
9.25000e+00	4.63756e-01	3.86536e-04
9.26000e+00	4.64511e-01	3.84358e-04
9.27000e+00	4.65266e-01	3.82189e-04
9.28000e+00	4.66019e-01	3.80029e-04
9.29000e+00	4.66771e-01	3.77877e-04
9.30000e+00	4.67522e-01	3.75734e-04
9.31000e+00	4.68272e-01	3.73599e-04
9.32000e+00	4.69021e-01	3.71473e-04
9.33000e+00	4.69769e-01	3.69356e-04
9.34000e+00	4.70516e-01	3.67247e-04
9.35000e+00	4.71262e-01	3.65146e-04
9.36000e+00	4.72007e-01	3.63054e-04
9.37000e+00	4.72750e-01	3.60970e-04
9.38000e+00	4.73493e-01	3.58895e-04
9.39000e+00	4.74235e-01	3.56829e-04
9.40000e+00	4.74975e-01	3.54771e-04
9.41000e+00	4.75715e-01	3.52721e-04
9.42000e+00	4.76453e-01	3.50679e-04
9.43000e+00	4.77191e-01	3.48646e-04
9.44000e+00	4.77927e-01	3.46622e-04
9.45000e+00	4.78662e-01	3.44605e-04
9.46000e+00	4.79396e-01	3.42597e-04
9.47000e+00	4.80129e-01	3.40598e-04
9.48000e+00	4.80861e-01	3.38606e-04
9.49000e+00	4.81592e-01	3.36623e-04
9.50000e+00	4.82322e-01	3.34649e-04
9.51000e+00	4.83050e-01	3.32682e-04
9.52000e+00	4.83778e-01	3.30724e-04
9.53000e+00	4.84504e-01	3.28774e-04
9.54000e+00	4.85229e-01	3.26832e-04
9.55000e+00	4.85953e-01	3.24898e-04
9.56000e+00	4.86676e-01	3.22972e-04
9.57000e+00	4.87398e-01	3.21055e-04
9.58000e+00	4.88118e-01	3.19146e-04
9.59000e+00	4.88838e-01	3.17245e-04
9.60000e+00	4.89556e-01	3.15351e-04
9.61000e+00	4.90273e-01	3.13466e-04
9.62000e+00	4.90989e-01	3.11589e-04
9.63000e+00	4.91704e-01	3.09721e-04
9.64000e+00	4.92417e-01	3.07860e-04
9.65000e+00	4.93130e-01	3.06007e-04
9.66000e+00	4.93841e-01	3.04162e-04
9.67000e+00	4.94551e-01	3.02325e-04
9.68000e+00	4.95260e-01	3.00496e-04
9.69000e+00	4.95968e-01	2.98675e-04
9.70000e+00	4.96674e-01	2.96862e-04
9.71000e+00	4.97380e-01	2.95056e-04
9.72000e+00	4.98084e-01	2.93259e-04
9.73000e+00	4.98787e-01	2.91470e-04
9.74000e+00	4.99488e-01	2.89688e-04
9.75000e+00	5.00189e-01	2.87914e-04
9.76000e+00	5.00888e-01	2.86148e-04
9.77000e+00	5.01586e-01	2.84390e-04
9.78000e+00	5.02283e-01	2.82639e-04
9.79000e+00	5.02978e-01	2.80897e-04
9.80000e+00	5.03673e-01	2.79162e-04
9.81000e+00	5.04366e-01	2.77435e-04
9.82000e+00	5.05058e-01	2.75715e-04
9.83000e+00	5.05748e-01	2.74003e-04
9.84000e+00	5.06438e-01	2.72299e-04
9.85000e+00	5.07126e-01	2.70602e-04
9.86000e+00	5.07813e-01	2.68913e-04
9.87000e+00	5.08498e-01	2.67232e-04
9.88000e+00	5.09183e-01	2.65558e-04
9.89000e+00	5.09866e-01	2.63892e-04
9.90000e+00	5.10548e-01	2.62233e-04
9.91000e+00	5.11228e-01	2.60582e-04
9.92000e+00	5.11907e-01	2.58939e-04
9.93000e+00	5.12585e-01	2.57303e-04
9.94000e+00	5.13262e-01	2.55674e-04
9.95000e+00	5.13938e-01	2.54053e-04
9.96000e+00	5.14612e-01	2.52439e-04
9.97000e+00	5.15284e-01	2.50833e-04
9.98000e+00	5.15956e-01	2.49234e-04
9.99000e+00	5.16626e-01	2.47642e-04
1.00000e+01	5.17295e-01	2.46058e-04
1.00100e+01	5.17963e-01	2.44481e-04
1.00200e+01	5.18629e-01	2.42912e-04
1.00300e+01	5.19294e-01	2.41349e-04
1.00400e+01	5.19958e-01	2.39794e-04
1.00500e+01	5.20620e-01	2.38247e-04
1.00600e+01	5.21281e-01	2.36706e-04
1.00700e+01	5.21941e-01	2.35173e-04
1.00800e+01	5.22599e-01	2.33647e-04
1.00900e+01	5.23256e-01	2.32128e-04
1.01000e+01	5.23912e-01	2.30617e-04
1.01100e+01	5.24566e-01	2.29112e-04
1.01200e+01	5.25219e-01	2.27615e-04
1.01300e+01	5.25871e-01	2.26124e-04
1.01400e+01	5.26521e-01	2.24641e-04
1.01500e+01	5.27170e-01	2.23165e-04
1.01600e+01	5.27818e-01	2.21696e-04
1.01700e+01	5.28464e-01	2.20234e-04
1.01800e+01	5.29109e-01	2.18779e-04
1.01900e+01	5.29753e-01	2.17331e-04
1.02000e+01	5.30395e-01	2.15890e-04
1.02100e+01	5.31036e-01	2.14456e-04
1.02200e+01	5.31675e-01	2.13029e-04
1.02300e+01	5.32313e-01	2.11609e-04
1.02400e+01	5.32950e-01	2.10195e-04
1.02500e+01	5.33585e-01	2.08789e-04
1.02600e+01	5.34219e-01	2.07389e-04
1.02700e+01	5.34852e-01	2.05996e-04
1.02800e+01	5.35483e-01	2.04610e-04
1.02900e+01	5.36113e-01	2.03231e-04
1.03000e+01	5.36741e-01	2.01859e-04
1.03100e+01	5.37368e-01	2.00493e-04
1.03200e+01	5.37994e-01	1.99134e-04
1.03300e+01	5.38618e-01	1.97782e-04
1.03400e+01	5.39241e-01	1.96437e-04
1.03500e+01	5.39862e-01	1.95098e-04
1.03600e+01	5.40482e-01	1.93766e-04
1.03700e+01	5.41100e-01	1.92440e-04
1.03800e+01	5.41717e-01	1.91122e-04
1.03900e+01	5.42333e-01	1.89809e-04
1.04000e+01	5.42947e-01	1.88504e-04
1.04100e+01	5.43560e-01	1.87205e-04
1.04200e+01	5.44172e-01	1.85912e-04
1.04300e+01	5.44782e-01	1.84626e-04
1.04400e+01	5.45390e-01	1.83347e-04
1.04500e+01	5.45997e-01	1.82073e-04
1.04600e+01	5.46603e-01	1.80807e-04
1.04700e+01	5.47207e-01	1.79547e-04
1.04800e+01	5.47810e-01	1.78293e-04
1.04900e+01	5.48412e-01	1.77046e-04
1.05000e+01	5.49011e-01	1.75805e-04
1.05100e+01	5.49610e-01	1.74570e-04
1.05200e+01	5.50207e-01	1.73342e-04
1.05300e+01	5.50803e-01	1.72120e-04
1.05400e+01	5.51397e-01	1.70904e-04
1.05500e+01	5.51989e-01	1.69695e-04
1.05600e+01	5.52580e-01	1.68492e-04
1.05700e+01	5.53170e-01	1.67295e-04
1.05800e+01	5.53759e-01	1.66105e-04
1.05900e+01	5.54345e-01	1.64920e-04
1.06000e+01	5.54931e-01	1.63742e-04
1.06100e+01	5.55515e-01	1.62570e-04
1.06200e+01	5.56097e-01	1.61404e-04
1.06300e+01	5.56678e-01	1.60245e-04
1.06400e+01	5.57257e-01	1.59091e-04
1.06500e+01	5.57835e-01	1.57943e-04
1.06600e+01	5.58412e-01	1.56802e-04
1.06700e+01	5.58987e-01	1.55666e-04
1.06800e+01	5.59560e-01	1.54537e-04
1.06900e+01	5.60132e-01	1.53414e-04
1.07000e+01	5.60703e-01	1.52296e-04
1.07100e+01	5.61272e-01	1.51185e-04
1.07200e+01	5.61839e-01	1.50079e-04
1.07300e+01	5.62405e-01	1.48980e-04
1.07400e+01	5.62970e-01	1.47886e-04
1.07500e+01	5.63533e-01	1.46798e-04
1.07600e+01	5.64095e-01	1.45716e-04
1.07700e+01	5.64655e-01	1.44640e-04
1.07800e+01	5.65213e-01	1.43570e-04
1.07900e+01	5.65770e-01	1.42506e-04
1.08000e+01	5.66326e-01	1.41447e-04
1.08100e+01	5.66880e-01	1.40394e-04
1.08200e+01	5.67432e-01	1.39347e-04
1.08300e+01	5.67983e-01	1.38306e-04
1.08400e+01	5.68533e-01	1.37270e-04
1.08500e+01	5.69081e-01	1.36240e-04
1.08600e+01	5.69627e-01	1.35216e-04
1.08700e+01	5.70172e-01	1.34197e-04
1.08800e+01	5.70716e-01	1.33184e-04
1.08900e+01	5.71258e-01	1.32177e-04
1.09000e+01	5.71798e-01	1.31175e-04
1.09100e+01	5.72337e-01	1.30179e-04
1.09200e+01	5.72874e-01	1.29188e-04
1.09300e+01	5.73410e-01	1.28203e-04
1.09400e+01	5.73944e-01	1.27224e-04
1.09500e+01	5.74477e-01	1.26249e-04
1.09600e+01	5.75008e-01	1.25281e-04
1.09700e+01	5.75538e-01	1.24318e-04
1.09800e+01	5.76066e-01	1.23360e-04
1.09900e+01	5.76593e-01	1.22408e-04
1.10000e+01	5.77118e-01	1.21461e-04
1.10100e+01	5.77641e-01	1.20519e-04
1.10200e+01	5.78163e-01	1.19583e-04
1.10300e+01	5.78684e-01	1.18652e-04
1.10400e+01	5.79202e-01	1.17727e-04
1.10500e+01	5.79720e-01	1.16806e-04
1.10600e+01	5.80236e-01	1.15891e-04
1.10700e+01	5.80750e-01	1.14982e-04
1.10800e+01	5.81263e-01	1.14077e-04
1.10900e+01	5.81774e-01	1.13178e-04
1.11000e+01	5.82283e-01	1.12284e-04
1.11100e+01	5.82791e-01	1.11395e-04
1.11200e+01	5.83298e-01	1.10512e-04
1.11300e+01	5.83803e-01	1.09633e-04
1.11400e+01	5.84306e-01	1.08760e-04
1.11500e+01	5.84808e-01	1.07892e-04
1.11600e+01	5.85308e-01	1.07028e-04
1.11700e+01	5.85807e-01	1.06170e-04
1.11800e+01	5.86304e-01	1.05317e-04
1.11900e+01	5.86800e-01	1.04469e-04
1.12000e+01	5.87294e-01	1.03626e-04
1.12100e+01	5.87786e-01	1.02788e-04
1.12200e+01	5.88277e-01	1.01955e-04
1.12300e+01	5.88766e-01	1.01127e-04
1.12400e+01	5.89254e-01	1.00304e-04
1.12500e+01	5.89740e-01	9.94858e-05
1.12600e+01	5.90225e-01	9.86725e-05
1.12700e+01	5.90708e-01	9.78641e-05
1.12800e+01	5.91189e-01	9.70605e-05
1.12900e+01	5.91669e-01	9.62618e-05
1.13000e+01	5.92147e-01	9.54679e-05
1.13100e+01	5.92624e-01	9.46788e-05
1.13200e+01	5.93099e-01	9.38945e-05
1.13300e+01	5.93573e-01	9.31150e-05
1.13400e+01	5.94045e-01	9.23402e-05
1.13500e+01	5.94515e-01	9.15701e-05
1.13600e+01	5.94984e-01	9.08047e-05
1.13700e+01	5.95452e-01	9.00441e-05
1.13800e+01	5.95917e-01	8.92881e-05
1.13900e+01	5.96382e-01	8.85368e-05
1.14000e+01	5.96844e-01	8.77901e-05
1.14100e+01	5.97305e-01	8.70480e-05
1.14200e+01	5.97765e-01	8.63105e-05
1.14300e+01	5.98222e-01	8.55777e-05
1.14400e+01	5.98679e-01	8.48493e-05
1.14500e+01	5.99133e-01	8.41255e-05
1.14600e+01	5.99586e-01	8.34063e-05
1.14700e+01	6.00038e-01	8.26915e-05
1.14800e+01	6.00488e-01	8.19813e-05
1.14900e+01	6.00936e-01	8.12755e-05
1.15000e+01	6.01383e-01	8.05742e-05
1.15100e+01	6.01828e-01	7.98773e-05
1.15200e+01	6.02272e-01	7.91848e-05
1.15300e+01	6.02714e-01	7.84967e-05
1.15400e+01	6.03154e-01	7.78130e-05
1.15500e+01	6.03593e-01	7.71336e-05
1.15600e+01	6.04030e-01	7.64586e-05
1.15700e+01	6.04466e-01	7.57880e-05
1.15800e+01	6.04900e-01	7.51216e-05
1.15900e+01	6.05332e-01	7.44595e-05
1.16000e+01	6.05763e-01	7.38017e-05
1.16100e+01	6.06192e-01	7.31481e-05
1.16200e+01	6.06620e-01	7.24988e-05
1.16300e+01	6.07046e-01	7.18537e-05
1.16400e+01	6.07471e-01	7.12128e-05
1.16500e+01	6.07894e-01	7.05761e-05
1.16600e+01	6.08315e-01	6.99435e-05
1.16700e+01	6.08735e-01	6.93151e-05
1.16800e+01	6.09153e-01	6.86908e-05
1.16900e+01	6.09570e-01	6.80707e-05
1.17000e+01	6.09985e-01	6.74546e-05
1.17100e+01	6.10398e-01	6.68426e-05
1.17200e+01	6.10810e-01	6.62347e-05
1.17300e+01	6.11220e-01	6.56307e-05
1.17400e+01	6.11629e-01	6.50309e-05
1.17500e+01	6.12036e-01	6.44350e-05
1.17600e+01	6.12441e-01	6.38431e-05
1.17700e+01	6.12845e-01	6.32552e-05
1.17800e+01	6.13248e-01	6.26712e-05
1.17900e+01	6.13648e-01	6.20912e-05
1.18000e+01	6.14047e-01	6.15151e-05
1.18100e+01	6.14445e-01	6.09429e-05
1.18200e+01	6.14841e-01	6.03745e-05
1.18300e+01	6.15235e-01	5.98101e-05
1.18400e+01	6.15628e-01	5.92495e-05
1.18500e+01	6.16019e-01	5.86927e-05
1.18600e+01	6.16409e-01	5.81397e-05
1.18700e+01	6.16797e-01	5.75905e-05
1.18800e+01	6.17183e-01	5.70451e-05
1.18900e+01	6.17568e-01	5.65035e-05
1.19000e+01	6.17951e-01	5.59656e-05
1.19100e+01	6.18333e-01	5.54315e-05
1.19200e+01	6.18713e-01	5.49011e-05
1.19300e+01	6.19092e-01	5.43743e-05
1.19400e+01	6.19468e-01	5.38513e-05
1.19500e+01	6.19844e-01	5.33319e-05
1.19600e+01	6.20217e-01	5.28161e-05
1.19700e+01	6.20590e-01	5.23040e-05
1.19800e+01	6.20960e-01	5.17955e-05
1.19900e+01	6.21329e-01	5.12905e-05
1.20000e+01	6.21697e-01	5.07892e-05
1.20100e+01	6.22062e-01	5.02914e-05
1.20200e+01	6.22427e-01	4.97972e-05
1.20300e+01	6.22789e-01	4.93065e-05
1.20400e+01	6.23150e-01	4.88193e-05
1.20500e+01	6.23510e-01	4.83356e-05
1.20600e+01	6.23868e-01	4.78554e-05
1.20700e+01	6.24224e-01	4.73786e-05
1.20800e+01	6.24579e-01	4.69053e-05
1.20900e+01	6.24932e-01	4.64355e-05
1.21000e+01	6.25284e-01	4.59690e-05
1.21100e+01	6.25634e-01	4.55059e-05
1.21200e+01	6.25982e-01	4.50463e-05
1.21300e+01	6.26329e-01	4.45899e-05
1.21400e+01	6.26674e-01	4.41370e-05
1.21500e+01	6.27018e-01	4.36873e-05
1.21600e+01	6.27360e-01	4.32410e-05
1.21700e+01	6.27701e-01	4.27980e-05
1.21800e+01	6.28040e-01	4.23583e-05
1.21900e+01	6.28377e-01	4.19218e-05
1.22000e+01	6.28713e-01	4.14886e-05
1.22100e+01	6.29048e-01	4.10587e-05
1.22200e+01	6.29380e-01	4.06319e-05
1.22300e+01	6.29712e-01	4.02084e-05
1.22400e+01	6.30041e-01	3.97881e-05
1.22500e+01	6.30369e-01	3.93709e-05
1.22600e+01	6.30696e-01	3.89569e-05
1.22700e+01	6.31021e-01	3.85460e-05
1.22800e+01	6.31344e-01	3.81383e-05
1.22900e+01	6.31666e-01	3.77337e-05
1.23000e+01	6.31986e-01	3.73322e-05
1.23100e+01	6.32305e-01	3.69337e-05
1.23200e+01	6.32622e-01	3.65383e-05
1.23300e+01	6.32938e-01	3.61460e-05
1.23400e+01	6.33252e-01	3.57567e-05
1.23500e+01	6.33564e-01	3.53705e-05
1.23600e+01	6.33875e-01	3.49872e-05
1.23700e+01	6.34184e-01	3.46070e-05
1.23800e+01	6.34492e-01	3.42297e-05
1.23900e+01	6.34799e-01	3.38553e-05
1.24000e+01	6.35103e-01	3.34839e-05
1.24100e+01	6.35406e-01	3.31155e-05
1.24200e+01	6.35708e-01	3.27500e-05
1.24300e+01	6.36008e-01	3.23873e-05
1.24400e+01	6.36307e-01	3.20276e-05
1.24500e+01	6.36604e-01	3.16707e-05
1.24600e+01	6.36899e-01	3.13166e-05
1.24700e+01	6.37193e-01	3.09655e-05
1.24800e+01	6.37486e-01	3.06171e-05
1.24900e+01	6.37776e-01	3.02716e-05
1.25000e+01	6.38066e-01	2.99288e-05
1.25100e+01	6.38353e-01	2.95888e-05
1.25200e+01	6.38640e-01	2.92516e-05
1.25300e+01	6.38924e-01	2.89172e-05
1.25400e+01	6.39208e-01	2.85855e-05
1.25500e+01	6.39489e-01	2.82565e-05
1.25600e+01	6.39769e-01	2.79302e-05
1.25700e+01	6.40048e-01	2.76066e-05
1.25800e+01	6.40325e-01	2.72857e-05
1.25900e+01	6.40601e-01	2.69675e-05
1.26000e+01	6.40875e-01	2.66519e-05
1.26100e+01	6.41147e-01	2.63390e-05
1.26200e+01	6.41418e-01	2.60287e-05
1.26300e+01	6.41688e-01	2.57210e-05
1.26400e+01	6.41956e-01	2.54159e-05
1.26500e+01	6.42222e-01	2.51134e-05
1.26600e+01	6.42487e-01	2.48134e-05
1.26700e+01	6.42751e-01	2.45160e-05
1.26800e+01	6.43013e-01	2.42211e-05
1.26900e+01	6.43273e-01	2.39288e-05
1.27000e+01	6.43532e-01	2.36390e-05
1.27100e+01	6.43789e-01	2.33517e-05
1.27200e+01	6.44045e-01	2.30668e-05
1.27300e+01	6.44300e-01	2.27845e-05
1.27400e+01	6.44553e-01	2.25045e-05
1.27500e+01	6.44804e-01	2.22271e-05
1.27600e+01	6.45054e-01	2.19520e-05
1.27700e+01	6.45303e-01	2.16794e-05
1.27800e+01	6.45550e-01	2.14092e-05
1.27900e+01	6.45795e-01	2.11414e-05
1.28000e+01	6.46039e-01	2.08760e-05
1.28100e+01	6.46282e-01	2.06129e-05
1.28200e+01	6.46523e-01	2.03521e-05
1.28300e+01	6.46762e-01	2.00937e-05
1.28400e+01	6.47000e-01	1.98377e-05
1.28500e+01	6.47237e-01	1.95839e-05
1.28600e+01	6.47472e-01	1.93324e-05
1.28700e+01	6.47706e-01	1.90833e-05
1.28800e+01	6.47938e-01	1.88364e-05
1.28900e+01	6.48169e-01	1.85917e-05
1.29000e+01	6.48398e-01	1.83493e-05
1.29100e+01	6.48626e-01	1.81091e-05
1.29200e+01	6.48852e-01	1.78712e-05
1.29300e+01	6.49077e-01	1.76354e-05
1.29400e+01	6.49300e-01	1.74019e-05
1.29500e+01	6.49522e-01	1.71705e-05
1.29600e+01	6.49743e-01	1.69413e-05
1.29700e+01	6.49962e-01	1.67142e-05
1.29800e+01	6.50179e-01	1.64893e-05
1.29900e+01	6.50395e-01	1.62665e-05
1.30000e+01	6.50610e-01	1.60459e-05
1.30100e+01	6.50823e-01	1.58273e-05
1.30200e+01	6.51035e-01	1.56109e-05
1.30300e+01	6.51246e-01	1.53965e-05
1.30400e+01	6.51455e-01	1.51842e-05
1.30500e+01	6.51662e-01	1.49739e-05
1.30600e+01	6.51868e-01	1.47657e-05
1.30700e+01	6.52073e-01	1.45595e-05
1.30800e+01	6.52276e-01	1.43553e-05
1.30900e+01	6.52478e-01	1.41531e-05
1.31000e+01	6.52679e-01	1.39530e-05
1.31100e+01	6.52878e-01	1.37548e-05
1.31200e+01	6.53075e-01	1.35585e-05
1.31300e+01	6.53271e-01	1.33643e-05
1.31400e+01	6.53466e-01	1.31720e-05
1.31500e+01	6.53659e-01	1.29816e-05
1.31600e+01	6.53851e-01	1.27931e-05
1.31700e+01	6.54042e-01	1.26066e-05
1.31800e+01	6.54231e-01	1.24219e-05
1.31900e+01	6.54419e-01	1.22391e-05
1.32000e+01	6.54605e-01	1.20582e-05
1.32100e+01	6.54790e-01	1.18792e-05
1.32200e+01	6.54974e-01	1.17020e-05
1.32300e+01	6.55156e-01	1.15267e-05
1.32400e+01	6.55337e-01	1.13531e-05
1.32500e+01	6.55516e-01	1.11814e-05
1.32600e+01	6.55694e-01	1.10115e-05
1.32700e+01	6.55871e-01	1.08434e-05
1.32800e+01	6.56046e-01	1.06771e-05
1.32900e+01	6.56220e-01	1.05125e-05
1.33000e+01	6.56393e-01	1.03497e-05
1.33100e+01	6.56564e-01	1.01887e-05
1.33200e+01	6.56734e-01	1.00294e-05
1.33300e+01	6.56902e-01	9.87178e-06
1.33400e+01	6.57069e-01	9.71590e-06
1.33500e+01	6.57235e-01	9.56173e-06
1.33600e+01	6.57400e-01	9.40924e-06
1.33700e+01	6.57563e-01	9.25844e-06
1.33800e+01	6.57724e-01	9.10930e-06
1.33900e+01	6.57885e-01	8.96182e-06
1.34000e+01	6.58044e-01	8.81599e-06
1.34100e+01	6.58202e-01	8.67179e-06
1.34200e+01	6.58358e-01	8.52922e-06
1.34300e+01	6.58513e-01	8.38826e-06
1.34400e+01	6.58667e-01	8.24890e-06
1.34500e+01	6.58819e-01	8.11114e-06
1.34600e+01	6.58970e-01	7.97496e-06
1.34700e+01	6.59120e-01	7.84035e-06
1.34800e+01	6.59269e-01	7.70729e-06
1.34900e+01	6.59416e-01	7.57579e-06
1.35000e+01	6.59562e-01	7.44583e-06
1.35100e+01	6.59706e-01	7.31739e-06
1.35200e+01	6.59849e-01	7.19048e-06
1.35300e+01	6.59991e-01	7.06507e-06
1.35400e+01	6.60132e-01	6.94115e-06
1.35500e+01	6.60271e-01	6.81873e-06
1.35600e+01	6.60410e-01	6.69777e-06
1.35700e+01	6.60546e-01	6.57829e-06
1.35800e+01	6.60682e-01	6.46026e-06
1.35900e+01	6.60816e-01	6.34367e-06
1.36000e+01	6.60949e-01	6.22852e-06
1.36100e+01	6.61081e-01	6.11479e-06
1.36200e+01	6.61211e-01	6.00248e-06
1.36300e+01	6.61340e-01	5.89157e-06
1.36400e+01	6.61468e-01	5.78205e-06
1.36500e+01	6.61595e-01	5.67392e-06
1.36600e+01	6.61720e-01	5.56717e-06
1.36700e+01	6.61845e-01	5.46177e-06
1.36800e+01	6.61967e-01	5.35773e-06
1.36900e+01	6.62089e-01	5.25504e-06
1.37000e+01	6.62210e-01	5.15368e-06
1.37100e+01	6.62329e-01	5.05364e-06
1.37200e+01	6.62447e-01	4.95492e-06
1.37300e+01	6.62564e-01	4.85750e-06
1.37400e+01	6.62679e-01	4.76137e-06
1.37500e+01	6.62793e-01	4.66654e-06
1.37600e+01	6.62906e-01	4.57297e-06
1.37700e+01	6.63018e-01	4.48068e-06
1.37800e+01	6.63129e-01	4.38964e-06
1.37900e+01	6.63238e-01	4.29984e-06
1.38000e+01	6.63347e-01	4.21129e-06
1.38100e+01	6.63454e-01	4.12396e-06
1.38200e+01	6.63560e-01	4.03784e-06
1.38300e+01	6.63664e-01	3.95294e-06
1.38400e+01	6.63768e-01	3.86924e-06
1.38500e+01	6.63870e-01	3.78673e-06
1.38600e+01	6.63971e-01	3.70539e-06
1.38700e+01	6.64071e-01	3.62523e-06
1.38800e+01	6.64170e-01	3.54623e-06
1.38900e+01	6.64268e-01	3.46838e-06
1.39000e+01	6.64364e-01	3.39168e-06
1.39100e+01	6.64460e-01	3.31611e-06
1.39200e+01	6.64554e-01	3.24167e-06
1.39300e+01	6.64647e-01	3.16834e-06
1.39400e+01	6.64739e-01	3.09612e-06
1.39500e+01	6.64830e-01	3.02500e-06
1.39600e+01	6.64919e-01	2.95496e-06
1.39700e+01	6.65008e-01	2.88601e-06
1.39800e+01	6.65095e-01	2.81812e-06
1.39900e+01	6.65181e-01	2.75130e-06
1.40000e+01	6.65266e-01	2.68553e-06
1.40100e+01	6.65350e-01	2.62081e-06
1.40200e+01	6.65433e-01	2.55712e-06
1.40300e+01	6.65515e-01	2.49446e-06
1.40400e+01	6.65596e-01	2.43281e-06
1.40500e+01	6.65675e-01	2.37218e-06
1.40600e+01	6.65754e-01	2.31254e-06
1.40700e+01	6.65831e-01	2.25390e-06
1.40800e+01	6.65908e-01	2.19624e-06
1.40900e+01	6.65983e-01	2.13955e-06
1.41000e+01	6.66057e-01	2.08383e-06
1.41100e+01	6.66130e-01	2.02907e-06
1.41200e+01	6.66202e-01	1.97525e-06
1.41300e+01	6.66273e-01	1.92238e-06
1.41400e+01	6.66343e-01	1.87044e-06
1.41500e+01	6.66412e-01	1.81942e-06
1.41600e+01	6.66480e-01	1.76931e-06
1.41700e+01	6.66547e-01	1.72011e-06
1.41800e+01	6.66613e-01	1.67181e-06
1.41900e+01	6.66678e-01	1.62440e-06
1.42000e+01	6.66741e-01	1.57787e-06
1.42100e+01	6.66804e-01	1.53221e-06
1.42200e+01	6.66866e-01	1.48742e-06
1.42300e+01	6.66927e-01	1.44348e-06
1.42400e+01	6.66986e-01	1.40040e-06
1.42500e+01	6.67045e-01	1.35815e-06
1.42600e+01	6.67103e-01	1.31673e-06
1.42700e+01	6.67159e-01	1.27614e-06
1.42800e+01	6.67215e-01	1.23636e-06
1.42900e+01	6.67270e-01	1.19739e-06
1.43000e+01	6.67324e-01	1.15922e-06
1.43100e+01	6.67377e-01	1.12184e-06
1.43200e+01	6.67429e-01	1.08524e-06
1.43300e+01	6.67479e-01	1.04942e-06
1.43400e+01	6.67529e-01	1.01436e-06
1.43500e+01	6.67579e-01	9.80067e-07
1.43600e+01	6.67627e-01	9.46522e-07
1.43700e+01	6.67674e-01	9.13720e-07
1.43800e+01	6.67720e-01	8.81654e-07
1.43900e+01	6.67765e-01	8.50315e-07
1.44000e+01	6.67810e-01	8.19695e-07
1.44100e+01	6.67853e-01	7.89787e-07
1.44200e+01	6.67896e-01	7.60582e-07
1.44300e+01	6.67938e-01	7.32074e-07
1.44400e+01	6.67978e-01	7.04253e-07
1.44500e+01	6.68018e-01	6.77113e-07
1.44600e+01	6.68057e-01	6.50646e-07
1.44700e+01	6.68095e-01	6.24843e-07
1.44800e+01	6.68133e-01	5.99697e-07
1.44900e+01	6.68169e-01	5.75200e-07
1.45000e+01	6.68205e-01	5.51344e-07
1.45100e+01	6.68240e-01	5.28123e-07
1.45200e+01	6.68273e-01	5.05527e-07
1.45300e+01	6.68306e-01	4.83550e-07
1.45400e+01	6.68339e-01	4.62184e-07
1.45500e+01	6.68370e-01	4.41421e-07
1.45600e+01	6.68401e-01	4.21252e-07
1.45700e+01	6.68431e-01	4.01672e-07
1.45800e+01	6.68460e-01	3.82672e-07
1.45900e+01	6.68488e-01	3.64244e-07
1.46000e+01	6.68515e-01	3.46381e-07
1.46100e+01	6.68542e-01	3.29075e-07
1.46200e+01	6.68568e-01	3.12318e-07
1.46300e+01	6.68593e-01	2.96103e-07
1.46400e+01	6.68617e-01	2.80423e-07
1.46500e+01	6.68641e-01	2.65269e-07
1.46600e+01	6.68664e-01	2.50634e-07
1.46700e+01	6.68686e-01	2.36511e-07
1.46800e+01	6.68707e-01	2.22891e-07
1.46900e+01	6.68728e-01	2.09767e-07
1.47000e+01	6.68748e-01	1.97132e-07
1.47100e+01	6.68767e-01	1.84977e-07
1.47200e+01	6.68785e-01	1.73296e-07
1.47300e+01	6.68803e-01	1.62080e-07
1.47400e+01	6.68820e-01	1.51321e-07
1.47500e+01	6.68837e-01	1.41013e-07
1.47600e+01	6.68853e-01	1.31147e-07
1.47700e+01	6.68868e-01	1.21715e-07
1.47800e+01	6.68882e-01	1.12710e-07
1.47900e+01	6.68896e-01	1.04124e-07
1.48000e+01	6.68910e-01	9.59487e-08
1.48100e+01	6.68922e-01	8.81768e-08
1.48200e+01	6.68934e-01	8.08002e-08
1.48300e+01	6.68946e-01	7.38108e-08
1.48400e+01	6.68957e-01	6.72008e-08
1.48500e+01	6.68967e-01	6.09621e-08
1.48600e+01	6.68977e-01	5.50866e-08
1.48700e+01	6.68986e-01	4.95660e-08
1.48800e+01	6.68994e-01	4.43922e-08
1.48900e+01	6.69002e-01	3.95569e-08
1.49000e+01	6.69010e-01	3.50517e-08
1.49100e+01	6.69017e-01	3.08681e-08
1.49200e+01	6.69023e-01	2.69976e-08
1.49300e+01	6.69029e-01	2.34314e-08
1.49400e+01	6.69035e-01	2.01608e-08
1.49500e+01	6.69040e-01	1.71768e-08
1.49600e+01	6.69045e-01	1.44703e-08
1.49700e+01	6.69049e-01	1.20322e-08
1.49800e+01	6.69052e-01	9.85282e-09
1.49900e+01	6.69056e-01	7.92263e-09
1.50000e+01	6.69059e-01	6.23170e-09
1.50100e+01	6.69061e-01	4.76982e-09
1.50200e+01	6.69063e-01	3.52647e-09
1.50300e+01	6.69065e-01	2.49076e-09
1.50400e+01	6.69067e-01	1.65135e-09
1.50500e+01	6.69068e-01	9.96385e-10
1.50600e+01	6.69069e-01	5.13422e-10
1.50700e+01	6.69069e-01	1.89469e-10
1.50800e+01	6.69069e-01	1.16181e-11
