1.00000e-02	8.38079e-26	5.00000e-05
2.00000e-02	5.86656e-10	5.00000e-05
3.00000e-02	2.17901e-09	4.99999e-05
4.00000e-02	5.27989e-09	4.99996e-05
5.00000e-02	1.03922e-08	4.99993e-05
6.00000e-02	1.80186e-08	4.99989e-05
7.00000e-02	2.86621e-08	4.99984e-05
8.00000e-02	4.28253e-08	4.99979e-05
9.00000e-02	6.10112e-08	4.99972e-05
1.00000e-01	8.37224e-08	4.99965e-05
1.10000e-01	1.11462e-07	4.99957e-05
1.20000e-01	1.44732e-07	4.99948e-05
1.30000e-01	1.84035e-07	4.99938e-05
1.40000e-01	2.29875e-07	4.99928e-05
1.50000e-01	2.82753e-07	4.99916e-05
1.60000e-01	3.43172e-07	4.99904e-05
1.70000e-01	4.11635e-07	4.99891e-05
1.80000e-01	4.88644e-07	4.99877e-05
1.90000e-01	5.74702e-07	4.99863e-05
2.00000e-01	6.70311e-07	4.99847e-05
2.10000e-01	7.75973e-07	4.99831e-05
2.20000e-01	8.92191e-07	4.99814e-05
2.30000e-01	1.01947e-06	4.99796e-05
2.40000e-01	1.15830e-06	4.99778e-05
2.50000e-01	1.30920e-06	4.99758e-05
2.60000e-01	1.47266e-06	4.99738e-05
2.70000e-01	1.64919e-06	4.99717e-05
2.80000e-01	1.83928e-06	4.99695e-05
2.90000e-01	2.04345e-06	4.99672e-05
3.00000e-01	2.26218e-06	4.99649e-05
3.10000e-01	2.49599e-06	4.99624e-05
3.20000e-01	2.74537e-06	4.99599e-05
3.30000e-01	3.01083e-06	4.99573e-05
3.40000e-01	3.29286e-06	4.99547e-05
3.50000e-01	3.59198e-06	4.99519e-05
3.60000e-01	3.90867e-06	4.99491e-05
3.70000e-01	4.24344e-06	4.99462e-05
3.80000e-01	4.59679e-06	4.99432e-05
3.90000e-01	4.96923e-06	4.99401e-05
4.00000e-01	5.36125e-06	4.99369e-05
4.10000e-01	5.77335e-06	4.99337e-05
4.20000e-01	6.20604e-06	4.99304e-05
4.30000e-01	6.65981e-06	4.99270e-05
4.40000e-01	7.13516e-06	4.99235e-05
4.50000e-01	7.63260e-06	4.99199e-05
4.60000e-01	8.15262e-06	4.99163e-05
4.70000e-01	8.69573e-06	4.99126e-05
4.80000e-01	9.26242e-06	4.99088e-05
4.90000e-01	9.85320e-06	4.99049e-05
5.00000e-01	1.04686e-05	4.99009e-05
5.10000e-01	1.11090e-05	4.98969e-05
5.20000e-01	1.17750e-05	4.98927e-05
5.30000e-01	1.24671e-05	4.98885e-05
5.40000e-01	1.31858e-05	4.98842e-05
5.50000e-01	1.39316e-05	4.98799e-05
5.60000e-01	1.47049e-05	4.98754e-05
5.70000e-01	1.55063e-05	4.98709e-05
5.80000e-01	1.63363e-05	4.98663e-05
5.90000e-01	1.71953e-05	4.98616e-05
6.00000e-01	1.80840e-05	4.98568e-05
6.10000e-01	1.90027e-05	4.98520e-05
6.20000e-01	1.99519e-05	4.98470e-05
6.30000e-01	2.09322e-05	4.98420e-05
6.40000e-01	2.19441e-05	4.98369e-05
6.50000e-01	2.29880e-05	4.98318e-05
6.60000e-01	2.40645e-05	4.98265e-05
6.70000e-01	2.51740e-05	4.98212e-05
6.80000e-01	2.63171e-05	4.98158e-05
6.90000e-01	2.74942e-05	4.98103e-05
7.00000e-01	2.87059e-05	4.98047e-05
7.10000e-01	2.99526e-05	4.97990e-05
7.20000e-01	3.12348e-05	4.97933e-05
7.30000e-01	3.25530e-05	4.97875e-05
7.40000e-01	3.39078e-05	4.97816e-05
7.50000e-01	3.52996e-05	4.97756e-05
7.60000e-01	3.67288e-05	4.97696e-05
7.70000e-01	3.81961e-05	4.97634e-05
7.80000e-01	3.97019e-05	4.97572e-05
7.90000e-01	4.12467e-05	4.97509e-05
8.00000e-01	4.28309e-05	4.97446e-05
8.10000e-01	4.44552e-05	4.97381e-05
8.20000e-01	4.61199e-05	4.97316e-05
8.30000e-01	4.78256e-05	4.97250e-05
8.40000e-01	4.95727e-05	4.97183e-05
8.50000e-01	5.13618e-05	4.97115e-05
8.60000e-01	5.31933e-05	4.97046e-05
8.70000e-01	5.50678e-05	4.96977e-05
8.80000e-01	5.69857e-05	4.96907e-05
8.90000e-01	5.89475e-05	4.96836e-05
9.00000e-01	6.09537e-05	4.96764e-05
9.10000e-01	6.30048e-05	4.96692e-05
9.20000e-01	6.51013e-05	4.96618e-05
9.30000e-01	6.72437e-05	4.96544e-05
9.40000e-01	6.94325e-05	4.96469e-05
9.50000e-01	7.16681e-05	4.96394e-05
9.60000e-01	7.39511e-05	4.96317e-05
9.70000e-01	7.62819e-05	4.96240e-05
9.80000e-01	7.86611e-05	4.96162e-05
9.90000e-01	8.10891e-05	4.96083e-05
1.00000e+00	8.35664e-05	4.96003e-05
1.01000e+00	8.60934e-05	4.95923e-05
1.02000e+00	8.86708e-05	4.95842e-05
1.03000e+00	9.12990e-05	4.95759e-05
1.04000e+00	9.39784e-05	4.95677e-05
1.05000e+00	9.67095e-05	4.95593e-05
1.06000e+00	9.94929e-05	4.95509e-05
1.07000e+00	1.02329e-04	4.95423e-05
1.08000e+00	1.05218e-04	4.95337e-05
1.09000e+00	1.08161e-04	4.95251e-05
1.10000e+00	1.11159e-04	4.95163e-05
1.11000e+00	1.14210e-04	4.95075e-05
1.12000e+00	1.17317e-04	4.94986e-05
1.13000e+00	1.20480e-04	4.94896e-05
1.14000e+00	1.23699e-04	4.94805e-05
1.15000e+00	1.26974e-04	4.94713e-05
1.16000e+00	1.30307e-04	4.94621e-05
1.17000e+00	1.33697e-04	4.94528e-05
1.18000e+00	1.37145e-04	4.94434e-05
1.19000e+00	1.40651e-04	4.94339e-05
1.20000e+00	1.44217e-04	4.94244e-05
1.21000e+00	1.47842e-04	4.94148e-05
1.22000e+00	1.51527e-04	4.94051e-05
1.23000e+00	1.55273e-04	4.93953e-05
1.24000e+00	1.59079e-04	4.93854e-05
1.25000e+00	1.62947e-04	4.93755e-05
1.26000e+00	1.66877e-04	4.93655e-05
1.27000e+00	1.70869e-04	4.93554e-05
1.28000e+00	1.74924e-04	4.93452e-05
1.29000e+00	1.79043e-04	4.93350e-05
1.30000e+00	1.83225e-04	4.93246e-05
1.31000e+00	1.87471e-04	4.93142e-05
1.32000e+00	1.91783e-04	4.93038e-05
1.33000e+00	1.96159e-04	4.92932e-05
1.34000e+00	2.00601e-04	4.92826e-05
1.35000e+00	2.05110e-04	4.92718e-05
1.36000e+00	2.09685e-04	4.92610e-05
1.37000e+00	2.14327e-04	4.92502e-05
1.38000e+00	2.19037e-04	4.92392e-05
1.39000e+00	2.23816e-04	4.92282e-05
1.40000e+00	2.28662e-04	4.92171e-05
1.41000e+00	2.33578e-04	4.92059e-05
1.42000e+00	2.38563e-04	4.91947e-05
1.43000e+00	2.43618e-04	4.91833e-05
1.44000e+00	2.48744e-04	4.91719e-05
1.45000e+00	2.53941e-04	4.91604e-05
1.46000e+00	2.59209e-04	4.91488e-05
1.47000e+00	2.64549e-04	4.91372e-05
1.48000e+00	2.69962e-04	4.91255e-05
1.49000e+00	2.75447e-04	4.91137e-05
1.50000e+00	2.81005e-04	4.91018e-05
1.51000e+00	2.86638e-04	4.90898e-05
1.52000e+00	2.92344e-04	4.90778e-05
1.53000e+00	2.98126e-04	4.90657e-05
1.54000e+00	3.03982e-04	4.90535e-05
1.55000e+00	3.09914e-04	4.90413e-05
1.56000e+00	3.15922e-04	4.90289e-05
1.57000e+00	3.22007e-04	4.90165e-05
1.58000e+00	3.28169e-04	4.90040e-05
1.59000e+00	3.34409e-04	4.89914e-05
1.60000e+00	3.40726e-04	4.89788e-05
1.61000e+00	3.47122e-04	4.89661e-05
1.62000e+00	3.53597e-04	4.89533e-05
1.63000e+00	3.60151e-04	4.89404e-05
1.64000e+00	3.66785e-04	4.89274e-05
1.65000e+00	3.73500e-04	4.89144e-05
1.66000e+00	3.80295e-04	4.89013e-05
1.67000e+00	3.87171e-04	4.88881e-05
1.68000e+00	3.94129e-04	4.88749e-05
1.69000e+00	4.01170e-04	4.88616e-05
1.70000e+00	4.08292e-04	4.88482e-05
1.71000e+00	4.15498e-04	4.88347e-05
1.72000e+00	4.22788e-04	4.88211e-05
1.73000e+00	4.30162e-04	4.88075e-05
1.74000e+00	4.37620e-04	4.87938e-05
1.75000e+00	4.45163e-04	4.87800e-05
1.76000e+00	4.52791e-04	4.87661e-05
1.77000e+00	4.60505e-04	4.87522e-05
1.78000e+00	4.68306e-04	4.87382e-05
1.79000e+00	4.76193e-04	4.87241e-05
1.80000e+00	4.84167e-04	4.87099e-05
1.81000e+00	4.92230e-04	4.86957e-05
1.82000e+00	5.00380e-04	4.86814e-05
1.83000e+00	5.08619e-04	4.86670e-05
1.84000e+00	5.16947e-04	4.86525e-05
1.85000e+00	5.25364e-04	4.86380e-05
1.86000e+00	5.33871e-04	4.86234e-05
1.87000e+00	5.42469e-04	4.86087e-05
1.88000e+00	5.51158e-04	4.85939e-05
1.89000e+00	5.59937e-04	4.85791e-05
1.90000e+00	5.68809e-04	4.85642e-05
1.91000e+00	5.77773e-04	4.85492e-05
1.92000e+00	5.86829e-04	4.85341e-05
1.93000e+00	5.95979e-04	4.85190e-05
1.94000e+00	6.05222e-04	4.85038e-05
1.95000e+00	6.14559e-04	4.84885e-05
1.96000e+00	6.23991e-04	4.84731e-05
1.97000e+00	6.33517e-04	4.84577e-05
1.98000e+00	6.43139e-04	4.84422e-05
1.99000e+00	6.52857e-04	4.84266e-05
2.00000e+00	6.62671e-04	4.84110e-05
2.01000e+00	6.72581e-04	4.83953e-05
2.02000e+00	6.82589e-04	4.83795e-05
2.03000e+00	6.92694e-04	4.83636e-05
2.04000e+00	7.02897e-04	4.83476e-05
2.05000e+00	7.13199e-04	4.83316e-05
2.06000e+00	7.23600e-04	4.83155e-05
2.07000e+00	7.34100e-04	4.82993e-05
2.08000e+00	7.44699e-04	4.82831e-05
2.09000e+00	7.55399e-04	4.82668e-05
2.10000e+00	7.66200e-04	4.82504e-05
2.11000e+00	7.77102e-04	4.82339e-05
2.12000e+00	7.88105e-04	4.82174e-05
2.13000e+00	7.99210e-04	4.82008e-05
2.14000e+00	8.10418e-04	4.81841e-05
2.15000e+00	8.21728e-04	4.81674e-05
2.16000e+00	8.33142e-04	4.81505e-05
2.17000e+00	8.44660e-04	4.81336e-05
2.18000e+00	8.56281e-04	4.81167e-05
2.19000e+00	8.68007e-04	4.80996e-05
2.20000e+00	8.79839e-04	4.80825e-05
2.21000e+00	8.91776e-04	4.80653e-05
2.22000e+00	9.03818e-04	4.80480e-05
2.23000e+00	9.15967e-04	4.80307e-05
2.24000e+00	9.28223e-04	4.80133e-05
2.25000e+00	9.40586e-04	4.79958e-05
2.26000e+00	9.53056e-04	4.79783e-05
2.27000e+00	9.65635e-04	4.79607e-05
2.28000e+00	9.78322e-04	4.79430e-05
2.29000e+00	9.91118e-04	4.79252e-05
2.30000e+00	1.00402e-03	4.79074e-05
2.31000e+00	1.01704e-03	4.78894e-05
2.32000e+00	1.03016e-03	4.78715e-05
2.33000e+00	1.04340e-03	4.78534e-05
2.34000e+00	1.05675e-03	4.78353e-05
2.35000e+00	1.07020e-03	4.78171e-05
2.36000e+00	1.08377e-03	4.77988e-05
2.37000e+00	1.09746e-03	4.77805e-05
2.38000e+00	1.11125e-03	4.77621e-05
2.39000e+00	1.12516e-03	4.77436e-05
2.40000e+00	1.13918e-03	4.77251e-05
2.41000e+00	1.15332e-03	4.77064e-05
2.42000e+00	1.16757e-03	4.76878e-05
2.43000e+00	1.18193e-03	4.76690e-05
2.44000e+00	1.19642e-03	4.76502e-05
2.45000e+00	1.21101e-03	4.76313e-05
2.46000e+00	1.22572e-03	4.76123e-05
2.47000e+00	1.24055e-03	4.75932e-05
2.48000e+00	1.25550e-03	4.75741e-05
2.49000e+00	1.27056e-03	4.75549e-05
2.50000e+00	1.28574e-03	4.75357e-05
2.51000e+00	1.30104e-03	4.75164e-05
2.52000e+00	1.31646e-03	4.74970e-05
2.53000e+00	1.33199e-03	4.74775e-05
2.54000e+00	1.34765e-03	4.74580e-05
2.55000e+00	1.36343e-03	4.74384e-05
2.56000e+00	1.37932e-03	4.74187e-05
2.57000e+00	1.39534e-03	4.73990e-05
2.58000e+00	1.41148e-03	4.73792e-05
2.59000e+00	1.42774e-03	4.73593e-05
2.60000e+00	1.44412e-03	4.73393e-05
2.61000e+00	1.46062e-03	4.73193e-05
2.62000e+00	1.47725e-03	4.72992e-05
2.63000e+00	1.49399e-03	4.72791e-05
2.64000e+00	1.51087e-03	4.72588e-05
2.65000e+00	1.52786e-03	4.72385e-05
2.66000e+00	1.54498e-03	4.72182e-05
2.67000e+00	1.56223e-03	4.71978e-05
2.68000e+00	1.57960e-03	4.71773e-05
2.69000e+00	1.59709e-03	4.71567e-05
2.70000e+00	1.61472e-03	4.71361e-05
2.71000e+00	1.63246e-03	4.71154e-05
2.72000e+00	1.65034e-03	4.70946e-05
2.73000e+00	1.66834e-03	4.70737e-05
2.74000e+00	1.68647e-03	4.70528e-05
2.75000e+00	1.70473e-03	4.70319e-05
2.76000e+00	1.72311e-03	4.70108e-05
2.77000e+00	1.74163e-03	4.69897e-05
2.78000e+00	1.76027e-03	4.69685e-05
2.79000e+00	1.77904e-03	4.69473e-05
2.80000e+00	1.79794e-03	4.69260e-05
2.81000e+00	1.81698e-03	4.69046e-05
2.82000e+00	1.83614e-03	4.68831e-05
2.83000e+00	1.85543e-03	4.68616e-05
2.84000e+00	1.87486e-03	4.68400e-05
2.85000e+00	1.89442e-03	4.68184e-05
2.86000e+00	1.91411e-03	4.67967e-05
2.87000e+00	1.93393e-03	4.67749e-05
2.88000e+00	1.95388e-03	4.67531e-05
2.89000e+00	1.97397e-03	4.67311e-05
2.90000e+00	1.99420e-03	4.67092e-05
2.91000e+00	2.01455e-03	4.66871e-05
2.92000e+00	2.03504e-03	4.66650e-05
2.93000e+00	2.05567e-03	4.66428e-05
2.94000e+00	2.07643e-03	4.66206e-05
2.95000e+00	2.09733e-03	4.65983e-05
2.96000e+00	2.11836e-03	4.65759e-05
2.97000e+00	2.13953e-03	4.65535e-05
2.98000e+00	2.16083e-03	4.65309e-05
2.99000e+00	2.18228e-03	4.65084e-05
3.00000e+00	2.20386e-03	4.64857e-05
3.01000e+00	2.22558e-03	4.64630e-05
3.02000e+00	2.24743e-03	4.64403e-05
3.03000e+00	2.26943e-03	4.64174e-05
3.04000e+00	2.29156e-03	4.63945e-05
3.05000e+00	2.31384e-03	4.63716e-05
3.06000e+00	2.33625e-03	4.63485e-05
3.07000e+00	2.35880e-03	4.63254e-05
3.08000e+00	2.38150e-03	4.63023e-05
3.09000e+00	2.40433e-03	4.62791e-05
3.10000e+00	2.42731e-03	4.62558e-05
3.11000e+00	2.45043e-03	4.62324e-05
3.12000e+00	2.47369e-03	4.62090e-05
3.13000e+00	2.49709e-03	4.61855e-05
3.14000e+00	2.52064e-03	4.61620e-05
3.15000e+00	2.54433e-03	4.61384e-05
3.16000e+00	2.56816e-03	4.61147e-05
3.17000e+00	2.59213e-03	4.60910e-05
3.18000e+00	2.61625e-03	4.60672e-05
3.19000e+00	2.64052e-03	4.60433e-05
3.20000e+00	2.66493e-03	4.60194e-05
3.21000e+00	2.68948e-03	4.59954e-05
3.22000e+00	2.71418e-03	4.59713e-05
3.23000e+00	2.73903e-03	4.59472e-05
3.24000e+00	2.76402e-03	4.59231e-05
3.25000e+00	2.78916e-03	4.58988e-05
3.26000e+00	2.81445e-03	4.58745e-05
3.27000e+00	2.83988e-03	4.58502e-05
3.28000e+00	2.86546e-03	4.58257e-05
3.29000e+00	2.89119e-03	4.58012e-05
3.30000e+00	2.91707e-03	4.57767e-05
3.31000e+00	2.94310e-03	4.57521e-05
3.32000e+00	2.96927e-03	4.57274e-05
3.33000e+00	2.99560e-03	4.57027e-05
3.34000e+00	3.02207e-03	4.56779e-05
3.35000e+00	3.04870e-03	4.56530e-05
3.36000e+00	3.07547e-03	4.56281e-05
3.37000e+00	3.10240e-03	4.56031e-05
3.38000e+00	3.12948e-03	4.55780e-05
3.39000e+00	3.15671e-03	4.55529e-05
3.40000e+00	3.18409e-03	4.55278e-05
3.41000e+00	3.21163e-03	4.55025e-05
3.42000e+00	3.23931e-03	4.54772e-05
3.43000e+00	3.26715e-03	4.54519e-05
3.44000e+00	3.29515e-03	4.54265e-05
3.45000e+00	3.32329e-03	4.54010e-05
3.46000e+00	3.35159e-03	4.53755e-05
3.47000e+00	3.38005e-03	4.53499e-05
3.48000e+00	3.40866e-03	4.53242e-05
3.49000e+00	3.43742e-03	4.52985e-05
3.50000e+00	3.46634e-03	4.52727e-05
3.51000e+00	3.49542e-03	4.52469e-05
3.52000e+00	3.52465e-03	4.52210e-05
3.53000e+00	3.55404e-03	4.51950e-05
3.54000e+00	3.58358e-03	4.51690e-05
3.55000e+00	3.61328e-03	4.51430e-05
3.56000e+00	3.64314e-03	4.51168e-05
3.57000e+00	3.67316e-03	4.50906e-05
3.58000e+00	3.70333e-03	4.50644e-05
3.59000e+00	3.73367e-03	4.50381e-05
3.60000e+00	3.76416e-03	4.50117e-05
3.61000e+00	3.79481e-03	4.49853e-05
3.62000e+00	3.82562e-03	4.49588e-05
3.63000e+00	3.85659e-03	4.49322e-05
3.64000e+00	3.88772e-03	4.49056e-05
3.65000e+00	3.91901e-03	4.48790e-05
3.66000e+00	3.95046e-03	4.48523e-05
3.67000e+00	3.98207e-03	4.48255e-05
3.68000e+00	4.01384e-03	4.47986e-05
3.69000e+00	4.04577e-03	4.47717e-05
3.70000e+00	4.07787e-03	4.47448e-05
3.71000e+00	4.11013e-03	4.47178e-05
3.72000e+00	4.14255e-03	4.46907e-05
3.73000e+00	4.17513e-03	4.46636e-05
3.74000e+00	4.20787e-03	4.46364e-05
3.75000e+00	4.24078e-03	4.46092e-05
3.76000e+00	4.27386e-03	4.45819e-05
3.77000e+00	4.30709e-03	4.45545e-05
3.78000e+00	4.34049e-03	4.45271e-05
3.79000e+00	4.37406e-03	4.44996e-05
3.80000e+00	4.40779e-03	4.44721e-05
3.81000e+00	4.44169e-03	4.44445e-05
3.82000e+00	4.47575e-03	4.44169e-05
3.83000e+00	4.50998e-03	4.43892e-05
3.84000e+00	4.54437e-03	4.43615e-05
3.85000e+00	4.57893e-03	4.43337e-05
3.86000e+00	4.61366e-03	4.43058e-05
3.87000e+00	4.64855e-03	4.42779e-05
3.88000e+00	4.68361e-03	4.42499e-05
3.89000e+00	4.71884e-03	4.42219e-05
3.90000e+00	4.75424e-03	4.41938e-05
3.91000e+00	4.78980e-03	4.41657e-05
3.92000e+00	4.82553e-03	4.41375e-05
3.93000e+00	4.86144e-03	4.41092e-05
3.94000e+00	4.89751e-03	4.40809e-05
3.95000e+00	4.93375e-03	4.40525e-05
3.96000e+00	4.97016e-03	4.40241e-05
3.97000e+00	5.00674e-03	4.39957e-05
3.98000e+00	5.04349e-03	4.39671e-05
3.99000e+00	5.08041e-03	4.39386e-05
4.00000e+00	5.11751e-03	4.39099e-05
4.01000e+00	5.15477e-03	4.38812e-05
4.02000e+00	5.19220e-03	4.38525e-05
4.03000e+00	5.22981e-03	4.38237e-05
4.04000e+00	5.26759e-03	4.37949e-05
4.05000e+00	5.30554e-03	4.37660e-05
4.06000e+00	5.34366e-03	4.37370e-05
4.07000e+00	5.38196e-03	4.37080e-05
4.08000e+00	5.42043e-03	4.36789e-05
4.09000e+00	5.45907e-03	4.36498e-05
4.10000e+00	5.49789e-03	4.36207e-05
4.11000e+00	5.53688e-03	4.35914e-05
4.12000e+00	5.57604e-03	4.35622e-05
4.13000e+00	5.61538e-03	4.35328e-05
4.14000e+00	5.65490e-03	4.35035e-05
4.15000e+00	5.69458e-03	4.34740e-05
4.16000e+00	5.73445e-03	4.34446e-05
4.17000e+00	5.77449e-03	4.34150e-05
4.18000e+00	5.81470e-03	4.33854e-05
4.19000e+00	5.85510e-03	4.33558e-05
4.20000e+00	5.89566e-03	4.33261e-05
4.21000e+00	5.93641e-03	4.32964e-05
4.22000e+00	5.97733e-03	4.32666e-05
4.23000e+00	6.01843e-03	4.32367e-05
4.24000e+00	6.05971e-03	4.32068e-05
4.25000e+00	6.10116e-03	4.31769e-05
4.26000e+00	6.14279e-03	4.31469e-05
4.27000e+00	6.18460e-03	4.31168e-05
4.28000e+00	6.22659e-03	4.30867e-05
4.29000e+00	6.26876e-03	4.30566e-05
4.30000e+00	6.31111e-03	4.30264e-05
4.31000e+00	6.35363e-03	4.29961e-05
4.32000e+00	6.39634e-03	4.29658e-05
4.33000e+00	6.43922e-03	4.29355e-05
4.34000e+00	6.48229e-03	4.29051e-05
4.35000e+00	6.52553e-03	4.28746e-05
4.36000e+00	6.56896e-03	4.28441e-05
4.37000e+00	6.61257e-03	4.28136e-05
4.38000e+00	6.65635e-03	4.27830e-05
4.39000e+00	6.70032e-03	4.27523e-05
4.40000e+00	6.74447e-03	4.27216e-05
4.41000e+00	6.78881e-03	4.26909e-05
4.42000e+00	6.83332e-03	4.26601e-05
4.43000e+00	6.87802e-03	4.26292e-05
4.44000e+00	6.92290e-03	4.25983e-05
4.45000e+00	6.96796e-03	4.25674e-05
4.46000e+00	7.01320e-03	4.25364e-05
4.47000e+00	7.05863e-03	4.25054e-05
4.48000e+00	7.10424e-03	4.24743e-05
4.49000e+00	7.15004e-03	4.24432e-05
4.50000e+00	7.19602e-03	4.24120e-05
4.51000e+00	7.24218e-03	4.23807e-05
4.52000e+00	7.28853e-03	4.23495e-05
4.53000e+00	7.33506e-03	4.23181e-05
4.54000e+00	7.38178e-03	4.22868e-05
4.55000e+00	7.42868e-03	4.22553e-05
4.56000e+00	7.47577e-03	4.22239e-05
4.57000e+00	7.52304e-03	4.21924e-05
4.58000e+00	7.57050e-03	4.21608e-05
4.59000e+00	7.61814e-03	4.21292e-05
4.60000e+00	7.66598e-03	4.20975e-05
4.61000e+00	7.71399e-03	4.20658e-05
4.62000e+00	7.76220e-03	4.20341e-05
4.63000e+00	7.81059e-03	4.20023e-05
4.64000e+00	7.85917e-03	4.19704e-05
4.65000e+00	7.90793e-03	4.19386e-05
4.66000e+00	7.95689e-03	4.19066e-05
4.67000e+00	8.00603e-03	4.18746e-05
4.68000e+00	8.05536e-03	4.18426e-05
4.69000e+00	8.10487e-03	4.18105e-05
4.70000e+00	8.15458e-03	4.17784e-05
4.71000e+00	8.20447e-03	4.17463e-05
4.72000e+00	8.25456e-03	4.17141e-05
4.73000e+00	8.30483e-03	4.16818e-05
4.74000e+00	8.35529e-03	4.16495e-05
4.75000e+00	8.40594e-03	4.16172e-05
4.76000e+00	8.45678e-03	4.15848e-05
4.77000e+00	8.50781e-03	4.15524e-05
4.78000e+00	8.55903e-03	4.15199e-05
4.79000e+00	8.61044e-03	4.14874e-05
4.80000e+00	8.66205e-03	4.14548e-05
4.81000e+00	8.71384e-03	4.14222e-05
4.82000e+00	8.76582e-03	4.13896e-05
4.83000e+00	8.81800e-03	4.13569e-05
4.84000e+00	8.87036e-03	4.13242e-05
4.85000e+00	8.92292e-03	4.12914e-05
4.86000e+00	8.97567e-03	4.12586e-05
4.87000e+00	9.02861e-03	4.12257e-05
4.88000e+00	9.08174e-03	4.11928e-05
4.89000e+00	9.13507e-03	4.11598e-05
4.90000e+00	9.18858e-03	4.11268e-05
4.91000e+00	9.24229e-03	4.10938e-05
4.92000e+00	9.29620e-03	4.10607e-05
4.93000e+00	9.35029e-03	4.10276e-05
4.94000e+00	9.40458e-03	4.09944e-05
4.95000e+00	9.45907e-03	4.09612e-05
4.96000e+00	9.51374e-03	4.09280e-05
4.97000e+00	9.56861e-03	4.08947e-05
4.98000e+00	9.62368e-03	4.08614e-05
4.99000e+00	9.67894e-03	4.08280e-05
5.00000e+00	9.73439e-03	4.07946e-05
5.01000e+00	9.79004e-03	4.07612e-05
5.02000e+00	9.84588e-03	4.07277e-05
5.03000e+00	9.90192e-03	4.06941e-05
5.04000e+00	9.95815e-03	4.06606e-05
5.05000e+00	1.00146e-02	4.06269e-05
5.06000e+00	1.00712e-02	4.05933e-05
5.07000e+00	1.01280e-02	4.05596e-05
5.08000e+00	1.01850e-02	4.05258e-05
5.09000e+00	1.02422e-02	4.04921e-05
5.10000e+00	1.02996e-02	4.04583e-05
5.11000e+00	1.03573e-02	4.04244e-05
5.12000e+00	1.04150e-02	4.03905e-05
5.13000e+00	1.04730e-02	4.03566e-05
5.14000e+00	1.05312e-02	4.03226e-05
5.15000e+00	1.05896e-02	4.02886e-05
5.16000e+00	1.06482e-02	4.02545e-05
5.17000e+00	1.07070e-02	4.02204e-05
5.18000e+00	1.07660e-02	4.01863e-05
5.19000e+00	1.08252e-02	4.01521e-05
5.20000e+00	1.08845e-02	4.01179e-05
5.21000e+00	1.09441e-02	4.00837e-05
5.22000e+00	1.10039e-02	4.00494e-05
5.23000e+00	1.10639e-02	4.00151e-05
5.24000e+00	1.11240e-02	3.99807e-05
5.25000e+00	1.11844e-02	3.99463e-05
5.26000e+00	1.12450e-02	3.99119e-05
5.27000e+00	1.13057e-02	3.98774e-05
5.28000e+00	1.13667e-02	3.98429e-05
5.29000e+00	1.14279e-02	3.98084e-05
5.30000e+00	1.14892e-02	3.97738e-05
5.31000e+00	1.15508e-02	3.97391e-05
5.32000e+00	1.16125e-02	3.97045e-05
5.33000e+00	1.16745e-02	3.96698e-05
5.34000e+00	1.17367e-02	3.96351e-05
5.35000e+00	1.17990e-02	3.96003e-05
5.36000e+00	1.18616e-02	3.95655e-05
5.37000e+00	1.19243e-02	3.95306e-05
5.38000e+00	1.19873e-02	3.94958e-05
5.39000e+00	1.20505e-02	3.94609e-05
5.40000e+00	1.21138e-02	3.94259e-05
5.41000e+00	1.21774e-02	3.93909e-05
5.42000e+00	1.22412e-02	3.93559e-05
5.43000e+00	1.23051e-02	3.93208e-05
5.44000e+00	1.23693e-02	3.92858e-05
5.45000e+00	1.24337e-02	3.92506e-05
5.46000e+00	1.24982e-02	3.92155e-05
5.47000e+00	1.25630e-02	3.91803e-05
5.48000e+00	1.26280e-02	3.91450e-05
5.49000e+00	1.26932e-02	3.91098e-05
5.50000e+00	1.27585e-02	3.90745e-05
5.51000e+00	1.28241e-02	3.90391e-05
5.52000e+00	1.28899e-02	3.90038e-05
5.53000e+00	1.29559e-02	3.89684e-05
5.54000e+00	1.30221e-02	3.89329e-05
5.55000e+00	1.30885e-02	3.88975e-05
5.56000e+00	1.31551e-02	3.88620e-05
5.57000e+00	1.32219e-02	3.88264e-05
5.58000e+00	1.32889e-02	3.87909e-05
5.59000e+00	1.33561e-02	3.87553e-05
5.60000e+00	1.34235e-02	3.87196e-05
5.61000e+00	1.34911e-02	3.86840e-05
5.62000e+00	1.35589e-02	3.86483e-05
5.63000e+00	1.36269e-02	3.86125e-05
5.64000e+00	1.36951e-02	3.85768e-05
5.65000e+00	1.37635e-02	3.85410e-05
5.66000e+00	1.38322e-02	3.85051e-05
5.67000e+00	1.39010e-02	3.84693e-05
5.68000e+00	1.39700e-02	3.84334e-05
5.69000e+00	1.40393e-02	3.83975e-05
5.70000e+00	1.41087e-02	3.83615e-05
5.71000e+00	1.41784e-02	3.83255e-05
5.72000e+00	1.42482e-02	3.82895e-05
5.73000e+00	1.43183e-02	3.82534e-05
5.74000e+00	1.43885e-02	3.82174e-05
5.75000e+00	1.44590e-02	3.81812e-05
5.76000e+00	1.45297e-02	3.81451e-05
5.77000e+00	1.46006e-02	3.81089e-05
5.78000e+00	1.46716e-02	3.80727e-05
5.79000e+00	1.47429e-02	3.80365e-05
5.80000e+00	1.48144e-02	3.80002e-05
5.81000e+00	1.48861e-02	3.79639e-05
5.82000e+00	1.49580e-02	3.79276e-05
5.83000e+00	1.50301e-02	3.78912e-05
5.84000e+00	1.51024e-02	3.78549e-05
5.85000e+00	1.51750e-02	3.78184e-05
5.86000e+00	1.52477e-02	3.77820e-05
5.87000e+00	1.53206e-02	3.77455e-05
5.88000e+00	1.53938e-02	3.77090e-05
5.89000e+00	1.54671e-02	3.76725e-05
5.90000e+00	1.55407e-02	3.76359e-05
5.91000e+00	1.56144e-02	3.75994e-05
5.92000e+00	1.56884e-02	3.75627e-05
5.93000e+00	1.57625e-02	3.75261e-05
5.94000e+00	1.58369e-02	3.74894e-05
5.95000e+00	1.59115e-02	3.74527e-05
5.96000e+00	1.59863e-02	3.74160e-05
5.97000e+00	1.60613e-02	3.73792e-05
5.98000e+00	1.61365e-02	3.73425e-05
5.99000e+00	1.62119e-02	3.73056e-05
6.00000e+00	1.62875e-02	3.72688e-05
6.01000e+00	1.63633e-02	3.72319e-05
6.02000e+00	1.64394e-02	3.71950e-05
6.03000e+00	1.65156e-02	3.71581e-05
6.04000e+00	1.65920e-02	3.71212e-05
6.05000e+00	1.66687e-02	3.70842e-05
6.06000e+00	1.67455e-02	3.70472e-05
6.07000e+00	1.68226e-02	3.70102e-05
6.08000e+00	1.68999e-02	3.69731e-05
6.09000e+00	1.69774e-02	3.69361e-05
6.10000e+00	1.70550e-02	3.68989e-05
6.11000e+00	1.71329e-02	3.68618e-05
6.12000e+00	1.72110e-02	3.68247e-05
6.13000e+00	1.72894e-02	3.67875e-05
6.14000e+00	1.73679e-02	3.67503e-05
6.15000e+00	1.74466e-02	3.67130e-05
6.16000e+00	1.75255e-02	3.66758e-05
6.17000e+00	1.76047e-02	3.66385e-05
6.18000e+00	1.76840e-02	3.66012e-05
6.19000e+00	1.77636e-02	3.65639e-05
6.20000e+00	1.78433e-02	3.65265e-05
6.21000e+00	1.79233e-02	3.64891e-05
6.22000e+00	1.80035e-02	3.64517e-05
6.23000e+00	1.80839e-02	3.64143e-05
6.24000e+00	1.81645e-02	3.63768e-05
6.25000e+00	1.82453e-02	3.63394e-05
6.26000e+00	1.83263e-02	3.63019e-05
6.27000e+00	1.84075e-02	3.62643e-05
6.28000e+00	1.84889e-02	3.62268e-05
6.29000e+00	1.85706e-02	3.61892e-05
6.30000e+00	1.86524e-02	3.61516e-05
6.31000e+00	1.87345e-02	3.61140e-05
6.32000e+00	1.88168e-02	3.60764e-05
6.33000e+00	1.88992e-02	3.60387e-05
6.34000e+00	1.89819e-02	3.60010e-05
6.35000e+00	1.90648e-02	3.59633e-05
6.36000e+00	1.91479e-02	3.59256e-05
6.37000e+00	1.92312e-02	3.58879e-05
6.38000e+00	1.93147e-02	3.58501e-05
6.39000e+00	1.93984e-02	3.58123e-05
6.40000e+00	1.94824e-02	3.57745e-05
6.41000e+00	1.95665e-02	3.57366e-05
6.42000e+00	1.96509e-02	3.56988e-05
6.43000e+00	1.97354e-02	3.56609e-05
6.44000e+00	1.98202e-02	3.56230e-05
6.45000e+00	1.99052e-02	3.55851e-05
6.46000e+00	1.99903e-02	3.55471e-05
6.47000e+00	2.00757e-02	3.55092e-05
6.48000e+00	2.01613e-02	3.54712e-05
6.49000e+00	2.02471e-02	3.54332e-05
6.50000e+00	2.03332e-02	3.53951e-05
6.51000e+00	2.04194e-02	3.53571e-05
6.52000e+00	2.05058e-02	3.53190e-05
6.53000e+00	2.05925e-02	3.52809e-05
6.54000e+00	2.06793e-02	3.52428e-05
6.55000e+00	2.07664e-02	3.52047e-05
6.56000e+00	2.08537e-02	3.51666e-05
6.57000e+00	2.09411e-02	3.51284e-05
6.58000e+00	2.10288e-02	3.50902e-05
6.59000e+00	2.11167e-02	3.50520e-05
6.60000e+00	2.12048e-02	3.50138e-05
6.61000e+00	2.12932e-02	3.49756e-05
6.62000e+00	2.13817e-02	3.49373e-05
6.63000e+00	2.14704e-02	3.48990e-05
6.64000e+00	2.15594e-02	3.48607e-05
6.65000e+00	2.16485e-02	3.48224e-05
6.66000e+00	2.17379e-02	3.47841e-05
6.67000e+00	2.18274e-02	3.47457e-05
6.68000e+00	2.19172e-02	3.47074e-05
6.69000e+00	2.20072e-02	3.46690e-05
6.70000e+00	2.20974e-02	3.46306e-05
6.71000e+00	2.21878e-02	3.45922e-05
6.72000e+00	2.22784e-02	3.45537e-05
6.73000e+00	2.23692e-02	3.45153e-05
6.74000e+00	2.24603e-02	3.44768e-05
6.75000e+00	2.25515e-02	3.44383e-05
6.76000e+00	2.26430e-02	3.43998e-05
6.77000e+00	2.27346e-02	3.43613e-05
6.78000e+00	2.28265e-02	3.43227e-05
6.79000e+00	2.29186e-02	3.42842e-05
6.80000e+00	2.30108e-02	3.42456e-05
6.81000e+00	2.31033e-02	3.42070e-05
6.82000e+00	2.31960e-02	3.41684e-05
6.83000e+00	2.32889e-02	3.41298e-05
6.84000e+00	2.33820e-02	3.40912e-05
6.85000e+00	2.34754e-02	3.40525e-05
6.86000e+00	2.35689e-02	3.40139e-05
6.87000e+00	2.36626e-02	3.39752e-05
6.88000e+00	2.37566e-02	3.39365e-05
6.89000e+00	2.38508e-02	3.38978e-05
6.90000e+00	2.39451e-02	3.38591e-05
6.91000e+00	2.40397e-02	3.38203e-05
6.92000e+00	2.41345e-02	3.37816e-05
6.93000e+00	2.42295e-02	3.37428e-05
6.94000e+00	2.43247e-02	3.37040e-05
6.95000e+00	2.44201e-02	3.36652e-05
6.96000e+00	2.45157e-02	3.36264e-05
6.97000e+00	2.46115e-02	3.35876e-05
6.98000e+00	2.47075e-02	3.35488e-05
6.99000e+00	2.48038e-02	3.35099e-05
7.00000e+00	2.49002e-02	3.34711e-05
7.01000e+00	2.49969e-02	3.34322e-05
7.02000e+00	2.50937e-02	3.33933e-05
7.03000e+00	2.51908e-02	3.33544e-05
7.04000e+00	2.52881e-02	3.33155e-05
7.05000e+00	2.53856e-02	3.32765e-05
7.06000e+00	2.54833e-02	3.32376e-05
7.07000e+00	2.55812e-02	3.31987e-05
7.08000e+00	2.56793e-02	3.31597e-05
7.09000e+00	2.57776e-02	3.31207e-05
7.10000e+00	2.58761e-02	3.30817e-05
7.11000e+00	2.59748e-02	3.30427e-05
7.12000e+00	2.60738e-02	3.30037e-05
7.13000e+00	2.61729e-02	3.29647e-05
7.14000e+00	2.62723e-02	3.29257e-05
7.15000e+00	2.63718e-02	3.28866e-05
7.16000e+00	2.64716e-02	3.28475e-05
7.17000e+00	2.65716e-02	3.28085e-05
7.18000e+00	2.66717e-02	3.27694e-05
7.19000e+00	2.67721e-02	3.27303e-05
7.20000e+00	2.68727e-02	3.26912e-05
7.21000e+00	2.69735e-02	3.26521e-05
7.22000e+00	2.70745e-02	3.26130e-05
7.23000e+00	2.71757e-02	3.25738e-05
7.24000e+00	2.72771e-02	3.25347e-05
7.25000e+00	2.73788e-02	3.24956e-05
7.26000e+00	2.74806e-02	3.24564e-05
7.27000e+00	2.75826e-02	3.24172e-05
7.28000e+00	2.76849e-02	3.23780e-05
7.29000e+00	2.77873e-02	3.23388e-05
7.30000e+00	2.78900e-02	3.22996e-05
7.31000e+00	2.79928e-02	3.22604e-05
7.32000e+00	2.80959e-02	3.22212e-05
7.33000e+00	2.81992e-02	3.21820e-05
7.34000e+00	2.83027e-02	3.21428e-05
7.35000e+00	2.84063e-02	3.21035e-05
7.36000e+00	2.85102e-02	3.20643e-05
7.37000e+00	2.86143e-02	3.20250e-05
7.38000e+00	2.87186e-02	3.19857e-05
7.39000e+00	2.88231e-02	3.19465e-05
7.40000e+00	2.89278e-02	3.19072e-05
7.41000e+00	2.90327e-02	3.18679e-05
7.42000e+00	2.91379e-02	3.18286e-05
7.43000e+00	2.92432e-02	3.17893e-05
7.44000e+00	2.93487e-02	3.17500e-05
7.45000e+00	2.94544e-02	3.17106e-05
7.46000e+00	2.95604e-02	3.16713e-05
7.47000e+00	2.96665e-02	3.16320e-05
7.48000e+00	2.97729e-02	3.15926e-05
7.49000e+00	2.98794e-02	3.15533e-05
7.50000e+00	2.99862e-02	3.15139e-05
7.51000e+00	3.00931e-02	3.14746e-05
7.52000e+00	3.02003e-02	3.14352e-05
7.53000e+00	3.03077e-02	3.13958e-05
7.54000e+00	3.04152e-02	3.13564e-05
7.55000e+00	3.05230e-02	3.13171e-05
7.56000e+00	3.06310e-02	3.12777e-05
7.57000e+00	3.07391e-02	3.12383e-05
7.58000e+00	3.08475e-02	3.11989e-05
7.59000e+00	3.09561e-02	3.11594e-05
7.60000e+00	3.10649e-02	3.11200e-05
7.61000e+00	3.11739e-02	3.10806e-05
7.62000e+00	3.12831e-02	3.10412e-05
7.63000e+00	3.13925e-02	3.10018e-05
7.64000e+00	3.15021e-02	3.09623e-05
7.65000e+00	3.16119e-02	3.09229e-05
7.66000e+00	3.17219e-02	3.08834e-05
7.67000e+00	3.18321e-02	3.08440e-05
7.68000e+00	3.19425e-02	3.08045e-05
7.69000e+00	3.20531e-02	3.07651e-05
7.70000e+00	3.21639e-02	3.07256e-05
7.71000e+00	3.22749e-02	3.06862e-05
7.72000e+00	3.23861e-02	3.06467e-05
7.73000e+00	3.24976e-02	3.06072e-05
7.74000e+00	3.26092e-02	3.05678e-05
7.75000e+00	3.27210e-02	3.05283e-05
7.76000e+00	3.28330e-02	3.04888e-05
7.77000e+00	3.29452e-02	3.04493e-05
7.78000e+00	3.30577e-02	3.04098e-05
7.79000e+00	3.31703e-02	3.03703e-05
7.80000e+00	3.32831e-02	3.03308e-05
7.81000e+00	3.33961e-02	3.02914e-05
7.82000e+00	3.35093e-02	3.02519e-05
7.83000e+00	3.36228e-02	3.02124e-05
7.84000e+00	3.37364e-02	3.01729e-05
7.85000e+00	3.38502e-02	3.01334e-05
7.86000e+00	3.39642e-02	3.00938e-05
7.87000e+00	3.40785e-02	3.00543e-05
7.88000e+00	3.41929e-02	3.00148e-05
7.89000e+00	3.43075e-02	2.99753e-05
7.90000e+00	3.44223e-02	2.99358e-05
7.91000e+00	3.45373e-02	2.98963e-05
7.92000e+00	3.46525e-02	2.98568e-05
7.93000e+00	3.47680e-02	2.98173e-05
7.94000e+00	3.48836e-02	2.97778e-05
7.95000e+00	3.49994e-02	2.97382e-05
7.96000e+00	3.51154e-02	2.96987e-05
7.97000e+00	3.52316e-02	2.96592e-05
7.98000e+00	3.53480e-02	2.96197e-05
7.99000e+00	3.54646e-02	2.95802e-05
8.00000e+00	3.55814e-02	2.95407e-05
8.01000e+00	3.56984e-02	2.95011e-05
8.02000e+00	3.58156e-02	2.94616e-05
8.03000e+00	3.59330e-02	2.94221e-05
8.04000e+00	3.60506e-02	2.93826e-05
8.05000e+00	3.61684e-02	2.93431e-05
8.06000e+00	3.62864e-02	2.93036e-05
8.07000e+00	3.64045e-02	2.92640e-05
8.08000e+00	3.65229e-02	2.92245e-05
8.09000e+00	3.66415e-02	2.91850e-05
8.10000e+00	3.67602e-02	2.91455e-05
8.11000e+00	3.68792e-02	2.91060e-05
8.12000e+00	3.69984e-02	2.90665e-05
8.13000e+00	3.71177e-02	2.90270e-05
8.14000e+00	3.72373e-02	2.89875e-05
8.15000e+00	3.73570e-02	2.89480e-05
8.16000e+00	3.74770e-02	2.89085e-05
8.17000e+00	3.75971e-02	2.88690e-05
8.18000e+00	3.77174e-02	2.88295e-05
8.19000e+00	3.78379e-02	2.87900e-05
8.20000e+00	3.79587e-02	2.87505e-05
8.21000e+00	3.80796e-02	2.87110e-05
8.22000e+00	3.82007e-02	2.86715e-05
8.23000e+00	3.83220e-02	2.86320e-05
8.24000e+00	3.84435e-02	2.85925e-05
8.25000e+00	3.85651e-02	2.85531e-05
8.26000e+00	3.86870e-02	2.85136e-05
8.27000e+00	3.88091e-02	2.84741e-05
8.28000e+00	3.89314e-02	2.84346e-05
8.29000e+00	3.90538e-02	2.83952e-05
8.30000e+00	3.91765e-02	2.83557e-05
8.31000e+00	3.92993e-02	2.83163e-05
8.32000e+00	3.94223e-02	2.82768e-05
8.33000e+00	3.95456e-02	2.82374e-05
8.34000e+00	3.96690e-02	2.81979e-05
8.35000e+00	3.97926e-02	2.81585e-05
8.36000e+00	3.99164e-02	2.81190e-05
8.37000e+00	4.00404e-02	2.80796e-05
8.38000e+00	4.01645e-02	2.80402e-05
8.39000e+00	4.02889e-02	2.80008e-05
8.40000e+00	4.04135e-02	2.79613e-05
8.41000e+00	4.05382e-02	2.79219e-05
8.42000e+00	4.06632e-02	2.78825e-05
8.43000e+00	4.07883e-02	2.78431e-05
8.44000e+00	4.09136e-02	2.78037e-05
8.45000e+00	4.10391e-02	2.77643e-05
8.46000e+00	4.11648e-02	2.77249e-05
8.47000e+00	4.12907e-02	2.76856e-05
8.48000e+00	4.14168e-02	2.76462e-05
8.49000e+00	4.15431e-02	2.76068e-05
8.50000e+00	4.16695e-02	2.75674e-05
8.51000e+00	4.17962e-02	2.75281e-05
8.52000e+00	4.19230e-02	2.74887e-05
8.53000e+00	4.20500e-02	2.74494e-05
8.54000e+00	4.21772e-02	2.74101e-05
8.55000e+00	4.23046e-02	2.73707e-05
8.56000e+00	4.24322e-02	2.73314e-05
8.57000e+00	4.25600e-02	2.72921e-05
8.58000e+00	4.26879e-02	2.72528e-05
8.59000e+00	4.28160e-02	2.72135e-05
8.60000e+00	4.29444e-02	2.71742e-05
8.61000e+00	4.30729e-02	2.71349e-05
8.62000e+00	4.32016e-02	2.70956e-05
8.63000e+00	4.33305e-02	2.70563e-05
8.64000e+00	4.34595e-02	2.70171e-05
8.65000e+00	4.35888e-02	2.69778e-05
8.66000e+00	4.37182e-02	2.69386e-05
8.67000e+00	4.38479e-02	2.68993e-05
8.68000e+00	4.39777e-02	2.68601e-05
8.69000e+00	4.41077e-02	2.68209e-05
8.70000e+00	4.42378e-02	2.67816e-05
8.71000e+00	4.43682e-02	2.67424e-05
8.72000e+00	4.44987e-02	2.67032e-05
8.73000e+00	4.46295e-02	2.66640e-05
8.74000e+00	4.47604e-02	2.66249e-05
8.75000e+00	4.48915e-02	2.65857e-05
8.76000e+00	4.50227e-02	2.65465e-05
8.77000e+00	4.51542e-02	2.65074e-05
8.78000e+00	4.52858e-02	2.64682e-05
8.79000e+00	4.54177e-02	2.64291e-05
8.80000e+00	4.55497e-02	2.63900e-05
8.81000e+00	4.56818e-02	2.63508e-05
8.82000e+00	4.58142e-02	2.63117e-05
8.83000e+00	4.59468e-02	2.62726e-05
8.84000e+00	4.60795e-02	2.62336e-05
8.85000e+00	4.62124e-02	2.61945e-05
8.86000e+00	4.63455e-02	2.61554e-05
8.87000e+00	4.64788e-02	2.61164e-05
8.88000e+00	4.66122e-02	2.60773e-05
8.89000e+00	4.67458e-02	2.60383e-05
8.90000e+00	4.68796e-02	2.59993e-05
8.91000e+00	4.70136e-02	2.59602e-05
8.92000e+00	4.71478e-02	2.59212e-05
8.93000e+00	4.72821e-02	2.58822e-05
8.94000e+00	4.74167e-02	2.58433e-05
8.95000e+00	4.75514e-02	2.58043e-05
8.96000e+00	4.76862e-02	2.57653e-05
8.97000e+00	4.78213e-02	2.57264e-05
8.98000e+00	4.79565e-02	2.56875e-05
8.99000e+00	4.80919e-02	2.56485e-05
9.00000e+00	4.82275e-02	2.56096e-05
9.01000e+00	4.83633e-02	2.55707e-05
9.02000e+00	4.84992e-02	2.55318e-05
9.03000e+00	4.86353e-02	2.54930e-05
9.04000e+00	4.87716e-02	2.54541e-05
9.05000e+00	4.89081e-02	2.54152e-05
9.06000e+00	4.90447e-02	2.53764e-05
9.07000e+00	4.91815e-02	2.53376e-05
9.08000e+00	4.93185e-02	2.52988e-05
9.09000e+00	4.94557e-02	2.52600e-05
9.10000e+00	4.95930e-02	2.52212e-05
9.11000e+00	4.97306e-02	2.51824e-05
9.12000e+00	4.98682e-02	2.51436e-05
9.13000e+00	5.00061e-02	2.51049e-05
9.14000e+00	5.01441e-02	2.50661e-05
9.15000e+00	5.02823e-02	2.50274e-05
9.16000e+00	5.04207e-02	2.49887e-05
9.17000e+00	5.05593e-02	2.49500e-05
9.18000e+00	5.06980e-02	2.49113e-05
9.19000e+00	5.08369e-02	2.48727e-05
9.20000e+00	5.09760e-02	2.48340e-05
9.21000e+00	5.11152e-02	2.47954e-05
9.22000e+00	5.12546e-02	2.47568e-05
9.23000e+00	5.13942e-02	2.47181e-05
9.24000e+00	5.15339e-02	2.46795e-05
9.25000e+00	5.16739e-02	2.46410e-05
9.26000e+00	5.18139e-02	2.46024e-05
9.27000e+00	5.19542e-02	2.45638e-05
9.28000e+00	5.20946e-02	2.45253e-05
9.29000e+00	5.22352e-02	2.44868e-05
9.30000e+00	5.23760e-02	2.44483e-05
9.31000e+00	5.25169e-02	2.44098e-05
9.32000e+00	5.26580e-02	2.43713e-05
9.33000e+00	5.27993e-02	2.43328e-05
9.34000e+00	5.29407e-02	2.42944e-05
9.35000e+00	5.30823e-02	2.42560e-05
9.36000e+00	5.32241e-02	2.42175e-05
9.37000e+00	5.33661e-02	2.41791e-05
9.38000e+00	5.35082e-02	2.41408e-05
9.39000e+00	5.36504e-02	2.41024e-05
9.40000e+00	5.37929e-02	2.40640e-05
9.41000e+00	5.39355e-02	2.40257e-05
9.42000e+00	5.40782e-02	2.39874e-05
9.43000e+00	5.42212e-02	2.39491e-05
9.44000e+00	5.43643e-02	2.39108e-05
9.45000e+00	5.45075e-02	2.38725e-05
9.46000e+00	5.46510e-02	2.38343e-05
9.47000e+00	5.47946e-02	2.37960e-05
9.48000e+00	5.49383e-02	2.37578e-05
9.49000e+00	5.50822e-02	2.37196e-05
9.50000e+00	5.52263e-02	2.36814e-05
9.51000e+00	5.53705e-02	2.36432e-05
9.52000e+00	5.55150e-02	2.36051e-05
9.53000e+00	5.56595e-02	2.35669e-05
9.54000e+00	5.58042e-02	2.35288e-05
9.55000e+00	5.59491e-02	2.34907e-05
9.56000e+00	5.60942e-02	2.34526e-05
9.57000e+00	5.62394e-02	2.34146e-05
9.58000e+00	5.63848e-02	2.33765e-05
9.59000e+00	5.65303e-02	2.33385e-05
9.60000e+00	5.66760e-02	2.33005e-05
9.61000e+00	5.68219e-02	2.32625e-05
9.62000e+00	5.69679e-02	2.32245e-05
9.63000e+00	5.71140e-02	2.31865e-05
9.64000e+00	5.72604e-02	2.31486e-05
9.65000e+00	5.74068e-02	2.31107e-05
9.66000e+00	5.75535e-02	2.30728e-05
9.67000e+00	5.77003e-02	2.30349e-05
9.68000e+00	5.78473e-02	2.29970e-05
9.69000e+00	5.79944e-02	2.29592e-05
9.70000e+00	5.81416e-02	2.29214e-05
9.71000e+00	5.82891e-02	2.28836e-05
9.72000e+00	5.84367e-02	2.28458e-05
9.73000e+00	5.85844e-02	2.28080e-05
9.74000e+00	5.87323e-02	2.27702e-05
9.75000e+00	5.88804e-02	2.27325e-05
9.76000e+00	5.90286e-02	2.26948e-05
9.77000e+00	5.91769e-02	2.26571e-05
9.78000e+00	5.93254e-02	2.26194e-05
9.79000e+00	5.94741e-02	2.25818e-05
9.80000e+00	5.96229e-02	2.25442e-05
9.81000e+00	5.97719e-02	2.25065e-05
9.82000e+00	5.99210e-02	2.24689e-05
9.83000e+00	6.00703e-02	2.24314e-05
9.84000e+00	6.02198e-02	2.23938e-05
9.85000e+00	6.03694e-02	2.23563e-05
9.86000e+00	6.05191e-02	2.23188e-05
9.87000e+00	6.06690e-02	2.22813e-05
9.88000e+00	6.08190e-02	2.22438e-05
9.89000e+00	6.09692e-02	2.22064e-05
9.90000e+00	6.11196e-02	2.21689e-05
9.91000e+00	6.12701e-02	2.21315e-05
9.92000e+00	6.14207e-02	2.20941e-05
9.93000e+00	6.15715e-02	2.20568e-05
9.94000e+00	6.17224e-02	2.20194e-05
9.95000e+00	6.18735e-02	2.19821e-05
9.96000e+00	6.20248e-02	2.19448e-05
9.97000e+00	6.21761e-02	2.19075e-05
9.98000e+00	6.23277e-02	2.18703e-05
9.99000e+00	6.24794e-02	2.18330e-05
1.00000e+01	6.26312e-02	2.17958e-05
1.00100e+01	6.27832e-02	2.17586e-05
1.00200e+01	6.29353e-02	2.17214e-05
1.00300e+01	6.30875e-02	2.16843e-05
1.00400e+01	6.32400e-02	2.16472e-05
1.00500e+01	6.33925e-02	2.16101e-05
1.00600e+01	6.35452e-02	2.15730e-05
1.00700e+01	6.36981e-02	2.15359e-05
1.00800e+01	6.38511e-02	2.14989e-05
1.00900e+01	6.40042e-02	2.14619e-05
1.01000e+01	6.41575e-02	2.14249e-05
1.01100e+01	6.43109e-02	2.13879e-05
1.01200e+01	6.44645e-02	2.13509e-05
1.01300e+01	6.46182e-02	2.13140e-05
1.01400e+01	6.47720e-02	2.12771e-05
1.01500e+01	6.49260e-02	2.12402e-05
1.01600e+01	6.50801e-02	2.12034e-05
1.01700e+01	6.52344e-02	2.11665e-05
1.01800e+01	6.53888e-02	2.11297e-05
1.01900e+01	6.55434e-02	2.10929e-05
1.02000e+01	6.56981e-02	2.10562e-05
1.02100e+01	6.58529e-02	2.10194e-05
1.02200e+01	6.60079e-02	2.09827e-05
1.02300e+01	6.61630e-02	2.09460e-05
1.02400e+01	6.63183e-02	2.09094e-05
1.02500e+01	6.64736e-02	2.08727e-05
1.02600e+01	6.66292e-02	2.08361e-05
1.02700e+01	6.67848e-02	2.07995e-05
1.02800e+01	6.69406e-02	2.07629e-05
1.02900e+01	6.70966e-02	2.07264e-05
1.03000e+01	6.72527e-02	2.06898e-05
1.03100e+01	6.74089e-02	2.06533e-05
1.03200e+01	6.75652e-02	2.06169e-05
1.03300e+01	6.77217e-02	2.05804e-05
1.03400e+01	6.78783e-02	2.05440e-05
1.03500e+01	6.80351e-02	2.05076e-05
1.03600e+01	6.81920e-02	2.04712e-05
1.03700e+01	6.83490e-02	2.04349e-05
1.03800e+01	6.85062e-02	2.03985e-05
1.03900e+01	6.86634e-02	2.03622e-05
1.04000e+01	6.88209e-02	2.03259e-05
1.04100e+01	6.89784e-02	2.02897e-05
1.04200e+01	6.91361e-02	2.02535e-05
1.04300e+01	6.92939e-02	2.02173e-05
1.04400e+01	6.94519e-02	2.01811e-05
1.04500e+01	6.96100e-02	2.01449e-05
1.04600e+01	6.97682e-02	2.01088e-05
1.04700e+01	6.99265e-02	2.00727e-05
1.04800e+01	7.00850e-02	2.00366e-05
1.04900e+01	7.02436e-02	2.00006e-05
1.05000e+01	7.04023e-02	1.99645e-05
1.05100e+01	7.05612e-02	1.99285e-05
1.05200e+01	7.07202e-02	1.98926e-05
1.05300e+01	7.08793e-02	1.98566e-05
1.05400e+01	7.10386e-02	1.98207e-05
1.05500e+01	7.11979e-02	1.97848e-05
1.05600e+01	7.13574e-02	1.97489e-05
1.05700e+01	7.15171e-02	1.97131e-05
1.05800e+01	7.16768e-02	1.96773e-05
1.05900e+01	7.18367e-02	1.96415e-05
1.06000e+01	7.19967e-02	1.96057e-05
1.06100e+01	7.21568e-02	1.95700e-05
1.06200e+01	7.23171e-02	1.95343e-05
1.06300e+01	7.24775e-02	1.94986e-05
1.06400e+01	7.26380e-02	1.94630e-05
1.06500e+01	7.27986e-02	1.94273e-05
1.06600e+01	7.29594e-02	1.93917e-05
1.06700e+01	7.31202e-02	1.93562e-05
1.06800e+01	7.32812e-02	1.93206e-05
1.06900e+01	7.34423e-02	1.92851e-05
1.07000e+01	7.36036e-02	1.92496e-05
1.07100e+01	7.37650e-02	1.92141e-05
1.07200e+01	7.39264e-02	1.91787e-05
1.07300e+01	7.40880e-02	1.91433e-05
1.07400e+01	7.42498e-02	1.91079e-05
1.07500e+01	7.44116e-02	1.90725e-05
1.07600e+01	7.45736e-02	1.90372e-05
1.07700e+01	7.47357e-02	1.90019e-05
1.07800e+01	7.48979e-02	1.89666e-05
1.07900e+01	7.50602e-02	1.89314e-05
1.08000e+01	7.52226e-02	1.88962e-05
1.08100e+01	7.53852e-02	1.88610e-05
1.08200e+01	7.55478e-02	1.88258e-05
1.08300e+01	7.57106e-02	1.87907e-05
1.08400e+01	7.58735e-02	1.87556e-05
1.08500e+01	7.60366e-02	1.87205e-05
1.08600e+01	7.61997e-02	1.86855e-05
1.08700e+01	7.63630e-02	1.86505e-05
1.08800e+01	7.65263e-02	1.86155e-05
1.08900e+01	7.66898e-02	1.85805e-05
1.09000e+01	7.68534e-02	1.85456e-05
1.09100e+01	7.70171e-02	1.85107e-05
1.09200e+01	7.71809e-02	1.84758e-05
1.09300e+01	7.73449e-02	1.84410e-05
1.09400e+01	7.75089e-02	1.84061e-05
1.09500e+01	7.76731e-02	1.83714e-05
1.09600e+01	7.78373e-02	1.83366e-05
1.09700e+01	7.80017e-02	1.83019e-05
1.09800e+01	7.81662e-02	1.82672e-05
1.09900e+01	7.83308e-02	1.82325e-05
1.10000e+01	7.84955e-02	1.81979e-05
1.10100e+01	7.86604e-02	1.81632e-05
1.10200e+01	7.88253e-02	1.81287e-05
1.10300e+01	7.89903e-02	1.80941e-05
1.10400e+01	7.91555e-02	1.80596e-05
1.10500e+01	7.93208e-02	1.80251e-05
1.10600e+01	7.94861e-02	1.79906e-05
1.10700e+01	7.96516e-02	1.79562e-05
1.10800e+01	7.98172e-02	1.79218e-05
1.10900e+01	7.99829e-02	1.78874e-05
1.11000e+01	8.01487e-02	1.78531e-05
1.11100e+01	8.03146e-02	1.78188e-05
1.11200e+01	8.04806e-02	1.77845e-05
1.11300e+01	8.06467e-02	1.77502e-05
1.11400e+01	8.08129e-02	1.77160e-05
1.11500e+01	8.09792e-02	1.76818e-05
1.11600e+01	8.11456e-02	1.76476e-05
1.11700e+01	8.13122e-02	1.76135e-05
1.11800e+01	8.14788e-02	1.75794e-05
1.11900e+01	8.16455e-02	1.75453e-05
1.12000e+01	8.18124e-02	1.75113e-05
1.12100e+01	8.19793e-02	1.74773e-05
1.12200e+01	8.21463e-02	1.74433e-05
1.12300e+01	8.23135e-02	1.74093e-05
1.12400e+01	8.24807e-02	1.73754e-05
1.12500e+01	8.26480e-02	1.73415e-05
1.12600e+01	8.28155e-02	1.73077e-05
1.12700e+01	8.29830e-02	1.72739e-05
1.12800e+01	8.31506e-02	1.72401e-05
1.12900e+01	8.33184e-02	1.72063e-05
1.13000e+01	8.34862e-02	1.71726e-05
1.13100e+01	8.36541e-02	1.71389e-05
1.13200e+01	8.38222e-02	1.71052e-05
1.13300e+01	8.39903e-02	1.70716e-05
1.13400e+01	8.41585e-02	1.70379e-05
1.13500e+01	8.43268e-02	1.70044e-05
1.13600e+01	8.44952e-02	1.69708e-05
1.13700e+01	8.46637e-02	1.69373e-05
1.13800e+01	8.48323e-02	1.69038e-05
1.13900e+01	8.50010e-02	1.68704e-05
1.14000e+01	8.51698e-02	1.68370e-05
1.14100e+01	8.53387e-02	1.68036e-05
1.14200e+01	8.55077e-02	1.67702e-05
1.14300e+01	8.56767e-02	1.67369e-05
1.14400e+01	8.58459e-02	1.67036e-05
1.14500e+01	8.60151e-02	1.66704e-05
1.14600e+01	8.61845e-02	1.66371e-05
1.14700e+01	8.63539e-02	1.66039e-05
1.14800e+01	8.65234e-02	1.65708e-05
1.14900e+01	8.66931e-02	1.65376e-05
1.15000e+01	8.68628e-02	1.65045e-05
1.15100e+01	8.70326e-02	1.64715e-05
1.15200e+01	8.72024e-02	1.64384e-05
1.15300e+01	8.73724e-02	1.64054e-05
1.15400e+01	8.75425e-02	1.63725e-05
1.15500e+01	8.77126e-02	1.63395e-05
1.15600e+01	8.78828e-02	1.63066e-05
1.15700e+01	8.80532e-02	1.62738e-05
1.15800e+01	8.82236e-02	1.62409e-05
1.15900e+01	8.83941e-02	1.62081e-05
1.16000e+01	8.85646e-02	1.61753e-05
1.16100e+01	8.87353e-02	1.61426e-05
1.16200e+01	8.89060e-02	1.61099e-05
1.16300e+01	8.90769e-02	1.60772e-05
1.16400e+01	8.92478e-02	1.60446e-05
1.16500e+01	8.94188e-02	1.60120e-05
1.16600e+01	8.95899e-02	1.59794e-05
1.16700e+01	8.97610e-02	1.59469e-05
1.16800e+01	8.99323e-02	1.59144e-05
1.16900e+01	9.01036e-02	1.58819e-05
1.17000e+01	9.02750e-02	1.58494e-05
1.17100e+01	9.04465e-02	1.58170e-05
1.17200e+01	9.06181e-02	1.57847e-05
1.17300e+01	9.07897e-02	1.57523e-05
1.17400e+01	9.09614e-02	1.57200e-05
1.17500e+01	9.11333e-02	1.56877e-05
1.17600e+01	9.13051e-02	1.56555e-05
1.17700e+01	9.14771e-02	1.56233e-05
1.17800e+01	9.16491e-02	1.55911e-05
1.17900e+01	9.18213e-02	1.55590e-05
1.18000e+01	9.19935e-02	1.55269e-05
1.18100e+01	9.21657e-02	1.54948e-05
1.18200e+01	9.23381e-02	1.54628e-05
1.18300e+01	9.25105e-02	1.54307e-05
1.18400e+01	9.26830e-02	1.53988e-05
1.18500e+01	9.28556e-02	1.53668e-05
1.18600e+01	9.30282e-02	1.53349e-05
1.18700e+01	9.32010e-02	1.53031e-05
1.18800e+01	9.33737e-02	1.52712e-05
1.18900e+01	9.35466e-02	1.52394e-05
1.19000e+01	9.37196e-02	1.52077e-05
1.19100e+01	9.38926e-02	1.51759e-05
1.19200e+01	9.40657e-02	1.51442e-05
1.19300e+01	9.42388e-02	1.51126e-05
1.19400e+01	9.44120e-02	1.50809e-05
1.19500e+01	9.45853e-02	1.50493e-05
1.19600e+01	9.47587e-02	1.50178e-05
1.19700e+01	9.49321e-02	1.49863e-05
1.19800e+01	9.51057e-02	1.49548e-05
1.19900e+01	9.52792e-02	1.49233e-05
1.20000e+01	9.54529e-02	1.48919e-05
1.20100e+01	9.56266e-02	1.48605e-05
1.20200e+01	9.58004e-02	1.48291e-05
1.20300e+01	9.59742e-02	1.47978e-05
1.20400e+01	9.61481e-02	1.47665e-05
1.20500e+01	9.63221e-02	1.47353e-05
1.20600e+01	9.64961e-02	1.47041e-05
1.20700e+01	9.66702e-02	1.46729e-05
1.20800e+01	9.68444e-02	1.46418e-05
1.20900e+01	9.70187e-02	1.46107e-05
1.21000e+01	9.71930e-02	1.45796e-05
1.21100e+01	9.73673e-02	1.45485e-05
1.21200e+01	9.75418e-02	1.45175e-05
1.21300e+01	9.77162e-02	1.44866e-05
1.21400e+01	9.78908e-02	1.44556e-05
1.21500e+01	9.80654e-02	1.44247e-05
1.21600e+01	9.82401e-02	1.43939e-05
1.21700e+01	9.84148e-02	1.43630e-05
1.21800e+01	9.85896e-02	1.43322e-05
1.21900e+01	9.87645e-02	1.43015e-05
1.22000e+01	9.89394e-02	1.42708e-05
1.22100e+01	9.91144e-02	1.42401e-05
1.22200e+01	9.92894e-02	1.42094e-05
1.22300e+01	9.94645e-02	1.41788e-05
1.22400e+01	9.96397e-02	1.41482e-05
1.22500e+01	9.98149e-02	1.41177e-05
1.22600e+01	9.99901e-02	1.40872e-05
1.22700e+01	1.00165e-01	1.40567e-05
1.22800e+01	1.00341e-01	1.40263e-05
1.22900e+01	1.00516e-01	1.39959e-05
1.23000e+01	1.00692e-01	1.39655e-05
1.23100e+01	1.00867e-01	1.39352e-05
1.23200e+01	1.01043e-01	1.39049e-05
1.23300e+01	1.01219e-01	1.38746e-05
1.23400e+01	1.01394e-01	1.38444e-05
1.23500e+01	1.01570e-01	1.38142e-05
1.23600e+01	1.01746e-01	1.37841e-05
1.23700e+01	1.01922e-01	1.37539e-05
1.23800e+01	1.02098e-01	1.37239e-05
1.23900e+01	1.02274e-01	1.36938e-05
1.24000e+01	1.02450e-01	1.36638e-05
1.24100e+01	1.02626e-01	1.36338e-05
1.24200e+01	1.02802e-01	1.36039e-05
1.24300e+01	1.02978e-01	1.35740e-05
1.24400e+01	1.03154e-01	1.35441e-05
1.24500e+01	1.03330e-01	1.35143e-05
1.24600e+01	1.03507e-01	1.34845e-05
1.24700e+01	1.03683e-01	1.34548e-05
1.24800e+01	1.03859e-01	1.34250e-05
1.24900e+01	1.04036e-01	1.33954e-05
1.25000e+01	1.04212e-01	1.33657e-05
1.25100e+01	1.04389e-01	1.33361e-05
1.25200e+01	1.04565e-01	1.33065e-05
1.25300e+01	1.04742e-01	1.32770e-05
1.25400e+01	1.04919e-01	1.32475e-05
1.25500e+01	1.05096e-01	1.32180e-05
1.25600e+01	1.05272e-01	1.31886e-05
1.25700e+01	1.05449e-01	1.31592e-05
1.25800e+01	1.05626e-01	1.31299e-05
1.25900e+01	1.05803e-01	1.31006e-05
1.26000e+01	1.05980e-01	1.30713e-05
1.26100e+01	1.06157e-01	1.30420e-05
1.26200e+01	1.06334e-01	1.30128e-05
1.26300e+01	1.06511e-01	1.29837e-05
1.26400e+01	1.06688e-01	1.29545e-05
1.26500e+01	1.06865e-01	1.29254e-05
1.26600e+01	1.07042e-01	1.28964e-05
1.26700e+01	1.07219e-01	1.28673e-05
1.26800e+01	1.07397e-01	1.28384e-05
1.26900e+01	1.07574e-01	1.28094e-05
1.27000e+01	1.07751e-01	1.27805e-05
1.27100e+01	1.07929e-01	1.27516e-05
1.27200e+01	1.08106e-01	1.27228e-05
1.27300e+01	1.08283e-01	1.26940e-05
1.27400e+01	1.08461e-01	1.26652e-05
1.27500e+01	1.08638e-01	1.26365e-05
1.27600e+01	1.08816e-01	1.26078e-05
1.27700e+01	1.08994e-01	1.25791e-05
1.27800e+01	1.09171e-01	1.25505e-05
1.27900e+01	1.09349e-01	1.25219e-05
1.28000e+01	1.09526e-01	1.24934e-05
1.28100e+01	1.09704e-01	1.24649e-05
1.28200e+01	1.09882e-01	1.24364e-05
1.28300e+01	1.10060e-01	1.24080e-05
1.28400e+01	1.10237e-01	1.23796e-05
1.28500e+01	1.10415e-01	1.23512e-05
1.28600e+01	1.10593e-01	1.23229e-05
1.28700e+01	1.10771e-01	1.22946e-05
1.28800e+01	1.10949e-01	1.22664e-05
1.28900e+01	1.11127e-01	1.22382e-05
1.29000e+01	1.11305e-01	1.22100e-05
1.29100e+01	1.11483e-01	1.21819e-05
1.29200e+01	1.11661e-01	1.21538e-05
1.29300e+01	1.11839e-01	1.21257e-05
1.29400e+01	1.12017e-01	1.20977e-05
1.29500e+01	1.12195e-01	1.20697e-05
1.29600e+01	1.12373e-01	1.20418e-05
1.29700e+01	1.12551e-01	1.20139e-05
1.29800e+01	1.12730e-01	1.19860e-05
1.29900e+01	1.12908e-01	1.19582e-05
1.30000e+01	1.13086e-01	1.19304e-05
1.30100e+01	1.13264e-01	1.19026e-05
1.30200e+01	1.13443e-01	1.18749e-05
1.30300e+01	1.13621e-01	1.18472e-05
1.30400e+01	1.13799e-01	1.18196e-05
1.30500e+01	1.13978e-01	1.17920e-05
1.30600e+01	1.14156e-01	1.17644e-05
1.30700e+01	1.14334e-01	1.17369e-05
1.30800e+01	1.14513e-01	1.17094e-05
1.30900e+01	1.14691e-01	1.16819e-05
1.31000e+01	1.14870e-01	1.16545e-05
1.31100e+01	1.15048e-01	1.16271e-05
1.31200e+01	1.15227e-01	1.15998e-05
1.31300e+01	1.15405e-01	1.15725e-05
1.31400e+01	1.15584e-01	1.15452e-05
1.31500e+01	1.15762e-01	1.15180e-05
1.31600e+01	1.15941e-01	1.14908e-05
1.31700e+01	1.16119e-01	1.14636e-05
1.31800e+01	1.16298e-01	1.14365e-05
1.31900e+01	1.16476e-01	1.14094e-05
1.32000e+01	1.16655e-01	1.13824e-05
1.32100e+01	1.16834e-01	1.13554e-05
1.32200e+01	1.17012e-01	1.13284e-05
1.32300e+01	1.17191e-01	1.13015e-05
1.32400e+01	1.17370e-01	1.12746e-05
1.32500e+01	1.17548e-01	1.12478e-05
1.32600e+01	1.17727e-01	1.12210e-05
1.32700e+01	1.17906e-01	1.11942e-05
1.32800e+01	1.18084e-01	1.11674e-05
1.32900e+01	1.18263e-01	1.11407e-05
1.33000e+01	1.18442e-01	1.11141e-05
1.33100e+01	1.18621e-01	1.10875e-05
1.33200e+01	1.18799e-01	1.10609e-05
1.33300e+01	1.18978e-01	1.10343e-05
1.33400e+01	1.19157e-01	1.10078e-05
1.33500e+01	1.19336e-01	1.09813e-05
1.33600e+01	1.19514e-01	1.09549e-05
1.33700e+01	1.19693e-01	1.09285e-05
1.33800e+01	1.19872e-01	1.09022e-05
1.33900e+01	1.20051e-01	1.08758e-05
1.34000e+01	1.20230e-01	1.08496e-05
1.34100e+01	1.20408e-01	1.08233e-05
1.34200e+01	1.20587e-01	1.07971e-05
1.34300e+01	1.20766e-01	1.07709e-05
1.34400e+01	1.20945e-01	1.07448e-05
1.34500e+01	1.21124e-01	1.07187e-05
1.34600e+01	1.21303e-01	1.06927e-05
1.34700e+01	1.21481e-01	1.06667e-05
1.34800e+01	1.21660e-01	1.06407e-05
1.34900e+01	1.21839e-01	1.06148e-05
1.35000e+01	1.22018e-01	1.05889e-05
1.35100e+01	1.22197e-01	1.05630e-05
1.35200e+01	1.22376e-01	1.05372e-05
1.35300e+01	1.22554e-01	1.05114e-05
1.35400e+01	1.22733e-01	1.04856e-05
1.35500e+01	1.22912e-01	1.04599e-05
1.35600e+01	1.23091e-01	1.04343e-05
1.35700e+01	1.23270e-01	1.04086e-05
1.35800e+01	1.23449e-01	1.03830e-05
1.35900e+01	1.23628e-01	1.03575e-05
1.36000e+01	1.23806e-01	1.03320e-05
1.36100e+01	1.23985e-01	1.03065e-05
1.36200e+01	1.24164e-01	1.02811e-05
1.36300e+01	1.24343e-01	1.02557e-05
1.36400e+01	1.24522e-01	1.02303e-05
1.36500e+01	1.24700e-01	1.02050e-05
1.36600e+01	1.24879e-01	1.01797e-05
1.36700e+01	1.25058e-01	1.01544e-05
1.36800e+01	1.25237e-01	1.01292e-05
1.36900e+01	1.25416e-01	1.01041e-05
1.37000e+01	1.25594e-01	1.00789e-05
1.37100e+01	1.25773e-01	1.00538e-05
1.37200e+01	1.25952e-01	1.00288e-05
1.37300e+01	1.26131e-01	1.00037e-05
1.37400e+01	1.26309e-01	9.97877e-06
1.37500e+01	1.26488e-01	9.95383e-06
1.37600e+01	1.26667e-01	9.92892e-06
1.37700e+01	1.26846e-01	9.90406e-06
1.37800e+01	1.27024e-01	9.87923e-06
1.37900e+01	1.27203e-01	9.85445e-06
1.38000e+01	1.27382e-01	9.82970e-06
1.38100e+01	1.27560e-01	9.80499e-06
1.38200e+01	1.27739e-01	9.78031e-06
1.38300e+01	1.27918e-01	9.75568e-06
1.38400e+01	1.28096e-01	9.73108e-06
1.38500e+01	1.28275e-01	9.70652e-06
1.38600e+01	1.28453e-01	9.68201e-06
1.38700e+01	1.28632e-01	9.65752e-06
1.38800e+01	1.28810e-01	9.63308e-06
1.38900e+01	1.28989e-01	9.60868e-06
1.39000e+01	1.29167e-01	9.58431e-06
1.39100e+01	1.29346e-01	9.55999e-06
1.39200e+01	1.29524e-01	9.53570e-06
1.39300e+01	1.29703e-01	9.51145e-06
1.39400e+01	1.29881e-01	9.48723e-06
1.39500e+01	1.30060e-01	9.46306e-06
1.39600e+01	1.30238e-01	9.43892e-06
1.39700e+01	1.30417e-01	9.41483e-06
1.39800e+01	1.30595e-01	9.39077e-06
1.39900e+01	1.30773e-01	9.36675e-06
1.40000e+01	1.30952e-01	9.34277e-06
1.40100e+01	1.31130e-01	9.31882e-06
1.40200e+01	1.31308e-01	9.29492e-06
1.40300e+01	1.31487e-01	9.27105e-06
1.40400e+01	1.31665e-01	9.24722e-06
1.40500e+01	1.31843e-01	9.22343e-06
1.40600e+01	1.32021e-01	9.19968e-06
1.40700e+01	1.32199e-01	9.17597e-06
1.40800e+01	1.32378e-01	9.15229e-06
1.40900e+01	1.32556e-01	9.12866e-06
1.41000e+01	1.32734e-01	9.10506e-06
1.41100e+01	1.32912e-01	9.08150e-06
1.41200e+01	1.33090e-01	9.05798e-06
1.41300e+01	1.33268e-01	9.03450e-06
1.41400e+01	1.33446e-01	9.01105e-06
1.41500e+01	1.33624e-01	8.98765e-06
1.41600e+01	1.33802e-01	8.96428e-06
1.41700e+01	1.33980e-01	8.94095e-06
1.41800e+01	1.34158e-01	8.91766e-06
1.41900e+01	1.34335e-01	8.89440e-06
1.42000e+01	1.34513e-01	8.87119e-06
1.42100e+01	1.34691e-01	8.84801e-06
1.42200e+01	1.34869e-01	8.82488e-06
1.42300e+01	1.35046e-01	8.80178e-06
1.42400e+01	1.35224e-01	8.77871e-06
1.42500e+01	1.35402e-01	8.75569e-06
1.42600e+01	1.35579e-01	8.73271e-06
1.42700e+01	1.35757e-01	8.70976e-06
1.42800e+01	1.35935e-01	8.68685e-06
1.42900e+01	1.36112e-01	8.66398e-06
1.43000e+01	1.36290e-01	8.64115e-06
1.43100e+01	1.36467e-01	8.61836e-06
1.43200e+01	1.36644e-01	8.59560e-06
1.43300e+01	1.36822e-01	8.57289e-06
1.43400e+01	1.36999e-01	8.55021e-06
1.43500e+01	1.37176e-01	8.52757e-06
1.43600e+01	1.37354e-01	8.50496e-06
1.43700e+01	1.37531e-01	8.48240e-06
1.43800e+01	1.37708e-01	8.45987e-06
1.43900e+01	1.37885e-01	8.43739e-06
1.44000e+01	1.38062e-01	8.41494e-06
1.44100e+01	1.38240e-01	8.39253e-06
1.44200e+01	1.38417e-01	8.37015e-06
1.44300e+01	1.38594e-01	8.34782e-06
1.44400e+01	1.38771e-01	8.32552e-06
1.44500e+01	1.38947e-01	8.30326e-06
1.44600e+01	1.39124e-01	8.28104e-06
1.44700e+01	1.39301e-01	8.25886e-06
1.44800e+01	1.39478e-01	8.23672e-06
1.44900e+01	1.39655e-01	8.21461e-06
1.45000e+01	1.39831e-01	8.19254e-06
1.45100e+01	1.40008e-01	8.17051e-06
1.45200e+01	1.40185e-01	8.14852e-06
1.45300e+01	1.40361e-01	8.12657e-06
1.45400e+01	1.40538e-01	8.10465e-06
1.45500e+01	1.40714e-01	8.08278e-06
1.45600e+01	1.40891e-01	8.06094e-06
1.45700e+01	1.41067e-01	8.03914e-06
1.45800e+01	1.41244e-01	8.01737e-06
1.45900e+01	1.41420e-01	7.99565e-06
1.46000e+01	1.41596e-01	7.97396e-06
1.46100e+01	1.41772e-01	7.95231e-06
1.46200e+01	1.41948e-01	7.93070e-06
1.46300e+01	1.42125e-01	7.90913e-06
1.46400e+01	1.42301e-01	7.88759e-06
1.46500e+01	1.42477e-01	7.86609e-06
1.46600e+01	1.42653e-01	7.84464e-06
1.46700e+01	1.42829e-01	7.82321e-06
1.46800e+01	1.43004e-01	7.80183e-06
1.46900e+01	1.43180e-01	7.78048e-06
1.47000e+01	1.43356e-01	7.75918e-06
1.47100e+01	1.43532e-01	7.73791e-06
1.47200e+01	1.43707e-01	7.71667e-06
1.47300e+01	1.43883e-01	7.69548e-06
1.47400e+01	1.44058e-01	7.67432e-06
1.47500e+01	1.44234e-01	7.65321e-06
1.47600e+01	1.44409e-01	7.63213e-06
1.47700e+01	1.44585e-01	7.61108e-06
1.47800e+01	1.44760e-01	7.59008e-06
1.47900e+01	1.44935e-01	7.56911e-06
1.48000e+01	1.45111e-01	7.54818e-06
1.48100e+01	1.45286e-01	7.52729e-06
1.48200e+01	1.45461e-01	7.50643e-06
1.48300e+01	1.45636e-01	7.48562e-06
1.48400e+01	1.45811e-01	7.46484e-06
1.48500e+01	1.45986e-01	7.44410e-06
1.48600e+01	1.46161e-01	7.42339e-06
1.48700e+01	1.46336e-01	7.40273e-06
1.48800e+01	1.46510e-01	7.38210e-06
1.48900e+01	1.46685e-01	7.36151e-06
1.49000e+01	1.46860e-01	7.34096e-06
1.49100e+01	1.47034e-01	7.32044e-06
1.49200e+01	1.47209e-01	7.29996e-06
1.49300e+01	1.47383e-01	7.27952e-06
1.49400e+01	1.47558e-01	7.25912e-06
1.49500e+01	1.47732e-01	7.23876e-06
1.49600e+01	1.47906e-01	7.21843e-06
1.49700e+01	1.48080e-01	7.19814e-06
1.49800e+01	1.48254e-01	7.17789e-06
1.49900e+01	1.48429e-01	7.15767e-06
1.50000e+01	1.48603e-01	7.13749e-06
1.50100e+01	1.48777e-01	7.11735e-06
1.50200e+01	1.48950e-01	7.09725e-06
1.50300e+01	1.49124e-01	7.07718e-06
1.50400e+01	1.49298e-01	7.05716e-06
1.50500e+01	1.49472e-01	7.03716e-06
1.50600e+01	1.49645e-01	7.01721e-06
1.50700e+01	1.49819e-01	6.99729e-06
1.50800e+01	1.49992e-01	6.97742e-06
1.50900e+01	1.50166e-01	6.95757e-06
1.51000e+01	1.50339e-01	6.93777e-06
1.51100e+01	1.50512e-01	6.91800e-06
1.51200e+01	1.50686e-01	6.89827e-06
1.51300e+01	1.50859e-01	6.87858e-06
1.51400e+01	1.51032e-01	6.85892e-06
1.51500e+01	1.51205e-01	6.83931e-06
1.51600e+01	1.51378e-01	6.81972e-06
1.51700e+01	1.51551e-01	6.80018e-06
1.51800e+01	1.51723e-01	6.78067e-06
1.51900e+01	1.51896e-01	6.76120e-06
1.52000e+01	1.52069e-01	6.74177e-06
1.52100e+01	1.52241e-01	6.72238e-06
1.52200e+01	1.52414e-01	6.70302e-06
1.52300e+01	1.52586e-01	6.68369e-06
1.52400e+01	1.52758e-01	6.66441e-06
1.52500e+01	1.52931e-01	6.64516e-06
1.52600e+01	1.53103e-01	6.62595e-06
1.52700e+01	1.53275e-01	6.60678e-06
1.52800e+01	1.53447e-01	6.58764e-06
1.52900e+01	1.53619e-01	6.56854e-06
1.53000e+01	1.53791e-01	6.54948e-06
1.53100e+01	1.53963e-01	6.53045e-06
1.53200e+01	1.54135e-01	6.51146e-06
1.53300e+01	1.54306e-01	6.49251e-06
1.53400e+01	1.54478e-01	6.47359e-06
1.53500e+01	1.54649e-01	6.45471e-06
1.53600e+01	1.54821e-01	6.43587e-06
1.53700e+01	1.54992e-01	6.41706e-06
1.53800e+01	1.55163e-01	6.39830e-06
1.53900e+01	1.55334e-01	6.37956e-06
1.54000e+01	1.55506e-01	6.36087e-06
1.54100e+01	1.55677e-01	6.34221e-06
1.54200e+01	1.55848e-01	6.32358e-06
1.54300e+01	1.56018e-01	6.30500e-06
1.54400e+01	1.56189e-01	6.28645e-06
1.54500e+01	1.56360e-01	6.26794e-06
1.54600e+01	1.56530e-01	6.24946e-06
1.54700e+01	1.56701e-01	6.23102e-06
1.54800e+01	1.56871e-01	6.21262e-06
1.54900e+01	1.57042e-01	6.19425e-06
1.55000e+01	1.57212e-01	6.17592e-06
1.55100e+01	1.57382e-01	6.15762e-06
1.55200e+01	1.57552e-01	6.13937e-06
1.55300e+01	1.57722e-01	6.12115e-06
1.55400e+01	1.57892e-01	6.10296e-06
1.55500e+01	1.58062e-01	6.08481e-06
1.55600e+01	1.58232e-01	6.06670e-06
1.55700e+01	1.58402e-01	6.04862e-06
1.55800e+01	1.58571e-01	6.03058e-06
1.55900e+01	1.58741e-01	6.01258e-06
1.56000e+01	1.58910e-01	5.99461e-06
1.56100e+01	1.59079e-01	5.97668e-06
1.56200e+01	1.59249e-01	5.95878e-06
1.56300e+01	1.59418e-01	5.94092e-06
1.56400e+01	1.59587e-01	5.92310e-06
1.56500e+01	1.59756e-01	5.90531e-06
1.56600e+01	1.59925e-01	5.88756e-06
1.56700e+01	1.60093e-01	5.86985e-06
1.56800e+01	1.60262e-01	5.85217e-06
1.56900e+01	1.60431e-01	5.83452e-06
1.57000e+01	1.60599e-01	5.81692e-06
1.57100e+01	1.60768e-01	5.79934e-06
1.57200e+01	1.60936e-01	5.78181e-06
1.57300e+01	1.61104e-01	5.76431e-06
1.57400e+01	1.61272e-01	5.74684e-06
1.57500e+01	1.61440e-01	5.72942e-06
1.57600e+01	1.61608e-01	5.71202e-06
1.57700e+01	1.61776e-01	5.69467e-06
1.57800e+01	1.61944e-01	5.67734e-06
1.57900e+01	1.62111e-01	5.66006e-06
1.58000e+01	1.62279e-01	5.64281e-06
1.58100e+01	1.62446e-01	5.62560e-06
1.58200e+01	1.62614e-01	5.60842e-06
1.58300e+01	1.62781e-01	5.59127e-06
1.58400e+01	1.62948e-01	5.57417e-06
1.58500e+01	1.63115e-01	5.55709e-06
1.58600e+01	1.63282e-01	5.54006e-06
1.58700e+01	1.63449e-01	5.52306e-06
1.58800e+01	1.63616e-01	5.50609e-06
1.58900e+01	1.63783e-01	5.48916e-06
1.59000e+01	1.63949e-01	5.47227e-06
1.59100e+01	1.64116e-01	5.45541e-06
1.59200e+01	1.64282e-01	5.43858e-06
1.59300e+01	1.64448e-01	5.42179e-06
1.59400e+01	1.64614e-01	5.40504e-06
1.59500e+01	1.64780e-01	5.38832e-06
1.59600e+01	1.64946e-01	5.37164e-06
1.59700e+01	1.65112e-01	5.35499e-06
1.59800e+01	1.65278e-01	5.33838e-06
1.59900e+01	1.65444e-01	5.32180e-06
1.60000e+01	1.65609e-01	5.30526e-06
1.60100e+01	1.65775e-01	5.28875e-06
1.60200e+01	1.65940e-01	5.27228e-06
1.60300e+01	1.66105e-01	5.25584e-06
1.60400e+01	1.66270e-01	5.23944e-06
1.60500e+01	1.66435e-01	5.22307e-06
1.60600e+01	1.66600e-01	5.20674e-06
1.60700e+01	1.66765e-01	5.19044e-06
1.60800e+01	1.66930e-01	5.17418e-06
1.60900e+01	1.67094e-01	5.15795e-06
1.61000e+01	1.67259e-01	5.14176e-06
1.61100e+01	1.67423e-01	5.12560e-06
1.61200e+01	1.67588e-01	5.10947e-06
1.61300e+01	1.67752e-01	5.09338e-06
1.61400e+01	1.67916e-01	5.07733e-06
1.61500e+01	1.68080e-01	5.06131e-06
1.61600e+01	1.68244e-01	5.04532e-06
1.61700e+01	1.68407e-01	5.02937e-06
1.61800e+01	1.68571e-01	5.01346e-06
1.61900e+01	1.68734e-01	4.99758e-06
1.62000e+01	1.68898e-01	4.98173e-06
1.62100e+01	1.69061e-01	4.96592e-06
1.62200e+01	1.69224e-01	4.95014e-06
1.62300e+01	1.69387e-01	4.93440e-06
1.62400e+01	1.69550e-01	4.91869e-06
1.62500e+01	1.69713e-01	4.90301e-06
1.62600e+01	1.69876e-01	4.88737e-06
1.62700e+01	1.70039e-01	4.87176e-06
1.62800e+01	1.70201e-01	4.85619e-06
1.62900e+01	1.70363e-01	4.84065e-06
1.63000e+01	1.70526e-01	4.82515e-06
1.63100e+01	1.70688e-01	4.80968e-06
1.63200e+01	1.70850e-01	4.79424e-06
1.63300e+01	1.71012e-01	4.77884e-06
1.63400e+01	1.71174e-01	4.76347e-06
1.63500e+01	1.71335e-01	4.74814e-06
1.63600e+01	1.71497e-01	4.73284e-06
1.63700e+01	1.71658e-01	4.71758e-06
1.63800e+01	1.71820e-01	4.70234e-06
1.63900e+01	1.71981e-01	4.68715e-06
1.64000e+01	1.72142e-01	4.67198e-06
1.64100e+01	1.72303e-01	4.65685e-06
1.64200e+01	1.72464e-01	4.64176e-06
1.64300e+01	1.72625e-01	4.62669e-06
1.64400e+01	1.72785e-01	4.61166e-06
1.64500e+01	1.72946e-01	4.59667e-06
1.64600e+01	1.73106e-01	4.58171e-06
1.64700e+01	1.73266e-01	4.56678e-06
1.64800e+01	1.73426e-01	4.55189e-06
1.64900e+01	1.73586e-01	4.53702e-06
1.65000e+01	1.73746e-01	4.52220e-06
1.65100e+01	1.73906e-01	4.50740e-06
1.65200e+01	1.74066e-01	4.49264e-06
1.65300e+01	1.74225e-01	4.47792e-06
1.65400e+01	1.74385e-01	4.46322e-06
1.65500e+01	1.74544e-01	4.44856e-06
1.65600e+01	1.74703e-01	4.43394e-06
1.65700e+01	1.74862e-01	4.41934e-06
1.65800e+01	1.75021e-01	4.40478e-06
1.65900e+01	1.75180e-01	4.39025e-06
1.66000e+01	1.75339e-01	4.37576e-06
1.66100e+01	1.75497e-01	4.36130e-06
1.66200e+01	1.75656e-01	4.34687e-06
1.66300e+01	1.75814e-01	4.33248e-06
1.66400e+01	1.75972e-01	4.31812e-06
1.66500e+01	1.76130e-01	4.30379e-06
1.66600e+01	1.76288e-01	4.28949e-06
1.66700e+01	1.76446e-01	4.27523e-06
1.66800e+01	1.76603e-01	4.26100e-06
1.66900e+01	1.76761e-01	4.24680e-06
1.67000e+01	1.76918e-01	4.23264e-06
1.67100e+01	1.77076e-01	4.21851e-06
1.67200e+01	1.77233e-01	4.20441e-06
1.67300e+01	1.77390e-01	4.19034e-06
1.67400e+01	1.77547e-01	4.17631e-06
1.67500e+01	1.77703e-01	4.16231e-06
1.67600e+01	1.77860e-01	4.14834e-06
1.67700e+01	1.78016e-01	4.13441e-06
1.67800e+01	1.78173e-01	4.12050e-06
1.67900e+01	1.78329e-01	4.10663e-06
1.68000e+01	1.78485e-01	4.09280e-06
1.68100e+01	1.78641e-01	4.07899e-06
1.68200e+01	1.78797e-01	4.06522e-06
1.68300e+01	1.78953e-01	4.05148e-06
1.68400e+01	1.79108e-01	4.03777e-06
1.68500e+01	1.79264e-01	4.02409e-06
1.68600e+01	1.79419e-01	4.01045e-06
1.68700e+01	1.79574e-01	3.99684e-06
1.68800e+01	1.79729e-01	3.98326e-06
1.68900e+01	1.79884e-01	3.96971e-06
1.69000e+01	1.80039e-01	3.95620e-06
1.69100e+01	1.80193e-01	3.94271e-06
1.69200e+01	1.80348e-01	3.92926e-06
1.69300e+01	1.80502e-01	3.91584e-06
1.69400e+01	1.80656e-01	3.90246e-06
1.69500e+01	1.80810e-01	3.88910e-06
1.69600e+01	1.80964e-01	3.87578e-06
1.69700e+01	1.81118e-01	3.86249e-06
1.69800e+01	1.81272e-01	3.84923e-06
1.69900e+01	1.81425e-01	3.83600e-06
1.70000e+01	1.81579e-01	3.82280e-06
1.70100e+01	1.81732e-01	3.80964e-06
1.70200e+01	1.81885e-01	3.79651e-06
1.70300e+01	1.82038e-01	3.78341e-06
1.70400e+01	1.82191e-01	3.77034e-06
1.70500e+01	1.82344e-01	3.75730e-06
1.70600e+01	1.82496e-01	3.74429e-06
1.70700e+01	1.82649e-01	3.73132e-06
1.70800e+01	1.82801e-01	3.71838e-06
1.70900e+01	1.82953e-01	3.70546e-06
1.71000e+01	1.83105e-01	3.69258e-06
1.71100e+01	1.83257e-01	3.67973e-06
1.71200e+01	1.83409e-01	3.66692e-06
1.71300e+01	1.83560e-01	3.65413e-06
1.71400e+01	1.83712e-01	3.64137e-06
1.71500e+01	1.83863e-01	3.62865e-06
1.71600e+01	1.84014e-01	3.61596e-06
1.71700e+01	1.84165e-01	3.60329e-06
1.71800e+01	1.84316e-01	3.59066e-06
1.71900e+01	1.84467e-01	3.57806e-06
1.72000e+01	1.84617e-01	3.56549e-06
1.72100e+01	1.84768e-01	3.55296e-06
1.72200e+01	1.84918e-01	3.54045e-06
1.72300e+01	1.85068e-01	3.52797e-06
1.72400e+01	1.85218e-01	3.51553e-06
1.72500e+01	1.85368e-01	3.50311e-06
1.72600e+01	1.85518e-01	3.49073e-06
1.72700e+01	1.85667e-01	3.47838e-06
1.72800e+01	1.85817e-01	3.46606e-06
1.72900e+01	1.85966e-01	3.45376e-06
1.73000e+01	1.86115e-01	3.44150e-06
1.73100e+01	1.86264e-01	3.42927e-06
1.73200e+01	1.86413e-01	3.41707e-06
1.73300e+01	1.86561e-01	3.40490e-06
1.73400e+01	1.86710e-01	3.39276e-06
1.73500e+01	1.86858e-01	3.38065e-06
1.73600e+01	1.87006e-01	3.36858e-06
1.73700e+01	1.87155e-01	3.35653e-06
1.73800e+01	1.87302e-01	3.34451e-06
1.73900e+01	1.87450e-01	3.33252e-06
1.74000e+01	1.87598e-01	3.32057e-06
1.74100e+01	1.87745e-01	3.30864e-06
1.74200e+01	1.87893e-01	3.29674e-06
1.74300e+01	1.88040e-01	3.28488e-06
1.74400e+01	1.88187e-01	3.27304e-06
1.74500e+01	1.88334e-01	3.26123e-06
1.74600e+01	1.88480e-01	3.24946e-06
1.74700e+01	1.88627e-01	3.23771e-06
1.74800e+01	1.88773e-01	3.22599e-06
1.74900e+01	1.88920e-01	3.21430e-06
1.75000e+01	1.89066e-01	3.20265e-06
1.75100e+01	1.89212e-01	3.19102e-06
1.75200e+01	1.89358e-01	3.17942e-06
1.75300e+01	1.89503e-01	3.16785e-06
1.75400e+01	1.89649e-01	3.15632e-06
1.75500e+01	1.89794e-01	3.14481e-06
1.75600e+01	1.89939e-01	3.13333e-06
1.75700e+01	1.90084e-01	3.12188e-06
1.75800e+01	1.90229e-01	3.11046e-06
1.75900e+01	1.90374e-01	3.09907e-06
1.76000e+01	1.90518e-01	3.08771e-06
1.76100e+01	1.90663e-01	3.07638e-06
1.76200e+01	1.90807e-01	3.06507e-06
1.76300e+01	1.90951e-01	3.05380e-06
1.76400e+01	1.91095e-01	3.04256e-06
1.76500e+01	1.91239e-01	3.03134e-06
1.76600e+01	1.91383e-01	3.02016e-06
1.76700e+01	1.91526e-01	3.00900e-06
1.76800e+01	1.91669e-01	2.99787e-06
1.76900e+01	1.91813e-01	2.98677e-06
1.77000e+01	1.91956e-01	2.97570e-06
1.77100e+01	1.92098e-01	2.96466e-06
1.77200e+01	1.92241e-01	2.95365e-06
1.77300e+01	1.92384e-01	2.94267e-06
1.77400e+01	1.92526e-01	2.93172e-06
1.77500e+01	1.92668e-01	2.92079e-06
1.77600e+01	1.92810e-01	2.90990e-06
1.77700e+01	1.92952e-01	2.89903e-06
1.77800e+01	1.93094e-01	2.88819e-06
1.77900e+01	1.93235e-01	2.87738e-06
1.78000e+01	1.93377e-01	2.86660e-06
1.78100e+01	1.93518e-01	2.85585e-06
1.78200e+01	1.93659e-01	2.84512e-06
1.78300e+01	1.93800e-01	2.83443e-06
1.78400e+01	1.93941e-01	2.82376e-06
1.78500e+01	1.94081e-01	2.81312e-06
1.78600e+01	1.94222e-01	2.80251e-06
1.78700e+01	1.94362e-01	2.79193e-06
1.78800e+01	1.94502e-01	2.78138e-06
1.78900e+01	1.94642e-01	2.77085e-06
1.79000e+01	1.94782e-01	2.76035e-06
1.79100e+01	1.94921e-01	2.74988e-06
1.79200e+01	1.95061e-01	2.73944e-06
1.79300e+01	1.95200e-01	2.72903e-06
1.79400e+01	1.95339e-01	2.71864e-06
1.79500e+01	1.95478e-01	2.70829e-06
1.79600e+01	1.95617e-01	2.69796e-06
1.79700e+01	1.95756e-01	2.68766e-06
1.79800e+01	1.95894e-01	2.67738e-06
1.79900e+01	1.96032e-01	2.66714e-06
1.80000e+01	1.96171e-01	2.65692e-06
1.80100e+01	1.96309e-01	2.64673e-06
1.80200e+01	1.96446e-01	2.63657e-06
1.80300e+01	1.96584e-01	2.62643e-06
1.80400e+01	1.96721e-01	2.61633e-06
1.80500e+01	1.96859e-01	2.60625e-06
1.80600e+01	1.96996e-01	2.59620e-06
1.80700e+01	1.97133e-01	2.58617e-06
1.80800e+01	1.97270e-01	2.57618e-06
1.80900e+01	1.97406e-01	2.56621e-06
1.81000e+01	1.97543e-01	2.55626e-06
1.81100e+01	1.97679e-01	2.54635e-06
1.81200e+01	1.97815e-01	2.53646e-06
1.81300e+01	1.97951e-01	2.52660e-06
1.81400e+01	1.98087e-01	2.51677e-06
1.81500e+01	1.98223e-01	2.50696e-06
1.81600e+01	1.98358e-01	2.49718e-06
1.81700e+01	1.98493e-01	2.48743e-06
1.81800e+01	1.98628e-01	2.47771e-06
1.81900e+01	1.98763e-01	2.46801e-06
1.82000e+01	1.98898e-01	2.45834e-06
1.82100e+01	1.99033e-01	2.44870e-06
1.82200e+01	1.99167e-01	2.43908e-06
1.82300e+01	1.99301e-01	2.42949e-06
1.82400e+01	1.99435e-01	2.41993e-06
1.82500e+01	1.99569e-01	2.41039e-06
1.82600e+01	1.99703e-01	2.40088e-06
1.82700e+01	1.99837e-01	2.39140e-06
1.82800e+01	1.99970e-01	2.38194e-06
1.82900e+01	2.00103e-01	2.37251e-06
1.83000e+01	2.00236e-01	2.36311e-06
1.83100e+01	2.00369e-01	2.35373e-06
1.83200e+01	2.00502e-01	2.34438e-06
1.83300e+01	2.00634e-01	2.33506e-06
1.83400e+01	2.00767e-01	2.32576e-06
1.83500e+01	2.00899e-01	2.31649e-06
1.83600e+01	2.01031e-01	2.30724e-06
1.83700e+01	2.01163e-01	2.29802e-06
1.83800e+01	2.01295e-01	2.28883e-06
1.83900e+01	2.01426e-01	2.27967e-06
1.84000e+01	2.01557e-01	2.27053e-06
1.84100e+01	2.01688e-01	2.26141e-06
1.84200e+01	2.01819e-01	2.25232e-06
1.84300e+01	2.01950e-01	2.24326e-06
1.84400e+01	2.02081e-01	2.23422e-06
1.84500e+01	2.02211e-01	2.22521e-06
1.84600e+01	2.02342e-01	2.21623e-06
1.84700e+01	2.02472e-01	2.20727e-06
1.84800e+01	2.02602e-01	2.19834e-06
1.84900e+01	2.02731e-01	2.18943e-06
1.85000e+01	2.02861e-01	2.18055e-06
1.85100e+01	2.02990e-01	2.17169e-06
1.85200e+01	2.03119e-01	2.16286e-06
1.85300e+01	2.03248e-01	2.15406e-06
1.85400e+01	2.03377e-01	2.14528e-06
1.85500e+01	2.03506e-01	2.13653e-06
1.85600e+01	2.03634e-01	2.12780e-06
1.85700e+01	2.03763e-01	2.11910e-06
1.85800e+01	2.03891e-01	2.11042e-06
1.85900e+01	2.04019e-01	2.10177e-06
1.86000e+01	2.04147e-01	2.09314e-06
1.86100e+01	2.04274e-01	2.08454e-06
1.86200e+01	2.04402e-01	2.07596e-06
1.86300e+01	2.04529e-01	2.06741e-06
1.86400e+01	2.04656e-01	2.05888e-06
1.86500e+01	2.04783e-01	2.05038e-06
1.86600e+01	2.04909e-01	2.04191e-06
1.86700e+01	2.05036e-01	2.03345e-06
1.86800e+01	2.05162e-01	2.02503e-06
1.86900e+01	2.05288e-01	2.01663e-06
1.87000e+01	2.05414e-01	2.00825e-06
1.87100e+01	2.05540e-01	1.99990e-06
1.87200e+01	2.05666e-01	1.99157e-06
1.87300e+01	2.05791e-01	1.98327e-06
1.87400e+01	2.05916e-01	1.97499e-06
1.87500e+01	2.06042e-01	1.96674e-06
1.87600e+01	2.06166e-01	1.95851e-06
1.87700e+01	2.06291e-01	1.95031e-06
1.87800e+01	2.06416e-01	1.94213e-06
1.87900e+01	2.06540e-01	1.93397e-06
1.88000e+01	2.06664e-01	1.92584e-06
1.88100e+01	2.06788e-01	1.91774e-06
1.88200e+01	2.06912e-01	1.90965e-06
1.88300e+01	2.07035e-01	1.90160e-06
1.88400e+01	2.07159e-01	1.89356e-06
1.88500e+01	2.07282e-01	1.88555e-06
1.88600e+01	2.07405e-01	1.87757e-06
1.88700e+01	2.07528e-01	1.86961e-06
1.88800e+01	2.07651e-01	1.86167e-06
1.88900e+01	2.07773e-01	1.85376e-06
1.89000e+01	2.07896e-01	1.84587e-06
1.89100e+01	2.08018e-01	1.83801e-06
1.89200e+01	2.08140e-01	1.83017e-06
1.89300e+01	2.08261e-01	1.82235e-06
1.89400e+01	2.08383e-01	1.81456e-06
1.89500e+01	2.08504e-01	1.80679e-06
1.89600e+01	2.08626e-01	1.79904e-06
1.89700e+01	2.08747e-01	1.79132e-06
1.89800e+01	2.08867e-01	1.78362e-06
1.89900e+01	2.08988e-01	1.77595e-06
1.90000e+01	2.09109e-01	1.76830e-06
1.90100e+01	2.09229e-01	1.76067e-06
1.90200e+01	2.09349e-01	1.75306e-06
1.90300e+01	2.09469e-01	1.74548e-06
1.90400e+01	2.09589e-01	1.73793e-06
1.90500e+01	2.09708e-01	1.73039e-06
1.90600e+01	2.09827e-01	1.72288e-06
1.90700e+01	2.09947e-01	1.71539e-06
1.90800e+01	2.10066e-01	1.70793e-06
1.90900e+01	2.10184e-01	1.70049e-06
1.91000e+01	2.10303e-01	1.69307e-06
1.91100e+01	2.10421e-01	1.68568e-06
1.91200e+01	2.10539e-01	1.67831e-06
1.91300e+01	2.10658e-01	1.67096e-06
1.91400e+01	2.10775e-01	1.66363e-06
1.91500e+01	2.10893e-01	1.65633e-06
1.91600e+01	2.11010e-01	1.64905e-06
1.91700e+01	2.11128e-01	1.64179e-06
1.91800e+01	2.11245e-01	1.63456e-06
1.91900e+01	2.11362e-01	1.62735e-06
1.92000e+01	2.11478e-01	1.62016e-06
1.92100e+01	2.11595e-01	1.61299e-06
1.92200e+01	2.11711e-01	1.60585e-06
1.92300e+01	2.11827e-01	1.59873e-06
1.92400e+01	2.11943e-01	1.59163e-06
1.92500e+01	2.12059e-01	1.58455e-06
1.92600e+01	2.12175e-01	1.57750e-06
1.92700e+01	2.12290e-01	1.57047e-06
1.92800e+01	2.12405e-01	1.56346e-06
1.92900e+01	2.12520e-01	1.55647e-06
1.93000e+01	2.12635e-01	1.54951e-06
1.93100e+01	2.12750e-01	1.54257e-06
1.93200e+01	2.12864e-01	1.53565e-06
1.93300e+01	2.12978e-01	1.52875e-06
1.93400e+01	2.13092e-01	1.52188e-06
1.93500e+01	2.13206e-01	1.51502e-06
1.93600e+01	2.13320e-01	1.50819e-06
1.93700e+01	2.13433e-01	1.50138e-06
1.93800e+01	2.13547e-01	1.49460e-06
1.93900e+01	2.13660e-01	1.48783e-06
1.94000e+01	2.13773e-01	1.48109e-06
1.94100e+01	2.13885e-01	1.47437e-06
1.94200e+01	2.13998e-01	1.46767e-06
1.94300e+01	2.14110e-01	1.46099e-06
1.94400e+01	2.14222e-01	1.45433e-06
1.94500e+01	2.14334e-01	1.44770e-06
1.94600e+01	2.14446e-01	1.44108e-06
1.94700e+01	2.14557e-01	1.43449e-06
1.94800e+01	2.14669e-01	1.42792e-06
1.94900e+01	2.14780e-01	1.42138e-06
1.95000e+01	2.14891e-01	1.41485e-06
1.95100e+01	2.15002e-01	1.40834e-06
1.95200e+01	2.15112e-01	1.40186e-06
1.95300e+01	2.15223e-01	1.39540e-06
1.95400e+01	2.15333e-01	1.38895e-06
1.95500e+01	2.15443e-01	1.38253e-06
1.95600e+01	2.15553e-01	1.37613e-06
1.95700e+01	2.15662e-01	1.36976e-06
1.95800e+01	2.15772e-01	1.36340e-06
1.95900e+01	2.15881e-01	1.35706e-06
1.96000e+01	2.15990e-01	1.35075e-06
1.96100e+01	2.16099e-01	1.34445e-06
1.96200e+01	2.16207e-01	1.33818e-06
1.96300e+01	2.16316e-01	1.33193e-06
1.96400e+01	2.16424e-01	1.32570e-06
1.96500e+01	2.16532e-01	1.31949e-06
1.96600e+01	2.16640e-01	1.31330e-06
1.96700e+01	2.16747e-01	1.30713e-06
1.96800e+01	2.16855e-01	1.30098e-06
1.96900e+01	2.16962e-01	1.29485e-06
1.97000e+01	2.17069e-01	1.28875e-06
1.97100e+01	2.17176e-01	1.28266e-06
1.97200e+01	2.17283e-01	1.27659e-06
1.97300e+01	2.17389e-01	1.27055e-06
1.97400e+01	2.17496e-01	1.26452e-06
1.97500e+01	2.17602e-01	1.25852e-06
1.97600e+01	2.17708e-01	1.25254e-06
1.97700e+01	2.17813e-01	1.24657e-06
1.97800e+01	2.17919e-01	1.24063e-06
1.97900e+01	2.18024e-01	1.23470e-06
1.98000e+01	2.18129e-01	1.22880e-06
1.98100e+01	2.18234e-01	1.22292e-06
1.98200e+01	2.18339e-01	1.21705e-06
1.98300e+01	2.18443e-01	1.21121e-06
1.98400e+01	2.18548e-01	1.20539e-06
1.98500e+01	2.18652e-01	1.19959e-06
1.98600e+01	2.18756e-01	1.19380e-06
1.98700e+01	2.18859e-01	1.18804e-06
1.98800e+01	2.18963e-01	1.18230e-06
1.98900e+01	2.19066e-01	1.17657e-06
1.99000e+01	2.19169e-01	1.17087e-06
1.99100e+01	2.19272e-01	1.16519e-06
1.99200e+01	2.19375e-01	1.15952e-06
1.99300e+01	2.19478e-01	1.15388e-06
1.99400e+01	2.19580e-01	1.14825e-06
1.99500e+01	2.19682e-01	1.14265e-06
1.99600e+01	2.19784e-01	1.13706e-06
1.99700e+01	2.19886e-01	1.13149e-06
1.99800e+01	2.19987e-01	1.12595e-06
1.99900e+01	2.20089e-01	1.12042e-06
2.00000e+01	2.20190e-01	1.11491e-06
2.00100e+01	2.20291e-01	1.10942e-06
2.00200e+01	2.20391e-01	1.10395e-06
2.00300e+01	2.20492e-01	1.09850e-06
2.00400e+01	2.20592e-01	1.09307e-06
2.00500e+01	2.20692e-01	1.08766e-06
2.00600e+01	2.20792e-01	1.08226e-06
2.00700e+01	2.20892e-01	1.07689e-06
2.00800e+01	2.20992e-01	1.07154e-06
2.00900e+01	2.21091e-01	1.06620e-06
2.01000e+01	2.21190e-01	1.06088e-06
2.01100e+01	2.21289e-01	1.05558e-06
2.01200e+01	2.21388e-01	1.05031e-06
2.01300e+01	2.21487e-01	1.04504e-06
2.01400e+01	2.21585e-01	1.03980e-06
2.01500e+01	2.21683e-01	1.03458e-06
2.01600e+01	2.21781e-01	1.02938e-06
2.01700e+01	2.21879e-01	1.02419e-06
2.01800e+01	2.21976e-01	1.01902e-06
2.01900e+01	2.22074e-01	1.01388e-06
2.02000e+01	2.22171e-01	1.00875e-06
2.02100e+01	2.22268e-01	1.00363e-06
2.02200e+01	2.22365e-01	9.98541e-07
2.02300e+01	2.22461e-01	9.93466e-07
2.02400e+01	2.22557e-01	9.88410e-07
2.02500e+01	2.22654e-01	9.83372e-07
2.02600e+01	2.22750e-01	9.78353e-07
2.02700e+01	2.22845e-01	9.73352e-07
2.02800e+01	2.22941e-01	9.68369e-07
2.02900e+01	2.23036e-01	9.63404e-07
2.03000e+01	2.23131e-01	9.58457e-07
2.03100e+01	2.23226e-01	9.53528e-07
2.03200e+01	2.23321e-01	9.48618e-07
2.03300e+01	2.23416e-01	9.43725e-07
2.03400e+01	2.23510e-01	9.38850e-07
2.03500e+01	2.23604e-01	9.33993e-07
2.03600e+01	2.23698e-01	9.29155e-07
2.03700e+01	2.23792e-01	9.24334e-07
2.03800e+01	2.23885e-01	9.19530e-07
2.03900e+01	2.23979e-01	9.14745e-07
2.04000e+01	2.24072e-01	9.09977e-07
2.04100e+01	2.24165e-01	9.05227e-07
2.04200e+01	2.24258e-01	9.00495e-07
2.04300e+01	2.24350e-01	8.95780e-07
2.04400e+01	2.24442e-01	8.91083e-07
2.04500e+01	2.24535e-01	8.86403e-07
2.04600e+01	2.24626e-01	8.81741e-07
2.04700e+01	2.24718e-01	8.77096e-07
2.04800e+01	2.24810e-01	8.72468e-07
2.04900e+01	2.24901e-01	8.67858e-07
2.05000e+01	2.24992e-01	8.63266e-07
2.05100e+01	2.25083e-01	8.58690e-07
2.05200e+01	2.25174e-01	8.54132e-07
2.05300e+01	2.25264e-01	8.49591e-07
2.05400e+01	2.25355e-01	8.45067e-07
2.05500e+01	2.25445e-01	8.40560e-07
2.05600e+01	2.25535e-01	8.36071e-07
2.05700e+01	2.25624e-01	8.31598e-07
2.05800e+01	2.25714e-01	8.27142e-07
2.05900e+01	2.25803e-01	8.22704e-07
2.06000e+01	2.25892e-01	8.18282e-07
2.06100e+01	2.25981e-01	8.13877e-07
2.06200e+01	2.26070e-01	8.09489e-07
2.06300e+01	2.26158e-01	8.05118e-07
2.06400e+01	2.26247e-01	8.00764e-07
2.06500e+01	2.26335e-01	7.96426e-07
2.06600e+01	2.26423e-01	7.92105e-07
2.06700e+01	2.26510e-01	7.87801e-07
2.06800e+01	2.26598e-01	7.83513e-07
2.06900e+01	2.26685e-01	7.79242e-07
2.07000e+01	2.26772e-01	7.74987e-07
2.07100e+01	2.26859e-01	7.70749e-07
2.07200e+01	2.26946e-01	7.66527e-07
2.07300e+01	2.27032e-01	7.62322e-07
2.07400e+01	2.27119e-01	7.58133e-07
2.07500e+01	2.27205e-01	7.53960e-07
2.07600e+01	2.27291e-01	7.49804e-07
2.07700e+01	2.27376e-01	7.45664e-07
2.07800e+01	2.27462e-01	7.41540e-07
2.07900e+01	2.27547e-01	7.37433e-07
2.08000e+01	2.27632e-01	7.33341e-07
2.08100e+01	2.27717e-01	7.29266e-07
2.08200e+01	2.27801e-01	7.25206e-07
2.08300e+01	2.27886e-01	7.21163e-07
2.08400e+01	2.27970e-01	7.17136e-07
2.08500e+01	2.28054e-01	7.13124e-07
2.08600e+01	2.28138e-01	7.09129e-07
2.08700e+01	2.28222e-01	7.05149e-07
2.08800e+01	2.28305e-01	7.01185e-07
2.08900e+01	2.28388e-01	6.97237e-07
2.09000e+01	2.28471e-01	6.93305e-07
2.09100e+01	2.28554e-01	6.89388e-07
2.09200e+01	2.28637e-01	6.85487e-07
2.09300e+01	2.28719e-01	6.81602e-07
2.09400e+01	2.28801e-01	6.77732e-07
2.09500e+01	2.28883e-01	6.73878e-07
2.09600e+01	2.28965e-01	6.70040e-07
2.09700e+01	2.29047e-01	6.66217e-07
2.09800e+01	2.29128e-01	6.62409e-07
2.09900e+01	2.29210e-01	6.58617e-07
2.10000e+01	2.29291e-01	6.54840e-07
2.10100e+01	2.29371e-01	6.51078e-07
2.10200e+01	2.29452e-01	6.47332e-07
2.10300e+01	2.29532e-01	6.43601e-07
2.10400e+01	2.29612e-01	6.39885e-07
2.10500e+01	2.29692e-01	6.36184e-07
2.10600e+01	2.29772e-01	6.32499e-07
2.10700e+01	2.29852e-01	6.28828e-07
2.10800e+01	2.29931e-01	6.25173e-07
2.10900e+01	2.30010e-01	6.21533e-07
2.11000e+01	2.30089e-01	6.17907e-07
2.11100e+01	2.30168e-01	6.14297e-07
2.11200e+01	2.30247e-01	6.10702e-07
2.11300e+01	2.30325e-01	6.07121e-07
2.11400e+01	2.30403e-01	6.03555e-07
2.11500e+01	2.30481e-01	6.00004e-07
2.11600e+01	2.30559e-01	5.96468e-07
2.11700e+01	2.30636e-01	5.92946e-07
2.11800e+01	2.30714e-01	5.89440e-07
2.11900e+01	2.30791e-01	5.85947e-07
2.12000e+01	2.30868e-01	5.82470e-07
2.12100e+01	2.30945e-01	5.79007e-07
2.12200e+01	2.31021e-01	5.75558e-07
2.12300e+01	2.31098e-01	5.72124e-07
2.12400e+01	2.31174e-01	5.68705e-07
2.12500e+01	2.31250e-01	5.65300e-07
2.12600e+01	2.31325e-01	5.61909e-07
2.12700e+01	2.31401e-01	5.58533e-07
2.12800e+01	2.31476e-01	5.55171e-07
2.12900e+01	2.31551e-01	5.51823e-07
2.13000e+01	2.31626e-01	5.48489e-07
2.13100e+01	2.31701e-01	5.45170e-07
2.13200e+01	2.31775e-01	5.41865e-07
2.13300e+01	2.31850e-01	5.38574e-07
2.13400e+01	2.31924e-01	5.35297e-07
2.13500e+01	2.31998e-01	5.32034e-07
2.13600e+01	2.32071e-01	5.28785e-07
2.13700e+01	2.32145e-01	5.25550e-07
2.13800e+01	2.32218e-01	5.22329e-07
2.13900e+01	2.32291e-01	5.19122e-07
2.14000e+01	2.32364e-01	5.15928e-07
2.14100e+01	2.32437e-01	5.12749e-07
2.14200e+01	2.32509e-01	5.09583e-07
2.14300e+01	2.32582e-01	5.06432e-07
2.14400e+01	2.32654e-01	5.03293e-07
2.14500e+01	2.32726e-01	5.00169e-07
2.14600e+01	2.32797e-01	4.97058e-07
2.14700e+01	2.32869e-01	4.93961e-07
2.14800e+01	2.32940e-01	4.90877e-07
2.14900e+01	2.33011e-01	4.87807e-07
2.15000e+01	2.33082e-01	4.84751e-07
2.15100e+01	2.33153e-01	4.81708e-07
2.15200e+01	2.33223e-01	4.78678e-07
2.15300e+01	2.33294e-01	4.75662e-07
2.15400e+01	2.33364e-01	4.72659e-07
2.15500e+01	2.33434e-01	4.69669e-07
2.15600e+01	2.33503e-01	4.66693e-07
2.15700e+01	2.33573e-01	4.63730e-07
2.15800e+01	2.33642e-01	4.60780e-07
2.15900e+01	2.33711e-01	4.57843e-07
2.16000e+01	2.33780e-01	4.54919e-07
2.16100e+01	2.33848e-01	4.52009e-07
2.16200e+01	2.33917e-01	4.49112e-07
2.16300e+01	2.33985e-01	4.46227e-07
2.16400e+01	2.34053e-01	4.43356e-07
2.16500e+01	2.34121e-01	4.40497e-07
2.16600e+01	2.34189e-01	4.37652e-07
2.16700e+01	2.34256e-01	4.34819e-07
2.16800e+01	2.34323e-01	4.32000e-07
2.16900e+01	2.34391e-01	4.29193e-07
2.17000e+01	2.34457e-01	4.26399e-07
2.17100e+01	2.34524e-01	4.23617e-07
2.17200e+01	2.34590e-01	4.20849e-07
2.17300e+01	2.34657e-01	4.18093e-07
2.17400e+01	2.34723e-01	4.15349e-07
2.17500e+01	2.34789e-01	4.12619e-07
2.17600e+01	2.34854e-01	4.09900e-07
2.17700e+01	2.34920e-01	4.07195e-07
2.17800e+01	2.34985e-01	4.04502e-07
2.17900e+01	2.35050e-01	4.01821e-07
2.18000e+01	2.35115e-01	3.99153e-07
2.18100e+01	2.35180e-01	3.96497e-07
2.18200e+01	2.35244e-01	3.93854e-07
2.18300e+01	2.35308e-01	3.91222e-07
2.18400e+01	2.35372e-01	3.88604e-07
2.18500e+01	2.35436e-01	3.85997e-07
2.18600e+01	2.35500e-01	3.83403e-07
2.18700e+01	2.35563e-01	3.80821e-07
2.18800e+01	2.35626e-01	3.78250e-07
2.18900e+01	2.35690e-01	3.75693e-07
2.19000e+01	2.35752e-01	3.73147e-07
2.19100e+01	2.35815e-01	3.70613e-07
2.19200e+01	2.35877e-01	3.68091e-07
2.19300e+01	2.35940e-01	3.65581e-07
2.19400e+01	2.36002e-01	3.63084e-07
2.19500e+01	2.36064e-01	3.60598e-07
2.19600e+01	2.36125e-01	3.58124e-07
2.19700e+01	2.36187e-01	3.55662e-07
2.19800e+01	2.36248e-01	3.53211e-07
2.19900e+01	2.36309e-01	3.50773e-07
2.20000e+01	2.36370e-01	3.48346e-07
2.20100e+01	2.36431e-01	3.45931e-07
2.20200e+01	2.36491e-01	3.43527e-07
2.20300e+01	2.36551e-01	3.41135e-07
2.20400e+01	2.36611e-01	3.38755e-07
2.20500e+01	2.36671e-01	3.36386e-07
2.20600e+01	2.36731e-01	3.34029e-07
2.20700e+01	2.36790e-01	3.31683e-07
2.20800e+01	2.36850e-01	3.29349e-07
2.20900e+01	2.36909e-01	3.27027e-07
2.21000e+01	2.36968e-01	3.24715e-07
2.21100e+01	2.37026e-01	3.22415e-07
2.21200e+01	2.37085e-01	3.20127e-07
2.21300e+01	2.37143e-01	3.17849e-07
2.21400e+01	2.37201e-01	3.15583e-07
2.21500e+01	2.37259e-01	3.13328e-07
2.21600e+01	2.37317e-01	3.11085e-07
2.21700e+01	2.37374e-01	3.08852e-07
2.21800e+01	2.37432e-01	3.06631e-07
2.21900e+01	2.37489e-01	3.04421e-07
2.22000e+01	2.37546e-01	3.02222e-07
2.22100e+01	2.37602e-01	3.00034e-07
2.22200e+01	2.37659e-01	2.97856e-07
2.22300e+01	2.37715e-01	2.95690e-07
2.22400e+01	2.37771e-01	2.93535e-07
2.22500e+01	2.37827e-01	2.91391e-07
2.22600e+01	2.37883e-01	2.89257e-07
2.22700e+01	2.37939e-01	2.87135e-07
2.22800e+01	2.37994e-01	2.85023e-07
2.22900e+01	2.38049e-01	2.82922e-07
2.23000e+01	2.38104e-01	2.80831e-07
2.23100e+01	2.38159e-01	2.78752e-07
2.23200e+01	2.38213e-01	2.76683e-07
2.23300e+01	2.38268e-01	2.74625e-07
2.23400e+01	2.38322e-01	2.72577e-07
2.23500e+01	2.38376e-01	2.70540e-07
2.23600e+01	2.38430e-01	2.68513e-07
2.23700e+01	2.38483e-01	2.66497e-07
2.23800e+01	2.38537e-01	2.64492e-07
2.23900e+01	2.38590e-01	2.62497e-07
2.24000e+01	2.38643e-01	2.60512e-07
2.24100e+01	2.38696e-01	2.58537e-07
2.24200e+01	2.38748e-01	2.56573e-07
2.24300e+01	2.38801e-01	2.54620e-07
2.24400e+01	2.38853e-01	2.52676e-07
2.24500e+01	2.38905e-01	2.50743e-07
2.24600e+01	2.38957e-01	2.48820e-07
2.24700e+01	2.39008e-01	2.46907e-07
2.24800e+01	2.39060e-01	2.45005e-07
2.24900e+01	2.39111e-01	2.43112e-07
2.25000e+01	2.39162e-01	2.41230e-07
2.25100e+01	2.39213e-01	2.39358e-07
2.25200e+01	2.39264e-01	2.37495e-07
2.25300e+01	2.39314e-01	2.35643e-07
2.25400e+01	2.39365e-01	2.33801e-07
2.25500e+01	2.39415e-01	2.31968e-07
2.25600e+01	2.39465e-01	2.30146e-07
2.25700e+01	2.39514e-01	2.28333e-07
2.25800e+01	2.39564e-01	2.26530e-07
2.25900e+01	2.39613e-01	2.24737e-07
2.26000e+01	2.39662e-01	2.22954e-07
2.26100e+01	2.39711e-01	2.21181e-07
2.26200e+01	2.39760e-01	2.19417e-07
2.26300e+01	2.39809e-01	2.17663e-07
2.26400e+01	2.39857e-01	2.15918e-07
2.26500e+01	2.39905e-01	2.14184e-07
2.26600e+01	2.39953e-01	2.12458e-07
2.26700e+01	2.40001e-01	2.10743e-07
2.26800e+01	2.40049e-01	2.09037e-07
2.26900e+01	2.40096e-01	2.07340e-07
2.27000e+01	2.40143e-01	2.05653e-07
2.27100e+01	2.40190e-01	2.03975e-07
2.27200e+01	2.40237e-01	2.02307e-07
2.27300e+01	2.40284e-01	2.00648e-07
2.27400e+01	2.40330e-01	1.98998e-07
2.27500e+01	2.40377e-01	1.97358e-07
2.27600e+01	2.40423e-01	1.95727e-07
2.27700e+01	2.40469e-01	1.94105e-07
2.27800e+01	2.40514e-01	1.92492e-07
2.27900e+01	2.40560e-01	1.90889e-07
2.28000e+01	2.40605e-01	1.89294e-07
2.28100e+01	2.40650e-01	1.87709e-07
2.28200e+01	2.40695e-01	1.86133e-07
2.28300e+01	2.40740e-01	1.84566e-07
2.28400e+01	2.40785e-01	1.83008e-07
2.28500e+01	2.40829e-01	1.81459e-07
2.28600e+01	2.40873e-01	1.79919e-07
2.28700e+01	2.40917e-01	1.78388e-07
2.28800e+01	2.40961e-01	1.76866e-07
2.28900e+01	2.41005e-01	1.75353e-07
2.29000e+01	2.41048e-01	1.73849e-07
2.29100e+01	2.41092e-01	1.72353e-07
2.29200e+01	2.41135e-01	1.70866e-07
2.29300e+01	2.41178e-01	1.69388e-07
2.29400e+01	2.41220e-01	1.67919e-07
2.29500e+01	2.41263e-01	1.66458e-07
2.29600e+01	2.41305e-01	1.65007e-07
2.29700e+01	2.41347e-01	1.63563e-07
2.29800e+01	2.41389e-01	1.62129e-07
2.29900e+01	2.41431e-01	1.60703e-07
2.30000e+01	2.41473e-01	1.59285e-07
2.30100e+01	2.41514e-01	1.57876e-07
2.30200e+01	2.41556e-01	1.56476e-07
2.30300e+01	2.41597e-01	1.55084e-07
2.30400e+01	2.41637e-01	1.53700e-07
2.30500e+01	2.41678e-01	1.52325e-07
2.30600e+01	2.41719e-01	1.50958e-07
2.30700e+01	2.41759e-01	1.49600e-07
2.30800e+01	2.41799e-01	1.48250e-07
2.30900e+01	2.41839e-01	1.46908e-07
2.31000e+01	2.41879e-01	1.45574e-07
2.31100e+01	2.41918e-01	1.44249e-07
2.31200e+01	2.41958e-01	1.42932e-07
2.31300e+01	2.41997e-01	1.41623e-07
2.31400e+01	2.42036e-01	1.40322e-07
2.31500e+01	2.42075e-01	1.39029e-07
2.31600e+01	2.42114e-01	1.37745e-07
2.31700e+01	2.42152e-01	1.36468e-07
2.31800e+01	2.42190e-01	1.35200e-07
2.31900e+01	2.42229e-01	1.33939e-07
2.32000e+01	2.42267e-01	1.32687e-07
2.32100e+01	2.42304e-01	1.31442e-07
2.32200e+01	2.42342e-01	1.30205e-07
2.32300e+01	2.42379e-01	1.28977e-07
2.32400e+01	2.42417e-01	1.27756e-07
2.32500e+01	2.42454e-01	1.26542e-07
2.32600e+01	2.42490e-01	1.25337e-07
2.32700e+01	2.42527e-01	1.24140e-07
2.32800e+01	2.42564e-01	1.22950e-07
2.32900e+01	2.42600e-01	1.21768e-07
2.33000e+01	2.42636e-01	1.20593e-07
2.33100e+01	2.42672e-01	1.19427e-07
2.33200e+01	2.42708e-01	1.18268e-07
2.33300e+01	2.42743e-01	1.17116e-07
2.33400e+01	2.42779e-01	1.15972e-07
2.33500e+01	2.42814e-01	1.14836e-07
2.33600e+01	2.42849e-01	1.13707e-07
2.33700e+01	2.42884e-01	1.12586e-07
2.33800e+01	2.42919e-01	1.11472e-07
2.33900e+01	2.42953e-01	1.10365e-07
2.34000e+01	2.42988e-01	1.09266e-07
2.34100e+01	2.43022e-01	1.08175e-07
2.34200e+01	2.43056e-01	1.07090e-07
2.34300e+01	2.43090e-01	1.06013e-07
2.34400e+01	2.43123e-01	1.04944e-07
2.34500e+01	2.43157e-01	1.03881e-07
2.34600e+01	2.43190e-01	1.02826e-07
2.34700e+01	2.43223e-01	1.01778e-07
2.34800e+01	2.43256e-01	1.00737e-07
2.34900e+01	2.43289e-01	9.97035e-08
2.35000e+01	2.43322e-01	9.86770e-08
2.35100e+01	2.43354e-01	9.76577e-08
2.35200e+01	2.43386e-01	9.66454e-08
2.35300e+01	2.43419e-01	9.56401e-08
2.35400e+01	2.43450e-01	9.46419e-08
2.35500e+01	2.43482e-01	9.36506e-08
2.35600e+01	2.43514e-01	9.26664e-08
2.35700e+01	2.43545e-01	9.16891e-08
2.35800e+01	2.43576e-01	9.07187e-08
2.35900e+01	2.43607e-01	8.97551e-08
2.36000e+01	2.43638e-01	8.87985e-08
2.36100e+01	2.43669e-01	8.78487e-08
2.36200e+01	2.43699e-01	8.69057e-08
2.36300e+01	2.43730e-01	8.59694e-08
2.36400e+01	2.43760e-01	8.50399e-08
2.36500e+01	2.43790e-01	8.41172e-08
2.36600e+01	2.43820e-01	8.32011e-08
2.36700e+01	2.43850e-01	8.22918e-08
2.36800e+01	2.43879e-01	8.13890e-08
2.36900e+01	2.43908e-01	8.04929e-08
2.37000e+01	2.43938e-01	7.96034e-08
2.37100e+01	2.43967e-01	7.87205e-08
2.37200e+01	2.43995e-01	7.78441e-08
2.37300e+01	2.44024e-01	7.69742e-08
2.37400e+01	2.44053e-01	7.61108e-08
2.37500e+01	2.44081e-01	7.52539e-08
2.37600e+01	2.44109e-01	7.44034e-08
2.37700e+01	2.44137e-01	7.35593e-08
2.37800e+01	2.44165e-01	7.27216e-08
2.37900e+01	2.44192e-01	7.18903e-08
2.38000e+01	2.44220e-01	7.10652e-08
2.38100e+01	2.44247e-01	7.02465e-08
2.38200e+01	2.44274e-01	6.94341e-08
2.38300e+01	2.44301e-01	6.86279e-08
2.38400e+01	2.44328e-01	6.78280e-08
2.38500e+01	2.44355e-01	6.70343e-08
2.38600e+01	2.44381e-01	6.62467e-08
2.38700e+01	2.44408e-01	6.54653e-08
2.38800e+01	2.44434e-01	6.46900e-08
2.38900e+01	2.44460e-01	6.39208e-08
2.39000e+01	2.44486e-01	6.31577e-08
2.39100e+01	2.44511e-01	6.24007e-08
2.39200e+01	2.44537e-01	6.16496e-08
2.39300e+01	2.44562e-01	6.09046e-08
2.39400e+01	2.44587e-01	6.01655e-08
2.39500e+01	2.44612e-01	5.94324e-08
2.39600e+01	2.44637e-01	5.87052e-08
2.39700e+01	2.44662e-01	5.79839e-08
2.39800e+01	2.44686e-01	5.72684e-08
2.39900e+01	2.44711e-01	5.65588e-08
2.40000e+01	2.44735e-01	5.58550e-08
2.40100e+01	2.44759e-01	5.51571e-08
2.40200e+01	2.44783e-01	5.44649e-08
2.40300e+01	2.44807e-01	5.37784e-08
2.40400e+01	2.44830e-01	5.30976e-08
2.40500e+01	2.44853e-01	5.24226e-08
2.40600e+01	2.44877e-01	5.17532e-08
2.40700e+01	2.44900e-01	5.10895e-08
2.40800e+01	2.44923e-01	5.04313e-08
2.40900e+01	2.44945e-01	4.97788e-08
2.41000e+01	2.44968e-01	4.91318e-08
2.41100e+01	2.44990e-01	4.84904e-08
2.41200e+01	2.45013e-01	4.78545e-08
2.41300e+01	2.45035e-01	4.72241e-08
2.41400e+01	2.45057e-01	4.65992e-08
2.41500e+01	2.45079e-01	4.59797e-08
2.41600e+01	2.45100e-01	4.53657e-08
2.41700e+01	2.45122e-01	4.47570e-08
2.41800e+01	2.45143e-01	4.41537e-08
2.41900e+01	2.45164e-01	4.35557e-08
2.42000e+01	2.45185e-01	4.29631e-08
2.42100e+01	2.45206e-01	4.23758e-08
2.42200e+01	2.45227e-01	4.17937e-08
2.42300e+01	2.45247e-01	4.12169e-08
2.42400e+01	2.45268e-01	4.06454e-08
2.42500e+01	2.45288e-01	4.00790e-08
2.42600e+01	2.45308e-01	3.95178e-08
2.42700e+01	2.45328e-01	3.89617e-08
2.42800e+01	2.45348e-01	3.84108e-08
2.42900e+01	2.45368e-01	3.78650e-08
2.43000e+01	2.45387e-01	3.73242e-08
2.43100e+01	2.45406e-01	3.67886e-08
2.43200e+01	2.45426e-01	3.62579e-08
2.43300e+01	2.45445e-01	3.57323e-08
2.43400e+01	2.45464e-01	3.52116e-08
2.43500e+01	2.45482e-01	3.46959e-08
2.43600e+01	2.45501e-01	3.41852e-08
2.43700e+01	2.45519e-01	3.36793e-08
2.43800e+01	2.45538e-01	3.31784e-08
2.43900e+01	2.45556e-01	3.26823e-08
2.44000e+01	2.45574e-01	3.21910e-08
2.44100e+01	2.45592e-01	3.17046e-08
2.44200e+01	2.45609e-01	3.12229e-08
2.44300e+01	2.45627e-01	3.07460e-08
2.44400e+01	2.45644e-01	3.02739e-08
2.44500e+01	2.45662e-01	2.98065e-08
2.44600e+01	2.45679e-01	2.93438e-08
2.44700e+01	2.45696e-01	2.88858e-08
2.44800e+01	2.45712e-01	2.84324e-08
2.44900e+01	2.45729e-01	2.79836e-08
2.45000e+01	2.45746e-01	2.75395e-08
2.45100e+01	2.45762e-01	2.70999e-08
2.45200e+01	2.45778e-01	2.66649e-08
2.45300e+01	2.45794e-01	2.62344e-08
2.45400e+01	2.45810e-01	2.58085e-08
2.45500e+01	2.45826e-01	2.53870e-08
2.45600e+01	2.45842e-01	2.49700e-08
2.45700e+01	2.45857e-01	2.45574e-08
2.45800e+01	2.45873e-01	2.41493e-08
2.45900e+01	2.45888e-01	2.37455e-08
2.46000e+01	2.45903e-01	2.33461e-08
2.46100e+01	2.45918e-01	2.29511e-08
2.46200e+01	2.45933e-01	2.25604e-08
2.46300e+01	2.45947e-01	2.21740e-08
2.46400e+01	2.45962e-01	2.17919e-08
2.46500e+01	2.45976e-01	2.14140e-08
2.46600e+01	2.45991e-01	2.10404e-08
2.46700e+01	2.46005e-01	2.06709e-08
2.46800e+01	2.46019e-01	2.03057e-08
2.46900e+01	2.46033e-01	1.99446e-08
2.47000e+01	2.46046e-01	1.95877e-08
2.47100e+01	2.46060e-01	1.92349e-08
2.47200e+01	2.46073e-01	1.88862e-08
2.47300e+01	2.46087e-01	1.85416e-08
2.47400e+01	2.46100e-01	1.82010e-08
2.47500e+01	2.46113e-01	1.78644e-08
2.47600e+01	2.46126e-01	1.75319e-08
2.47700e+01	2.46138e-01	1.72033e-08
2.47800e+01	2.46151e-01	1.68787e-08
2.47900e+01	2.46163e-01	1.65580e-08
2.48000e+01	2.46176e-01	1.62413e-08
2.48100e+01	2.46188e-01	1.59284e-08
2.48200e+01	2.46200e-01	1.56194e-08
2.48300e+01	2.46212e-01	1.53143e-08
2.48400e+01	2.46224e-01	1.50130e-08
2.48500e+01	2.46236e-01	1.47155e-08
2.48600e+01	2.46247e-01	1.44217e-08
2.48700e+01	2.46259e-01	1.41317e-08
2.48800e+01	2.46270e-01	1.38455e-08
2.48900e+01	2.46281e-01	1.35630e-08
2.49000e+01	2.46292e-01	1.32841e-08
2.49100e+01	2.46303e-01	1.30090e-08
2.49200e+01	2.46314e-01	1.27374e-08
2.49300e+01	2.46325e-01	1.24695e-08
2.49400e+01	2.46335e-01	1.22052e-08
2.49500e+01	2.46346e-01	1.19445e-08
2.49600e+01	2.46356e-01	1.16874e-08
2.49700e+01	2.46366e-01	1.14337e-08
2.49800e+01	2.46376e-01	1.11836e-08
2.49900e+01	2.46386e-01	1.09370e-08
2.50000e+01	2.46396e-01	1.06938e-08
2.50100e+01	2.46405e-01	1.04541e-08
2.50200e+01	2.46415e-01	1.02178e-08
2.50300e+01	2.46424e-01	9.98493e-09
2.50400e+01	2.46434e-01	9.75542e-09
2.50500e+01	2.46443e-01	9.52927e-09
2.50600e+01	2.46452e-01	9.30645e-09
2.50700e+01	2.46461e-01	9.08694e-09
2.50800e+01	2.46470e-01	8.87072e-09
2.50900e+01	2.46478e-01	8.65777e-09
2.51000e+01	2.46487e-01	8.44807e-09
2.51100e+01	2.46495e-01	8.24159e-09
2.51200e+01	2.46504e-01	8.03832e-09
2.51300e+01	2.46512e-01	7.83822e-09
2.51400e+01	2.46520e-01	7.64128e-09
2.51500e+01	2.46528e-01	7.44748e-09
2.51600e+01	2.46536e-01	7.25679e-09
2.51700e+01	2.46544e-01	7.06919e-09
2.51800e+01	2.46551e-01	6.88466e-09
2.51900e+01	2.46559e-01	6.70318e-09
2.52000e+01	2.46566e-01	6.52473e-09
2.52100e+01	2.46573e-01	6.34928e-09
2.52200e+01	2.46581e-01	6.17681e-09
2.52300e+01	2.46588e-01	6.00730e-09
2.52400e+01	2.46595e-01	5.84073e-09
2.52500e+01	2.46602e-01	5.67707e-09
2.52600e+01	2.46608e-01	5.51630e-09
2.52700e+01	2.46615e-01	5.35841e-09
2.52800e+01	2.46621e-01	5.20337e-09
2.52900e+01	2.46628e-01	5.05115e-09
2.53000e+01	2.46634e-01	4.90174e-09
2.53100e+01	2.46640e-01	4.75511e-09
2.53200e+01	2.46646e-01	4.61124e-09
2.53300e+01	2.46652e-01	4.47011e-09
2.53400e+01	2.46658e-01	4.33170e-09
2.53500e+01	2.46664e-01	4.19598e-09
2.53600e+01	2.46670e-01	4.06293e-09
2.53700e+01	2.46675e-01	3.93253e-09
2.53800e+01	2.46681e-01	3.80476e-09
2.53900e+01	2.46686e-01	3.67960e-09
2.54000e+01	2.46691e-01	3.55702e-09
2.54100e+01	2.46697e-01	3.43700e-09
2.54200e+01	2.46702e-01	3.31952e-09
2.54300e+01	2.46707e-01	3.20456e-09
2.54400e+01	2.46711e-01	3.09209e-09
2.54500e+01	2.46716e-01	2.98209e-09
2.54600e+01	2.46721e-01	2.87454e-09
2.54700e+01	2.46725e-01	2.76942e-09
2.54800e+01	2.46730e-01	2.66671e-09
2.54900e+01	2.46734e-01	2.56637e-09
2.55000e+01	2.46738e-01	2.46840e-09
2.55100e+01	2.46743e-01	2.37276e-09
2.55200e+01	2.46747e-01	2.27943e-09
2.55300e+01	2.46751e-01	2.18840e-09
2.55400e+01	2.46755e-01	2.09964e-09
2.55500e+01	2.46758e-01	2.01312e-09
2.55600e+01	2.46762e-01	1.92883e-09
2.55700e+01	2.46766e-01	1.84674e-09
2.55800e+01	2.46769e-01	1.76682e-09
2.55900e+01	2.46773e-01	1.68906e-09
2.56000e+01	2.46776e-01	1.61343e-09
2.56100e+01	2.46779e-01	1.53991e-09
2.56200e+01	2.46782e-01	1.46848e-09
2.56300e+01	2.46786e-01	1.39910e-09
2.56400e+01	2.46789e-01	1.33177e-09
2.56500e+01	2.46791e-01	1.26645e-09
2.56600e+01	2.46794e-01	1.20312e-09
2.56700e+01	2.46797e-01	1.14176e-09
2.56800e+01	2.46800e-01	1.08234e-09
2.56900e+01	2.46802e-01	1.02484e-09
2.57000e+01	2.46805e-01	9.69243e-10
2.57100e+01	2.46807e-01	9.15516e-10
2.57200e+01	2.46809e-01	8.63636e-10
2.57300e+01	2.46812e-01	8.13581e-10
2.57400e+01	2.46814e-01	7.65325e-10
2.57500e+01	2.46816e-01	7.18844e-10
2.57600e+01	2.46818e-01	6.74113e-10
2.57700e+01	2.46820e-01	6.31107e-10
2.57800e+01	2.46822e-01	5.89802e-10
2.57900e+01	2.46824e-01	5.50173e-10
2.58000e+01	2.46825e-01	5.12192e-10
2.58100e+01	2.46827e-01	4.75837e-10
2.58200e+01	2.46829e-01	4.41079e-10
2.58300e+01	2.46830e-01	4.07894e-10
2.58400e+01	2.46832e-01	3.76256e-10
2.58500e+01	2.46833e-01	3.46137e-10
2.58600e+01	2.46834e-01	3.17512e-10
2.58700e+01	2.46836e-01	2.90353e-10
2.58800e+01	2.46837e-01	2.64633e-10
2.58900e+01	2.46838e-01	2.40324e-10
2.59000e+01	2.46839e-01	2.17399e-10
2.59100e+01	2.46840e-01	1.95829e-10
2.59200e+01	2.46841e-01	1.75586e-10
2.59300e+01	2.46842e-01	1.56641e-10
2.59400e+01	2.46843e-01	1.38964e-10
2.59500e+01	2.46843e-01	1.22525e-10
2.59600e+01	2.46844e-01	1.07295e-10
2.59700e+01	2.46845e-01	9.32412e-11
2.59800e+01	2.46845e-01	8.03331e-11
2.59900e+01	2.46846e-01	6.85383e-11
2.60000e+01	2.46846e-01	5.78238e-11
2.60100e+01	2.46847e-01	4.81559e-11
2.60200e+01	2.46847e-01	3.94999e-11
2.60300e+01	2.46848e-01	3.18202e-11
2.60400e+01	2.46848e-01	2.50801e-11
2.60500e+01	2.46848e-01	1.92416e-11
2.60600e+01	2.46849e-01	1.42653e-11
2.60700e+01	2.46849e-01	1.01101e-11
2.60800e+01	2.46849e-01	6.73314e-12
2.60900e+01	2.46849e-01	4.08911e-12
2.61000e+01	2.46849e-01	2.13039e-12
2.61100e+01	2.46849e-01	8.06882e-13
2.61200e+01	2.46849e-01	6.83052e-14
