1.00000e-02	1.59105e-20	4.00000e+02
2.00000e-02	1.11373e-04	4.00000e+02
3.00000e-02	4.13672e-04	3.93170e+02
4.00000e-02	9.92593e-04	3.81802e+02
5.00000e-02	1.92022e-03	3.66370e+02
6.00000e-02	3.24973e-03	3.47188e+02
7.00000e-02	5.01087e-03	3.24615e+02
8.00000e-02	7.20656e-03	2.99106e+02
9.00000e-02	9.81101e-03	2.71247e+02
1.00000e-01	1.27700e-02	2.41761e+02
1.10000e-01	1.60037e-02	2.11511e+02
1.20000e-01	1.94129e-02	1.81470e+02
1.30000e-01	2.28882e-02	1.52658e+02
1.40000e-01	2.63211e-02	1.26032e+02
1.50000e-01	2.96170e-02	1.02363e+02
1.60000e-01	3.27046e-02	8.21171e+01
1.70000e-01	3.55416e-02	6.54008e+01
1.80000e-01	3.81139e-02	5.20009e+01
1.90000e-01	4.04295e-02	4.14898e+01
2.00000e-01	4.25109e-02	3.33525e+01
2.10000e-01	4.43870e-02	2.70865e+01
2.20000e-01	4.60879e-02	2.22568e+01
2.30000e-01	4.76416e-02	1.85134e+01
2.40000e-01	4.90726e-02	1.55871e+01
2.50000e-01	5.04015e-02	1.32763e+01
2.60000e-01	5.16455e-02	1.14312e+01
2.70000e-01	5.28187e-02	9.94154e+00
2.80000e-01	5.39328e-02	8.72552e+00
2.90000e-01	5.49971e-02	7.72240e+00
3.00000e-01	5.60197e-02	6.88664e+00
3.10000e-01	5.70068e-02	6.18376e+00
3.20000e-01	5.79639e-02	5.58747e+00
3.30000e-01	5.88955e-02	5.07747e+00
3.40000e-01	5.98055e-02	4.63797e+00
3.50000e-01	6.06970e-02	4.25658e+00
3.60000e-01	6.15728e-02	3.92344e+00
3.70000e-01	6.24353e-02	3.63070e+00
3.80000e-01	6.32865e-02	3.37201e+00
3.90000e-01	6.41281e-02	3.14222e+00
4.00000e-01	6.49617e-02	2.93709e+00
4.10000e-01	6.57887e-02	2.75316e+00
4.20000e-01	6.66101e-02	2.58753e+00
4.30000e-01	6.74272e-02	2.43780e+00
4.40000e-01	6.82407e-02	2.30192e+00
4.50000e-01	6.90516e-02	2.17820e+00
4.60000e-01	6.98605e-02	2.06516e+00
4.70000e-01	7.06681e-02	1.96158e+00
4.80000e-01	7.14750e-02	1.86639e+00
4.90000e-01	7.22817e-02	1.77866e+00
5.00000e-01	7.30887e-02	1.69761e+00
5.10000e-01	7.38964e-02	1.62254e+00
5.20000e-01	7.47052e-02	1.55284e+00
5.30000e-01	7.55155e-02	1.48800e+00
5.40000e-01	7.63275e-02	1.42755e+00
5.50000e-01	7.71417e-02	1.37108e+00
5.60000e-01	7.79581e-02	1.31823e+00
5.70000e-01	7.87772e-02	1.26868e+00
5.80000e-01	7.95990e-02	1.22214e+00
5.90000e-01	8.04238e-02	1.17837e+00
6.00000e-01	8.12518e-02	1.13712e+00
6.10000e-01	8.20832e-02	1.09820e+00
6.20000e-01	8.29180e-02	1.06143e+00
6.30000e-01	8.37564e-02	1.02664e+00
6.40000e-01	8.45986e-02	9.93677e-01
6.50000e-01	8.54447e-02	9.62410e-01
6.60000e-01	8.62947e-02	9.32716e-01
6.70000e-01	8.71488e-02	9.04483e-01
6.80000e-01	8.80071e-02	8.77611e-01
6.90000e-01	8.88696e-02	8.52006e-01
7.00000e-01	8.97364e-02	8.27585e-01
7.10000e-01	9.06075e-02	8.04269e-01
7.20000e-01	9.14831e-02	7.81989e-01
7.30000e-01	9.23631e-02	7.60678e-01
7.40000e-01	9.32477e-02	7.40277e-01
7.50000e-01	9.41368e-02	7.20731e-01
7.60000e-01	9.50304e-02	7.01989e-01
7.70000e-01	9.59287e-02	6.84003e-01
7.80000e-01	9.68317e-02	6.66731e-01
7.90000e-01	9.77393e-02	6.50132e-01
8.00000e-01	9.86515e-02	6.34168e-01
8.10000e-01	9.95685e-02	6.18805e-01
8.20000e-01	1.00490e-01	6.04010e-01
8.30000e-01	1.01417e-01	5.89754e-01
8.40000e-01	1.02348e-01	5.76008e-01
8.50000e-01	1.03284e-01	5.62747e-01
8.60000e-01	1.04224e-01	5.49945e-01
8.70000e-01	1.05169e-01	5.37581e-01
8.80000e-01	1.06119e-01	5.25632e-01
8.90000e-01	1.07074e-01	5.14079e-01
9.00000e-01	1.08033e-01	5.02903e-01
9.10000e-01	1.08997e-01	4.92086e-01
9.20000e-01	1.09966e-01	4.81612e-01
9.30000e-01	1.10939e-01	4.71466e-01
9.40000e-01	1.11917e-01	4.61632e-01
9.50000e-01	1.12900e-01	4.52097e-01
9.60000e-01	1.13887e-01	4.42847e-01
9.70000e-01	1.14879e-01	4.33872e-01
9.80000e-01	1.15875e-01	4.25158e-01
9.90000e-01	1.16876e-01	4.16696e-01
1.00000e+00	1.17881e-01	4.08474e-01
1.01000e+00	1.18891e-01	4.00483e-01
1.02000e+00	1.19905e-01	3.92714e-01
1.03000e+00	1.20923e-01	3.85158e-01
1.04000e+00	1.21946e-01	3.77807e-01
1.05000e+00	1.22974e-01	3.70652e-01
1.06000e+00	1.24005e-01	3.63687e-01
1.07000e+00	1.25041e-01	3.56904e-01
1.08000e+00	1.26081e-01	3.50296e-01
1.09000e+00	1.27125e-01	3.43857e-01
1.10000e+00	1.28174e-01	3.37581e-01
1.11000e+00	1.29226e-01	3.31463e-01
1.12000e+00	1.30283e-01	3.25495e-01
1.13000e+00	1.31344e-01	3.19674e-01
1.14000e+00	1.32408e-01	3.13994e-01
1.15000e+00	1.33477e-01	3.08450e-01
1.16000e+00	1.34550e-01	3.03038e-01
1.17000e+00	1.35626e-01	2.97753e-01
1.18000e+00	1.36706e-01	2.92592e-01
1.19000e+00	1.37790e-01	2.87549e-01
1.20000e+00	1.38878e-01	2.82622e-01
1.21000e+00	1.39970e-01	2.77806e-01
1.22000e+00	1.41065e-01	2.73098e-01
1.23000e+00	1.42164e-01	2.68495e-01
1.24000e+00	1.43267e-01	2.63994e-01
1.25000e+00	1.44373e-01	2.59590e-01
1.26000e+00	1.45482e-01	2.55282e-01
1.27000e+00	1.46595e-01	2.51067e-01
1.28000e+00	1.47711e-01	2.46941e-01
1.29000e+00	1.48831e-01	2.42903e-01
1.30000e+00	1.49954e-01	2.38949e-01
1.31000e+00	1.51080e-01	2.35077e-01
1.32000e+00	1.52210e-01	2.31285e-01
1.33000e+00	1.53343e-01	2.27570e-01
1.34000e+00	1.54479e-01	2.23931e-01
1.35000e+00	1.55617e-01	2.20365e-01
1.36000e+00	1.56759e-01	2.16871e-01
1.37000e+00	1.57904e-01	2.13446e-01
1.38000e+00	1.59052e-01	2.10088e-01
1.39000e+00	1.60203e-01	2.06796e-01
1.40000e+00	1.61356e-01	2.03568e-01
1.41000e+00	1.62513e-01	2.00402e-01
1.42000e+00	1.63672e-01	1.97297e-01
1.43000e+00	1.64834e-01	1.94252e-01
1.44000e+00	1.65998e-01	1.91263e-01
1.45000e+00	1.67165e-01	1.88331e-01
1.46000e+00	1.68335e-01	1.85454e-01
1.47000e+00	1.69507e-01	1.82630e-01
1.48000e+00	1.70682e-01	1.79858e-01
1.49000e+00	1.71859e-01	1.77137e-01
1.50000e+00	1.73038e-01	1.74465e-01
1.51000e+00	1.74220e-01	1.71842e-01
1.52000e+00	1.75403e-01	1.69266e-01
1.53000e+00	1.76590e-01	1.66736e-01
1.54000e+00	1.77778e-01	1.64251e-01
1.55000e+00	1.78968e-01	1.61810e-01
1.56000e+00	1.80161e-01	1.59412e-01
1.57000e+00	1.81355e-01	1.57057e-01
1.58000e+00	1.82552e-01	1.54742e-01
1.59000e+00	1.83750e-01	1.52467e-01
1.60000e+00	1.84951e-01	1.50231e-01
1.61000e+00	1.86153e-01	1.48034e-01
1.62000e+00	1.87357e-01	1.45875e-01
1.63000e+00	1.88562e-01	1.43752e-01
1.64000e+00	1.89770e-01	1.41664e-01
1.65000e+00	1.90979e-01	1.39612e-01
1.66000e+00	1.92189e-01	1.37595e-01
1.67000e+00	1.93401e-01	1.35611e-01
1.68000e+00	1.94615e-01	1.33659e-01
1.69000e+00	1.95830e-01	1.31740e-01
1.70000e+00	1.97047e-01	1.29853e-01
1.71000e+00	1.98265e-01	1.27996e-01
1.72000e+00	1.99484e-01	1.26170e-01
1.73000e+00	2.00704e-01	1.24374e-01
1.74000e+00	2.01926e-01	1.22606e-01
1.75000e+00	2.03149e-01	1.20867e-01
1.76000e+00	2.04373e-01	1.19156e-01
1.77000e+00	2.05598e-01	1.17472e-01
1.78000e+00	2.06824e-01	1.15815e-01
1.79000e+00	2.08051e-01	1.14184e-01
1.80000e+00	2.09279e-01	1.12579e-01
1.81000e+00	2.10508e-01	1.10999e-01
1.82000e+00	2.11738e-01	1.09444e-01
1.83000e+00	2.12969e-01	1.07913e-01
1.84000e+00	2.14200e-01	1.06406e-01
1.85000e+00	2.15432e-01	1.04922e-01
1.86000e+00	2.16665e-01	1.03462e-01
1.87000e+00	2.17899e-01	1.02023e-01
1.88000e+00	2.19133e-01	1.00607e-01
1.89000e+00	2.20368e-01	9.92129e-02
1.90000e+00	2.21603e-01	9.78397e-02
1.91000e+00	2.22839e-01	9.64874e-02
1.92000e+00	2.24075e-01	9.51556e-02
1.93000e+00	2.25311e-01	9.38439e-02
1.94000e+00	2.26548e-01	9.25520e-02
1.95000e+00	2.27785e-01	9.12795e-02
1.96000e+00	2.29023e-01	9.00261e-02
1.97000e+00	2.30260e-01	8.87914e-02
1.98000e+00	2.31498e-01	8.75750e-02
1.99000e+00	2.32736e-01	8.63767e-02
2.00000e+00	2.33974e-01	8.51962e-02
2.01000e+00	2.35213e-01	8.40331e-02
2.02000e+00	2.36451e-01	8.28872e-02
2.03000e+00	2.37689e-01	8.17580e-02
2.04000e+00	2.38927e-01	8.06455e-02
2.05000e+00	2.40165e-01	7.95492e-02
2.06000e+00	2.41403e-01	7.84689e-02
2.07000e+00	2.42641e-01	7.74043e-02
2.08000e+00	2.43878e-01	7.63551e-02
2.09000e+00	2.45116e-01	7.53211e-02
2.10000e+00	2.46353e-01	7.43021e-02
2.11000e+00	2.47589e-01	7.32978e-02
2.12000e+00	2.48826e-01	7.23079e-02
2.13000e+00	2.50062e-01	7.13322e-02
2.14000e+00	2.51297e-01	7.03705e-02
2.15000e+00	2.52532e-01	6.94225e-02
2.16000e+00	2.53767e-01	6.84880e-02
2.17000e+00	2.55001e-01	6.75668e-02
2.18000e+00	2.56234e-01	6.66587e-02
2.19000e+00	2.57467e-01	6.57635e-02
2.20000e+00	2.58699e-01	6.48809e-02
2.21000e+00	2.59931e-01	6.40108e-02
2.22000e+00	2.61161e-01	6.31529e-02
2.23000e+00	2.62391e-01	6.23071e-02
2.24000e+00	2.63621e-01	6.14732e-02
2.25000e+00	2.64849e-01	6.06509e-02
2.26000e+00	2.66077e-01	5.98402e-02
2.27000e+00	2.67303e-01	5.90408e-02
2.28000e+00	2.68529e-01	5.82525e-02
2.29000e+00	2.69754e-01	5.74751e-02
2.30000e+00	2.70978e-01	5.67086e-02
2.31000e+00	2.72200e-01	5.59527e-02
2.32000e+00	2.73422e-01	5.52073e-02
2.33000e+00	2.74643e-01	5.44721e-02
2.34000e+00	2.75862e-01	5.37472e-02
2.35000e+00	2.77081e-01	5.30322e-02
2.36000e+00	2.78298e-01	5.23270e-02
2.37000e+00	2.79514e-01	5.16315e-02
2.38000e+00	2.80729e-01	5.09456e-02
2.39000e+00	2.81943e-01	5.02690e-02
2.40000e+00	2.83155e-01	4.96018e-02
2.41000e+00	2.84366e-01	4.89436e-02
2.42000e+00	2.85575e-01	4.82944e-02
2.43000e+00	2.86784e-01	4.76540e-02
2.44000e+00	2.87990e-01	4.70224e-02
2.45000e+00	2.89196e-01	4.63994e-02
2.46000e+00	2.90400e-01	4.57848e-02
2.47000e+00	2.91602e-01	4.51785e-02
2.48000e+00	2.92803e-01	4.45804e-02
2.49000e+00	2.94002e-01	4.39904e-02
2.50000e+00	2.95200e-01	4.34084e-02
2.51000e+00	2.96396e-01	4.28343e-02
2.52000e+00	2.97591e-01	4.22679e-02
2.53000e+00	2.98784e-01	4.17090e-02
2.54000e+00	2.99975e-01	4.11578e-02
2.55000e+00	3.01165e-01	4.06139e-02
2.56000e+00	3.02352e-01	4.00773e-02
2.57000e+00	3.03538e-01	3.95479e-02
2.58000e+00	3.04723e-01	3.90256e-02
2.59000e+00	3.05905e-01	3.85102e-02
2.60000e+00	3.07086e-01	3.80018e-02
2.61000e+00	3.08264e-01	3.75001e-02
2.62000e+00	3.09441e-01	3.70052e-02
2.63000e+00	3.10616e-01	3.65168e-02
2.64000e+00	3.11789e-01	3.60349e-02
2.65000e+00	3.12960e-01	3.55594e-02
2.66000e+00	3.14129e-01	3.50903e-02
2.67000e+00	3.15296e-01	3.46274e-02
2.68000e+00	3.16462e-01	3.41706e-02
2.69000e+00	3.17625e-01	3.37199e-02
2.70000e+00	3.18786e-01	3.32751e-02
2.71000e+00	3.19944e-01	3.28362e-02
2.72000e+00	3.21101e-01	3.24031e-02
2.73000e+00	3.22256e-01	3.19758e-02
2.74000e+00	3.23408e-01	3.15541e-02
2.75000e+00	3.24559e-01	3.11379e-02
2.76000e+00	3.25707e-01	3.07272e-02
2.77000e+00	3.26853e-01	3.03220e-02
2.78000e+00	3.27996e-01	2.99220e-02
2.79000e+00	3.29138e-01	2.95274e-02
2.80000e+00	3.30277e-01	2.91379e-02
2.81000e+00	3.31414e-01	2.87535e-02
2.82000e+00	3.32549e-01	2.83742e-02
2.83000e+00	3.33681e-01	2.79999e-02
2.84000e+00	3.34811e-01	2.76304e-02
2.85000e+00	3.35938e-01	2.72658e-02
2.86000e+00	3.37063e-01	2.69060e-02
2.87000e+00	3.38186e-01	2.65509e-02
2.88000e+00	3.39306e-01	2.62004e-02
2.89000e+00	3.40424e-01	2.58545e-02
2.90000e+00	3.41540e-01	2.55131e-02
2.91000e+00	3.42653e-01	2.51762e-02
2.92000e+00	3.43763e-01	2.48437e-02
2.93000e+00	3.44871e-01	2.45155e-02
2.94000e+00	3.45977e-01	2.41916e-02
2.95000e+00	3.47079e-01	2.38719e-02
2.96000e+00	3.48180e-01	2.35564e-02
2.97000e+00	3.49278e-01	2.32450e-02
2.98000e+00	3.50373e-01	2.29376e-02
2.99000e+00	3.51465e-01	2.26343e-02
3.00000e+00	3.52555e-01	2.23349e-02
3.01000e+00	3.53643e-01	2.20393e-02
3.02000e+00	3.54727e-01	2.17477e-02
3.03000e+00	3.55809e-01	2.14598e-02
3.04000e+00	3.56888e-01	2.11756e-02
3.05000e+00	3.57965e-01	2.08951e-02
3.06000e+00	3.59039e-01	2.06183e-02
3.07000e+00	3.60110e-01	2.03450e-02
3.08000e+00	3.61179e-01	2.00753e-02
3.09000e+00	3.62244e-01	1.98091e-02
3.10000e+00	3.63307e-01	1.95464e-02
3.11000e+00	3.64367e-01	1.92870e-02
3.12000e+00	3.65425e-01	1.90310e-02
3.13000e+00	3.66479e-01	1.87783e-02
3.14000e+00	3.67531e-01	1.85289e-02
3.15000e+00	3.68580e-01	1.82827e-02
3.16000e+00	3.69626e-01	1.80397e-02
3.17000e+00	3.70669e-01	1.77998e-02
3.18000e+00	3.71710e-01	1.75630e-02
3.19000e+00	3.72747e-01	1.73293e-02
3.20000e+00	3.73782e-01	1.70986e-02
3.21000e+00	3.74814e-01	1.68709e-02
3.22000e+00	3.75843e-01	1.66462e-02
3.23000e+00	3.76868e-01	1.64243e-02
3.24000e+00	3.77891e-01	1.62053e-02
3.25000e+00	3.78911e-01	1.59891e-02
3.26000e+00	3.79928e-01	1.57757e-02
3.27000e+00	3.80943e-01	1.55651e-02
3.28000e+00	3.81954e-01	1.53572e-02
3.29000e+00	3.82962e-01	1.51519e-02
3.30000e+00	3.83967e-01	1.49493e-02
3.31000e+00	3.84969e-01	1.47494e-02
3.32000e+00	3.85968e-01	1.45520e-02
3.33000e+00	3.86965e-01	1.43571e-02
3.34000e+00	3.87958e-01	1.41648e-02
3.35000e+00	3.88948e-01	1.39749e-02
3.36000e+00	3.89935e-01	1.37875e-02
3.37000e+00	3.90919e-01	1.36025e-02
3.38000e+00	3.91900e-01	1.34199e-02
3.39000e+00	3.92877e-01	1.32396e-02
3.40000e+00	3.93852e-01	1.30617e-02
3.41000e+00	3.94824e-01	1.28860e-02
3.42000e+00	3.95792e-01	1.27126e-02
3.43000e+00	3.96758e-01	1.25415e-02
3.44000e+00	3.97720e-01	1.23725e-02
3.45000e+00	3.98679e-01	1.22057e-02
3.46000e+00	3.99636e-01	1.20411e-02
3.47000e+00	4.00589e-01	1.18786e-02
3.48000e+00	4.01538e-01	1.17182e-02
3.49000e+00	4.02485e-01	1.15598e-02
3.50000e+00	4.03429e-01	1.14035e-02
3.51000e+00	4.04369e-01	1.12492e-02
3.52000e+00	4.05306e-01	1.10969e-02
3.53000e+00	4.06240e-01	1.09466e-02
3.54000e+00	4.07171e-01	1.07982e-02
3.55000e+00	4.08099e-01	1.06517e-02
3.56000e+00	4.09023e-01	1.05071e-02
3.57000e+00	4.09944e-01	1.03644e-02
3.58000e+00	4.10863e-01	1.02235e-02
3.59000e+00	4.11777e-01	1.00844e-02
3.60000e+00	4.12689e-01	9.94708e-03
3.61000e+00	4.13598e-01	9.81155e-03
3.62000e+00	4.14503e-01	9.67778e-03
3.63000e+00	4.15405e-01	9.54573e-03
3.64000e+00	4.16304e-01	9.41538e-03
3.65000e+00	4.17199e-01	9.28672e-03
3.66000e+00	4.18091e-01	9.15971e-03
3.67000e+00	4.18980e-01	9.03434e-03
3.68000e+00	4.19866e-01	8.91059e-03
3.69000e+00	4.20749e-01	8.78844e-03
3.70000e+00	4.21628e-01	8.66787e-03
3.71000e+00	4.22504e-01	8.54885e-03
3.72000e+00	4.23377e-01	8.43137e-03
3.73000e+00	4.24246e-01	8.31541e-03
3.74000e+00	4.25112e-01	8.20094e-03
3.75000e+00	4.25975e-01	8.08795e-03
3.76000e+00	4.26835e-01	7.97643e-03
3.77000e+00	4.27691e-01	7.86634e-03
3.78000e+00	4.28544e-01	7.75768e-03
3.79000e+00	4.29394e-01	7.65043e-03
3.80000e+00	4.30241e-01	7.54456e-03
3.81000e+00	4.31084e-01	7.44006e-03
3.82000e+00	4.31924e-01	7.33692e-03
3.83000e+00	4.32760e-01	7.23511e-03
3.84000e+00	4.33594e-01	7.13462e-03
3.85000e+00	4.34424e-01	7.03543e-03
3.86000e+00	4.35250e-01	6.93753e-03
3.87000e+00	4.36074e-01	6.84090e-03
3.88000e+00	4.36894e-01	6.74552e-03
3.89000e+00	4.37711e-01	6.65137e-03
3.90000e+00	4.38524e-01	6.55845e-03
3.91000e+00	4.39334e-01	6.46674e-03
3.92000e+00	4.40141e-01	6.37621e-03
3.93000e+00	4.40944e-01	6.28686e-03
3.94000e+00	4.41745e-01	6.19868e-03
3.95000e+00	4.42542e-01	6.11163e-03
3.96000e+00	4.43335e-01	6.02573e-03
3.97000e+00	4.44125e-01	5.94093e-03
3.98000e+00	4.44912e-01	5.85725e-03
3.99000e+00	4.45696e-01	5.77465e-03
4.00000e+00	4.46476e-01	5.69313e-03
4.01000e+00	4.47253e-01	5.61267e-03
4.02000e+00	4.48026e-01	5.53326e-03
4.03000e+00	4.48797e-01	5.45488e-03
4.04000e+00	4.49564e-01	5.37753e-03
4.05000e+00	4.50327e-01	5.30118e-03
4.06000e+00	4.51087e-01	5.22584e-03
4.07000e+00	4.51844e-01	5.15148e-03
4.08000e+00	4.52598e-01	5.07809e-03
4.09000e+00	4.53348e-01	5.00566e-03
4.10000e+00	4.54095e-01	4.93418e-03
4.11000e+00	4.54839e-01	4.86363e-03
4.12000e+00	4.55579e-01	4.79401e-03
4.13000e+00	4.56316e-01	4.72530e-03
4.14000e+00	4.57050e-01	4.65749e-03
4.15000e+00	4.57780e-01	4.59057e-03
4.16000e+00	4.58507e-01	4.52453e-03
4.17000e+00	4.59231e-01	4.45936e-03
4.18000e+00	4.59951e-01	4.39504e-03
4.19000e+00	4.60668e-01	4.33157e-03
4.20000e+00	4.61382e-01	4.26894e-03
4.21000e+00	4.62092e-01	4.20712e-03
4.22000e+00	4.62799e-01	4.14613e-03
4.23000e+00	4.63503e-01	4.08593e-03
4.24000e+00	4.64203e-01	4.02653e-03
4.25000e+00	4.64900e-01	3.96792e-03
4.26000e+00	4.65594e-01	3.91008e-03
4.27000e+00	4.66284e-01	3.85300e-03
4.28000e+00	4.66972e-01	3.79668e-03
4.29000e+00	4.67655e-01	3.74110e-03
4.30000e+00	4.68336e-01	3.68626e-03
4.31000e+00	4.69013e-01	3.63214e-03
4.32000e+00	4.69687e-01	3.57875e-03
4.33000e+00	4.70358e-01	3.52606e-03
4.34000e+00	4.71025e-01	3.47407e-03
4.35000e+00	4.71689e-01	3.42277e-03
4.36000e+00	4.72350e-01	3.37215e-03
4.37000e+00	4.73007e-01	3.32221e-03
4.38000e+00	4.73661e-01	3.27293e-03
4.39000e+00	4.74312e-01	3.22431e-03
4.40000e+00	4.74960e-01	3.17633e-03
4.41000e+00	4.75604e-01	3.12900e-03
4.42000e+00	4.76245e-01	3.08230e-03
4.43000e+00	4.76882e-01	3.03622e-03
4.44000e+00	4.77517e-01	2.99076e-03
4.45000e+00	4.78148e-01	2.94591e-03
4.46000e+00	4.78776e-01	2.90166e-03
4.47000e+00	4.79400e-01	2.85800e-03
4.48000e+00	4.80022e-01	2.81493e-03
4.49000e+00	4.80640e-01	2.77244e-03
4.50000e+00	4.81255e-01	2.73052e-03
4.51000e+00	4.81866e-01	2.68916e-03
4.52000e+00	4.82475e-01	2.64836e-03
4.53000e+00	4.83080e-01	2.60811e-03
4.54000e+00	4.83681e-01	2.56841e-03
4.55000e+00	4.84280e-01	2.52924e-03
4.56000e+00	4.84875e-01	2.49060e-03
4.57000e+00	4.85467e-01	2.45248e-03
4.58000e+00	4.86056e-01	2.41488e-03
4.59000e+00	4.86642e-01	2.37778e-03
4.60000e+00	4.87224e-01	2.34120e-03
4.61000e+00	4.87803e-01	2.30510e-03
4.62000e+00	4.88379e-01	2.26950e-03
4.63000e+00	4.88952e-01	2.23439e-03
4.64000e+00	4.89522e-01	2.19975e-03
4.65000e+00	4.90088e-01	2.16559e-03
4.66000e+00	4.90651e-01	2.13189e-03
4.67000e+00	4.91211e-01	2.09865e-03
4.68000e+00	4.91768e-01	2.06587e-03
4.69000e+00	4.92321e-01	2.03353e-03
4.70000e+00	4.92872e-01	2.00164e-03
4.71000e+00	4.93419e-01	1.97019e-03
4.72000e+00	4.93963e-01	1.93917e-03
4.73000e+00	4.94504e-01	1.90858e-03
4.74000e+00	4.95041e-01	1.87841e-03
4.75000e+00	4.95576e-01	1.84865e-03
4.76000e+00	4.96107e-01	1.81931e-03
4.77000e+00	4.96635e-01	1.79037e-03
4.78000e+00	4.97160e-01	1.76183e-03
4.79000e+00	4.97682e-01	1.73369e-03
4.80000e+00	4.98201e-01	1.70593e-03
4.81000e+00	4.98717e-01	1.67857e-03
4.82000e+00	4.99229e-01	1.65158e-03
4.83000e+00	4.99739e-01	1.62497e-03
4.84000e+00	5.00245e-01	1.59873e-03
4.85000e+00	5.00748e-01	1.57286e-03
4.86000e+00	5.01248e-01	1.54735e-03
4.87000e+00	5.01745e-01	1.52219e-03
4.88000e+00	5.02239e-01	1.49739e-03
4.89000e+00	5.02729e-01	1.47294e-03
4.90000e+00	5.03217e-01	1.44883e-03
4.91000e+00	5.03701e-01	1.42506e-03
4.92000e+00	5.04183e-01	1.40163e-03
4.93000e+00	5.04661e-01	1.37852e-03
4.94000e+00	5.05137e-01	1.35575e-03
4.95000e+00	5.05609e-01	1.33329e-03
4.96000e+00	5.06078e-01	1.31115e-03
4.97000e+00	5.06544e-01	1.28933e-03
4.98000e+00	5.07007e-01	1.26782e-03
4.99000e+00	5.07467e-01	1.24662e-03
5.00000e+00	5.07924e-01	1.22571e-03
5.01000e+00	5.08378e-01	1.20511e-03
5.02000e+00	5.08829e-01	1.18480e-03
5.03000e+00	5.09277e-01	1.16478e-03
5.04000e+00	5.09722e-01	1.14505e-03
5.05000e+00	5.10164e-01	1.12561e-03
5.06000e+00	5.10603e-01	1.10644e-03
5.07000e+00	5.11039e-01	1.08755e-03
5.08000e+00	5.11471e-01	1.06893e-03
5.09000e+00	5.11901e-01	1.05058e-03
5.10000e+00	5.12328e-01	1.03250e-03
5.11000e+00	5.12752e-01	1.01468e-03
5.12000e+00	5.13173e-01	9.97121e-04
5.13000e+00	5.13591e-01	9.79817e-04
5.14000e+00	5.14006e-01	9.62766e-04
5.15000e+00	5.14419e-01	9.45964e-04
5.16000e+00	5.14828e-01	9.29408e-04
5.17000e+00	5.15234e-01	9.13095e-04
5.18000e+00	5.15637e-01	8.97022e-04
5.19000e+00	5.16038e-01	8.81185e-04
5.20000e+00	5.16435e-01	8.65583e-04
5.21000e+00	5.16830e-01	8.50211e-04
5.22000e+00	5.17222e-01	8.35068e-04
5.23000e+00	5.17611e-01	8.20149e-04
5.24000e+00	5.17996e-01	8.05451e-04
5.25000e+00	5.18379e-01	7.90973e-04
5.26000e+00	5.18760e-01	7.76712e-04
5.27000e+00	5.19137e-01	7.62663e-04
5.28000e+00	5.19511e-01	7.48826e-04
5.29000e+00	5.19883e-01	7.35196e-04
5.30000e+00	5.20252e-01	7.21772e-04
5.31000e+00	5.20617e-01	7.08550e-04
5.32000e+00	5.20981e-01	6.95528e-04
5.33000e+00	5.21341e-01	6.82704e-04
5.34000e+00	5.21698e-01	6.70075e-04
5.35000e+00	5.22053e-01	6.57637e-04
5.36000e+00	5.22404e-01	6.45390e-04
5.37000e+00	5.22753e-01	6.33330e-04
5.38000e+00	5.23100e-01	6.21454e-04
5.39000e+00	5.23443e-01	6.09761e-04
5.40000e+00	5.23784e-01	5.98249e-04
5.41000e+00	5.24121e-01	5.86913e-04
5.42000e+00	5.24456e-01	5.75754e-04
5.43000e+00	5.24789e-01	5.64767e-04
5.44000e+00	5.25118e-01	5.53951e-04
5.45000e+00	5.25445e-01	5.43304e-04
5.46000e+00	5.25769e-01	5.32823e-04
5.47000e+00	5.26091e-01	5.22507e-04
5.48000e+00	5.26409e-01	5.12352e-04
5.49000e+00	5.26725e-01	5.02357e-04
5.50000e+00	5.27038e-01	4.92520e-04
5.51000e+00	5.27349e-01	4.82839e-04
5.52000e+00	5.27657e-01	4.73311e-04
5.53000e+00	5.27962e-01	4.63935e-04
5.54000e+00	5.28264e-01	4.54709e-04
5.55000e+00	5.28564e-01	4.45630e-04
5.56000e+00	5.28861e-01	4.36697e-04
5.57000e+00	5.29156e-01	4.27908e-04
5.58000e+00	5.29448e-01	4.19260e-04
5.59000e+00	5.29737e-01	4.10752e-04
5.60000e+00	5.30023e-01	4.02383e-04
5.61000e+00	5.30307e-01	3.94150e-04
5.62000e+00	5.30589e-01	3.86051e-04
5.63000e+00	5.30867e-01	3.78084e-04
5.64000e+00	5.31144e-01	3.70249e-04
5.65000e+00	5.31417e-01	3.62542e-04
5.66000e+00	5.31688e-01	3.54963e-04
5.67000e+00	5.31957e-01	3.47510e-04
5.68000e+00	5.32222e-01	3.40180e-04
5.69000e+00	5.32486e-01	3.32973e-04
5.70000e+00	5.32746e-01	3.25887e-04
5.71000e+00	5.33005e-01	3.18919e-04
5.72000e+00	5.33260e-01	3.12069e-04
5.73000e+00	5.33513e-01	3.05334e-04
5.74000e+00	5.33764e-01	2.98714e-04
5.75000e+00	5.34012e-01	2.92207e-04
5.76000e+00	5.34258e-01	2.85811e-04
5.77000e+00	5.34501e-01	2.79524e-04
5.78000e+00	5.34741e-01	2.73345e-04
5.79000e+00	5.34980e-01	2.67273e-04
5.80000e+00	5.35215e-01	2.61307e-04
5.81000e+00	5.35448e-01	2.55444e-04
5.82000e+00	5.35679e-01	2.49683e-04
5.83000e+00	5.35908e-01	2.44024e-04
5.84000e+00	5.36134e-01	2.38463e-04
5.85000e+00	5.36357e-01	2.33002e-04
5.86000e+00	5.36578e-01	2.27636e-04
5.87000e+00	5.36797e-01	2.22367e-04
5.88000e+00	5.37013e-01	2.17191e-04
5.89000e+00	5.37227e-01	2.12109e-04
5.90000e+00	5.37439e-01	2.07117e-04
5.91000e+00	5.37648e-01	2.02217e-04
5.92000e+00	5.37854e-01	1.97405e-04
5.93000e+00	5.38059e-01	1.92681e-04
5.94000e+00	5.38261e-01	1.88043e-04
5.95000e+00	5.38461e-01	1.83491e-04
5.96000e+00	5.38658e-01	1.79023e-04
5.97000e+00	5.38853e-01	1.74638e-04
5.98000e+00	5.39046e-01	1.70335e-04
5.99000e+00	5.39237e-01	1.66112e-04
6.00000e+00	5.39425e-01	1.61969e-04
6.01000e+00	5.39611e-01	1.57904e-04
6.02000e+00	5.39795e-01	1.53916e-04
6.03000e+00	5.39976e-01	1.50005e-04
6.04000e+00	5.40155e-01	1.46168e-04
6.05000e+00	5.40332e-01	1.42406e-04
6.06000e+00	5.40507e-01	1.38716e-04
6.07000e+00	5.40679e-01	1.35098e-04
6.08000e+00	5.40850e-01	1.31551e-04
6.09000e+00	5.41018e-01	1.28074e-04
6.10000e+00	5.41184e-01	1.24666e-04
6.11000e+00	5.41347e-01	1.21325e-04
6.12000e+00	5.41509e-01	1.18051e-04
6.13000e+00	5.41668e-01	1.14843e-04
6.14000e+00	5.41825e-01	1.11700e-04
6.15000e+00	5.41980e-01	1.08621e-04
6.16000e+00	5.42133e-01	1.05605e-04
6.17000e+00	5.42284e-01	1.02651e-04
6.18000e+00	5.42433e-01	9.97575e-05
6.19000e+00	5.42579e-01	9.69247e-05
6.20000e+00	5.42724e-01	9.41511e-05
6.21000e+00	5.42866e-01	9.14359e-05
6.22000e+00	5.43007e-01	8.87784e-05
6.23000e+00	5.43145e-01	8.61775e-05
6.24000e+00	5.43281e-01	8.36324e-05
6.25000e+00	5.43415e-01	8.11424e-05
6.26000e+00	5.43548e-01	7.87065e-05
6.27000e+00	5.43678e-01	7.63239e-05
6.28000e+00	5.43806e-01	7.39939e-05
6.29000e+00	5.43932e-01	7.17156e-05
6.30000e+00	5.44056e-01	6.94883e-05
6.31000e+00	5.44178e-01	6.73110e-05
6.32000e+00	5.44298e-01	6.51832e-05
6.33000e+00	5.44417e-01	6.31039e-05
6.34000e+00	5.44533e-01	6.10726e-05
6.35000e+00	5.44647e-01	5.90883e-05
6.36000e+00	5.44760e-01	5.71503e-05
6.37000e+00	5.44870e-01	5.52580e-05
6.38000e+00	5.44979e-01	5.34106e-05
6.39000e+00	5.45085e-01	5.16075e-05
6.40000e+00	5.45190e-01	4.98478e-05
6.41000e+00	5.45293e-01	4.81309e-05
6.42000e+00	5.45394e-01	4.64561e-05
6.43000e+00	5.45494e-01	4.48228e-05
6.44000e+00	5.45591e-01	4.32302e-05
6.45000e+00	5.45687e-01	4.16777e-05
6.46000e+00	5.45780e-01	4.01647e-05
6.47000e+00	5.45872e-01	3.86904e-05
6.48000e+00	5.45962e-01	3.72543e-05
6.49000e+00	5.46051e-01	3.58558e-05
6.50000e+00	5.46137e-01	3.44941e-05
6.51000e+00	5.46222e-01	3.31687e-05
6.52000e+00	5.46306e-01	3.18790e-05
6.53000e+00	5.46387e-01	3.06244e-05
6.54000e+00	5.46467e-01	2.94042e-05
6.55000e+00	5.46545e-01	2.82179e-05
6.56000e+00	5.46621e-01	2.70648e-05
6.57000e+00	5.46696e-01	2.59446e-05
6.58000e+00	5.46768e-01	2.48564e-05
6.59000e+00	5.46840e-01	2.37998e-05
6.60000e+00	5.46909e-01	2.27743e-05
6.61000e+00	5.46977e-01	2.17792e-05
6.62000e+00	5.47044e-01	2.08141e-05
6.63000e+00	5.47109e-01	1.98784e-05
6.64000e+00	5.47172e-01	1.89715e-05
6.65000e+00	5.47234e-01	1.80930e-05
6.66000e+00	5.47294e-01	1.72423e-05
6.67000e+00	5.47352e-01	1.64189e-05
6.68000e+00	5.47409e-01	1.56222e-05
6.69000e+00	5.47465e-01	1.48519e-05
6.70000e+00	5.47518e-01	1.41073e-05
6.71000e+00	5.47571e-01	1.33881e-05
6.72000e+00	5.47622e-01	1.26936e-05
6.73000e+00	5.47671e-01	1.20235e-05
6.74000e+00	5.47719e-01	1.13772e-05
6.75000e+00	5.47766e-01	1.07543e-05
6.76000e+00	5.47811e-01	1.01544e-05
6.77000e+00	5.47855e-01	9.57682e-06
6.78000e+00	5.47897e-01	9.02127e-06
6.79000e+00	5.47938e-01	8.48726e-06
6.80000e+00	5.47978e-01	7.97433e-06
6.81000e+00	5.48016e-01	7.48204e-06
6.82000e+00	5.48053e-01	7.00996e-06
6.83000e+00	5.48089e-01	6.55763e-06
6.84000e+00	5.48123e-01	6.12465e-06
6.85000e+00	5.48156e-01	5.71056e-06
6.86000e+00	5.48188e-01	5.31496e-06
6.87000e+00	5.48218e-01	4.93741e-06
6.88000e+00	5.48247e-01	4.57751e-06
6.89000e+00	5.48275e-01	4.23483e-06
6.90000e+00	5.48302e-01	3.90898e-06
6.91000e+00	5.48328e-01	3.59953e-06
6.92000e+00	5.48352e-01	3.30609e-06
6.93000e+00	5.48375e-01	3.02826e-06
6.94000e+00	5.48398e-01	2.76564e-06
6.95000e+00	5.48419e-01	2.51782e-06
6.96000e+00	5.48439e-01	2.28443e-06
6.97000e+00	5.48457e-01	2.06506e-06
6.98000e+00	5.48475e-01	1.85933e-06
6.99000e+00	5.48492e-01	1.66685e-06
7.00000e+00	5.48508e-01	1.48723e-06
7.01000e+00	5.48522e-01	1.32009e-06
7.02000e+00	5.48536e-01	1.16505e-06
7.03000e+00	5.48549e-01	1.02172e-06
7.04000e+00	5.48561e-01	8.89718e-07
7.05000e+00	5.48572e-01	7.68667e-07
7.06000e+00	5.48582e-01	6.58182e-07
7.07000e+00	5.48591e-01	5.57879e-07
7.08000e+00	5.48599e-01	4.67372e-07
7.09000e+00	5.48607e-01	3.86275e-07
7.10000e+00	5.48613e-01	3.14198e-07
7.11000e+00	5.48619e-01	2.50748e-07
7.12000e+00	5.48625e-01	1.95526e-07
7.13000e+00	5.48629e-01	1.48130e-07
7.14000e+00	5.48633e-01	1.08149e-07
7.15000e+00	5.48636e-01	7.51615e-08
7.16000e+00	5.48639e-01	4.87383e-08
7.17000e+00	5.48641e-01	2.84351e-08
7.18000e+00	5.48642e-01	1.37928e-08
7.19000e+00	5.48643e-01	4.34053e-09
