1.00000e-02	9.81100e-24	8.00000e-02
2.00000e-02	6.86770e-08	8.00000e-02
3.00000e-02	2.55086e-07	7.99979e-02
4.00000e-02	6.18086e-07	7.99943e-02
5.00000e-02	1.21653e-06	7.99896e-02
6.00000e-02	2.10924e-06	7.99835e-02
7.00000e-02	3.35505e-06	7.99762e-02
8.00000e-02	5.01276e-06	7.99677e-02
9.00000e-02	7.14112e-06	7.99580e-02
1.00000e-01	9.79890e-06	7.99471e-02
1.10000e-01	1.30448e-05	7.99349e-02
1.20000e-01	1.69375e-05	7.99215e-02
1.30000e-01	2.15356e-05	7.99069e-02
1.40000e-01	2.68977e-05	7.98911e-02
1.50000e-01	3.30824e-05	7.98741e-02
1.60000e-01	4.01481e-05	7.98558e-02
1.70000e-01	4.81532e-05	7.98363e-02
1.80000e-01	5.71562e-05	7.98157e-02
1.90000e-01	6.72154e-05	7.97938e-02
2.00000e-01	7.83889e-05	7.97707e-02
2.10000e-01	9.07351e-05	7.97464e-02
2.20000e-01	1.04312e-04	7.97208e-02
2.30000e-01	1.19177e-04	7.96941e-02
2.40000e-01	1.35389e-04	7.96662e-02
2.50000e-01	1.53006e-04	7.96370e-02
2.60000e-01	1.72084e-04	7.96067e-02
2.70000e-01	1.92683e-04	7.95751e-02
2.80000e-01	2.14859e-04	7.95423e-02
2.90000e-01	2.38670e-04	7.95084e-02
3.00000e-01	2.64173e-04	7.94732e-02
3.10000e-01	2.91425e-04	7.94368e-02
3.20000e-01	3.20484e-04	7.93993e-02
3.30000e-01	3.51407e-04	7.93605e-02
3.40000e-01	3.84250e-04	7.93206e-02
3.50000e-01	4.19070e-04	7.92794e-02
3.60000e-01	4.55925e-04	7.92371e-02
3.70000e-01	4.94870e-04	7.91935e-02
3.80000e-01	5.35961e-04	7.91488e-02
3.90000e-01	5.79256e-04	7.91029e-02
4.00000e-01	6.24810e-04	7.90558e-02
4.10000e-01	6.72678e-04	7.90075e-02
4.20000e-01	7.22918e-04	7.89580e-02
4.30000e-01	7.75584e-04	7.89074e-02
4.40000e-01	8.30732e-04	7.88555e-02
4.50000e-01	8.88418e-04	7.88025e-02
4.60000e-01	9.48695e-04	7.87483e-02
4.70000e-01	1.01162e-03	7.86930e-02
4.80000e-01	1.07725e-03	7.86364e-02
4.90000e-01	1.14563e-03	7.85787e-02
5.00000e-01	1.21683e-03	7.85198e-02
5.10000e-01	1.29089e-03	7.84598e-02
5.20000e-01	1.36787e-03	7.83986e-02
5.30000e-01	1.44782e-03	7.83362e-02
5.40000e-01	1.53081e-03	7.82727e-02
5.50000e-01	1.61687e-03	7.82080e-02
5.60000e-01	1.70606e-03	7.81422e-02
5.70000e-01	1.79845e-03	7.80752e-02
5.80000e-01	1.89407e-03	7.80071e-02
5.90000e-01	1.99299e-03	7.79378e-02
6.00000e-01	2.09525e-03	7.78674e-02
6.10000e-01	2.20091e-03	7.77958e-02
6.20000e-01	2.31002e-03	7.77231e-02
6.30000e-01	2.42263e-03	7.76492e-02
6.40000e-01	2.53879e-03	7.75742e-02
6.50000e-01	2.65855e-03	7.74981e-02
6.60000e-01	2.78198e-03	7.74209e-02
6.70000e-01	2.90910e-03	7.73425e-02
6.80000e-01	3.03999e-03	7.72630e-02
6.90000e-01	3.17468e-03	7.71824e-02
7.00000e-01	3.31323e-03	7.71007e-02
7.10000e-01	3.45568e-03	7.70178e-02
7.20000e-01	3.60210e-03	7.69339e-02
7.30000e-01	3.75251e-03	7.68488e-02
7.40000e-01	3.90699e-03	7.67626e-02
7.50000e-01	4.06556e-03	7.66754e-02
7.60000e-01	4.22829e-03	7.65870e-02
7.70000e-01	4.39522e-03	7.64975e-02
7.80000e-01	4.56640e-03	7.64070e-02
7.90000e-01	4.74188e-03	7.63153e-02
8.00000e-01	4.92170e-03	7.62226e-02
8.10000e-01	5.10591e-03	7.61288e-02
8.20000e-01	5.29456e-03	7.60339e-02
8.30000e-01	5.48769e-03	7.59379e-02
8.40000e-01	5.68535e-03	7.58408e-02
8.50000e-01	5.88759e-03	7.57427e-02
8.60000e-01	6.09446e-03	7.56436e-02
8.70000e-01	6.30599e-03	7.55433e-02
8.80000e-01	6.52223e-03	7.54420e-02
8.90000e-01	6.74323e-03	7.53397e-02
9.00000e-01	6.96904e-03	7.52363e-02
9.10000e-01	7.19969e-03	7.51318e-02
9.20000e-01	7.43523e-03	7.50263e-02
9.30000e-01	7.67570e-03	7.49198e-02
9.40000e-01	7.92115e-03	7.48122e-02
9.50000e-01	8.17162e-03	7.47036e-02
9.60000e-01	8.42715e-03	7.45940e-02
9.70000e-01	8.68779e-03	7.44833e-02
9.80000e-01	8.95358e-03	7.43717e-02
9.90000e-01	9.22455e-03	7.42590e-02
1.00000e+00	9.50075e-03	7.41453e-02
1.01000e+00	9.78222e-03	7.40306e-02
1.02000e+00	1.00690e-02	7.39149e-02
1.03000e+00	1.03611e-02	7.37982e-02
1.04000e+00	1.06586e-02	7.36805e-02
1.05000e+00	1.09616e-02	7.35618e-02
1.06000e+00	1.12700e-02	7.34421e-02
1.07000e+00	1.15839e-02	7.33215e-02
1.08000e+00	1.19034e-02	7.31998e-02
1.09000e+00	1.22285e-02	7.30772e-02
1.10000e+00	1.25592e-02	7.29537e-02
1.11000e+00	1.28955e-02	7.28291e-02
1.12000e+00	1.32375e-02	7.27036e-02
1.13000e+00	1.35853e-02	7.25772e-02
1.14000e+00	1.39388e-02	7.24498e-02
1.15000e+00	1.42982e-02	7.23215e-02
1.16000e+00	1.46633e-02	7.21922e-02
1.17000e+00	1.50344e-02	7.20620e-02
1.18000e+00	1.54113e-02	7.19308e-02
1.19000e+00	1.57942e-02	7.17987e-02
1.20000e+00	1.61831e-02	7.16657e-02
1.21000e+00	1.65780e-02	7.15318e-02
1.22000e+00	1.69789e-02	7.13970e-02
1.23000e+00	1.73860e-02	7.12613e-02
1.24000e+00	1.77991e-02	7.11247e-02
1.25000e+00	1.82183e-02	7.09871e-02
1.26000e+00	1.86438e-02	7.08487e-02
1.27000e+00	1.90754e-02	7.07094e-02
1.28000e+00	1.95133e-02	7.05692e-02
1.29000e+00	1.99574e-02	7.04282e-02
1.30000e+00	2.04078e-02	7.02862e-02
1.31000e+00	2.08646e-02	7.01434e-02
1.32000e+00	2.13277e-02	6.99998e-02
1.33000e+00	2.17971e-02	6.98553e-02
1.34000e+00	2.22730e-02	6.97099e-02
1.35000e+00	2.27553e-02	6.95637e-02
1.36000e+00	2.32441e-02	6.94166e-02
1.37000e+00	2.37394e-02	6.92688e-02
1.38000e+00	2.42412e-02	6.91201e-02
1.39000e+00	2.47495e-02	6.89705e-02
1.40000e+00	2.52644e-02	6.88202e-02
1.41000e+00	2.57859e-02	6.86690e-02
1.42000e+00	2.63141e-02	6.85171e-02
1.43000e+00	2.68488e-02	6.83643e-02
1.44000e+00	2.73902e-02	6.82107e-02
1.45000e+00	2.79384e-02	6.80564e-02
1.46000e+00	2.84932e-02	6.79012e-02
1.47000e+00	2.90547e-02	6.77453e-02
1.48000e+00	2.96231e-02	6.75886e-02
1.49000e+00	3.01982e-02	6.74312e-02
1.50000e+00	3.07801e-02	6.72730e-02
1.51000e+00	3.13688e-02	6.71140e-02
1.52000e+00	3.19644e-02	6.69543e-02
1.53000e+00	3.25668e-02	6.67938e-02
1.54000e+00	3.31761e-02	6.66326e-02
1.55000e+00	3.37923e-02	6.64707e-02
1.56000e+00	3.44154e-02	6.63080e-02
1.57000e+00	3.50455e-02	6.61446e-02
1.58000e+00	3.56825e-02	6.59805e-02
1.59000e+00	3.63265e-02	6.58157e-02
1.60000e+00	3.69775e-02	6.56502e-02
1.61000e+00	3.76355e-02	6.54840e-02
1.62000e+00	3.83005e-02	6.53171e-02
1.63000e+00	3.89725e-02	6.51496e-02
1.64000e+00	3.96516e-02	6.49813e-02
1.65000e+00	4.03377e-02	6.48124e-02
1.66000e+00	4.10310e-02	6.46428e-02
1.67000e+00	4.17313e-02	6.44726e-02
1.68000e+00	4.24387e-02	6.43017e-02
1.69000e+00	4.31533e-02	6.41301e-02
1.70000e+00	4.38749e-02	6.39579e-02
1.71000e+00	4.46038e-02	6.37851e-02
1.72000e+00	4.53397e-02	6.36117e-02
1.73000e+00	4.60829e-02	6.34376e-02
1.74000e+00	4.68332e-02	6.32629e-02
1.75000e+00	4.75907e-02	6.30876e-02
1.76000e+00	4.83554e-02	6.29117e-02
1.77000e+00	4.91272e-02	6.27352e-02
1.78000e+00	4.99063e-02	6.25581e-02
1.79000e+00	5.06927e-02	6.23805e-02
1.80000e+00	5.14862e-02	6.22022e-02
1.81000e+00	5.22870e-02	6.20234e-02
1.82000e+00	5.30950e-02	6.18441e-02
1.83000e+00	5.39103e-02	6.16641e-02
1.84000e+00	5.47328e-02	6.14836e-02
1.85000e+00	5.55625e-02	6.13026e-02
1.86000e+00	5.63996e-02	6.11211e-02
1.87000e+00	5.72438e-02	6.09390e-02
1.88000e+00	5.80954e-02	6.07564e-02
1.89000e+00	5.89542e-02	6.05732e-02
1.90000e+00	5.98203e-02	6.03896e-02
1.91000e+00	6.06937e-02	6.02054e-02
1.92000e+00	6.15744e-02	6.00208e-02
1.93000e+00	6.24623e-02	5.98356e-02
1.94000e+00	6.33576e-02	5.96500e-02
1.95000e+00	6.42601e-02	5.94639e-02
1.96000e+00	6.51698e-02	5.92773e-02
1.97000e+00	6.60869e-02	5.90903e-02
1.98000e+00	6.70113e-02	5.89028e-02
1.99000e+00	6.79429e-02	5.87149e-02
2.00000e+00	6.88818e-02	5.85265e-02
2.01000e+00	6.98280e-02	5.83377e-02
2.02000e+00	7.07814e-02	5.81484e-02
2.03000e+00	7.17421e-02	5.79587e-02
2.04000e+00	7.27101e-02	5.77687e-02
2.05000e+00	7.36853e-02	5.75781e-02
2.06000e+00	7.46678e-02	5.73872e-02
2.07000e+00	7.56576e-02	5.71959e-02
2.08000e+00	7.66546e-02	5.70043e-02
2.09000e+00	7.76588e-02	5.68122e-02
2.10000e+00	7.86702e-02	5.66197e-02
2.11000e+00	7.96889e-02	5.64269e-02
2.12000e+00	8.07148e-02	5.62337e-02
2.13000e+00	8.17479e-02	5.60402e-02
2.14000e+00	8.27882e-02	5.58463e-02
2.15000e+00	8.38357e-02	5.56521e-02
2.16000e+00	8.48904e-02	5.54576e-02
2.17000e+00	8.59523e-02	5.52627e-02
2.18000e+00	8.70213e-02	5.50675e-02
2.19000e+00	8.80975e-02	5.48720e-02
2.20000e+00	8.91808e-02	5.46762e-02
2.21000e+00	9.02712e-02	5.44800e-02
2.22000e+00	9.13688e-02	5.42836e-02
2.23000e+00	9.24734e-02	5.40869e-02
2.24000e+00	9.35852e-02	5.38900e-02
2.25000e+00	9.47040e-02	5.36927e-02
2.26000e+00	9.58299e-02	5.34952e-02
2.27000e+00	9.69628e-02	5.32974e-02
2.28000e+00	9.81028e-02	5.30994e-02
2.29000e+00	9.92498e-02	5.29012e-02
2.30000e+00	1.00404e-01	5.27027e-02
2.31000e+00	1.01565e-01	5.25039e-02
2.32000e+00	1.02733e-01	5.23050e-02
2.33000e+00	1.03908e-01	5.21058e-02
2.34000e+00	1.05090e-01	5.19065e-02
2.35000e+00	1.06278e-01	5.17069e-02
2.36000e+00	1.07474e-01	5.15071e-02
2.37000e+00	1.08677e-01	5.13072e-02
2.38000e+00	1.09886e-01	5.11070e-02
2.39000e+00	1.11102e-01	5.09067e-02
2.40000e+00	1.12325e-01	5.07062e-02
2.41000e+00	1.13555e-01	5.05056e-02
2.42000e+00	1.14792e-01	5.03048e-02
2.43000e+00	1.16036e-01	5.01039e-02
2.44000e+00	1.17286e-01	4.99028e-02
2.45000e+00	1.18543e-01	4.97016e-02
2.46000e+00	1.19806e-01	4.95003e-02
2.47000e+00	1.21077e-01	4.92988e-02
2.48000e+00	1.22354e-01	4.90973e-02
2.49000e+00	1.23637e-01	4.88956e-02
2.50000e+00	1.24927e-01	4.86938e-02
2.51000e+00	1.26224e-01	4.84920e-02
2.52000e+00	1.27527e-01	4.82900e-02
2.53000e+00	1.28837e-01	4.80880e-02
2.54000e+00	1.30154e-01	4.78859e-02
2.55000e+00	1.31476e-01	4.76838e-02
2.56000e+00	1.32806e-01	4.74816e-02
2.57000e+00	1.34141e-01	4.72793e-02
2.58000e+00	1.35483e-01	4.70770e-02
2.59000e+00	1.36832e-01	4.68747e-02
2.60000e+00	1.38187e-01	4.66724e-02
2.61000e+00	1.39548e-01	4.64700e-02
2.62000e+00	1.40915e-01	4.62676e-02
2.63000e+00	1.42289e-01	4.60652e-02
2.64000e+00	1.43669e-01	4.58628e-02
2.65000e+00	1.45055e-01	4.56604e-02
2.66000e+00	1.46447e-01	4.54580e-02
2.67000e+00	1.47846e-01	4.52556e-02
2.68000e+00	1.49250e-01	4.50532e-02
2.69000e+00	1.50661e-01	4.48509e-02
2.70000e+00	1.52077e-01	4.46487e-02
2.71000e+00	1.53500e-01	4.44464e-02
2.72000e+00	1.54929e-01	4.42442e-02
2.73000e+00	1.56363e-01	4.40421e-02
2.74000e+00	1.57804e-01	4.38401e-02
2.75000e+00	1.59250e-01	4.36381e-02
2.76000e+00	1.60702e-01	4.34362e-02
2.77000e+00	1.62160e-01	4.32343e-02
2.78000e+00	1.63624e-01	4.30326e-02
2.79000e+00	1.65094e-01	4.28310e-02
2.80000e+00	1.66569e-01	4.26294e-02
2.81000e+00	1.68050e-01	4.24280e-02
2.82000e+00	1.69536e-01	4.22267e-02
2.83000e+00	1.71028e-01	4.20255e-02
2.84000e+00	1.72526e-01	4.18245e-02
2.85000e+00	1.74030e-01	4.16236e-02
2.86000e+00	1.75538e-01	4.14228e-02
2.87000e+00	1.77052e-01	4.12222e-02
2.88000e+00	1.78572e-01	4.10217e-02
2.89000e+00	1.80097e-01	4.08214e-02
2.90000e+00	1.81628e-01	4.06212e-02
2.91000e+00	1.83163e-01	4.04213e-02
2.92000e+00	1.84704e-01	4.02215e-02
2.93000e+00	1.86250e-01	4.00219e-02
2.94000e+00	1.87802e-01	3.98225e-02
2.95000e+00	1.89358e-01	3.96232e-02
2.96000e+00	1.90920e-01	3.94242e-02
2.97000e+00	1.92486e-01	3.92254e-02
2.98000e+00	1.94058e-01	3.90269e-02
2.99000e+00	1.95635e-01	3.88285e-02
3.00000e+00	1.97217e-01	3.86304e-02
3.01000e+00	1.98803e-01	3.84325e-02
3.02000e+00	2.00395e-01	3.82348e-02
3.03000e+00	2.01991e-01	3.80374e-02
3.04000e+00	2.03592e-01	3.78402e-02
3.05000e+00	2.05198e-01	3.76433e-02
3.06000e+00	2.06808e-01	3.74467e-02
3.07000e+00	2.08423e-01	3.72503e-02
3.08000e+00	2.10043e-01	3.70543e-02
3.09000e+00	2.11667e-01	3.68584e-02
3.10000e+00	2.13296e-01	3.66629e-02
3.11000e+00	2.14930e-01	3.64677e-02
3.12000e+00	2.16567e-01	3.62728e-02
3.13000e+00	2.18210e-01	3.60781e-02
3.14000e+00	2.19856e-01	3.58838e-02
3.15000e+00	2.21507e-01	3.56898e-02
3.16000e+00	2.23162e-01	3.54961e-02
3.17000e+00	2.24821e-01	3.53027e-02
3.18000e+00	2.26485e-01	3.51097e-02
3.19000e+00	2.28152e-01	3.49170e-02
3.20000e+00	2.29824e-01	3.47247e-02
3.21000e+00	2.31500e-01	3.45327e-02
3.22000e+00	2.33180e-01	3.43410e-02
3.23000e+00	2.34863e-01	3.41497e-02
3.24000e+00	2.36551e-01	3.39588e-02
3.25000e+00	2.38242e-01	3.37682e-02
3.26000e+00	2.39938e-01	3.35780e-02
3.27000e+00	2.41637e-01	3.33882e-02
3.28000e+00	2.43340e-01	3.31988e-02
3.29000e+00	2.45046e-01	3.30097e-02
3.30000e+00	2.46756e-01	3.28211e-02
3.31000e+00	2.48470e-01	3.26328e-02
3.32000e+00	2.50187e-01	3.24450e-02
3.33000e+00	2.51907e-01	3.22575e-02
3.34000e+00	2.53632e-01	3.20705e-02
3.35000e+00	2.55359e-01	3.18839e-02
3.36000e+00	2.57090e-01	3.16977e-02
3.37000e+00	2.58824e-01	3.15119e-02
3.38000e+00	2.60561e-01	3.13266e-02
3.39000e+00	2.62302e-01	3.11417e-02
3.40000e+00	2.64046e-01	3.09572e-02
3.41000e+00	2.65792e-01	3.07732e-02
3.42000e+00	2.67542e-01	3.05896e-02
3.43000e+00	2.69295e-01	3.04065e-02
3.44000e+00	2.71051e-01	3.02239e-02
3.45000e+00	2.72810e-01	3.00417e-02
3.46000e+00	2.74571e-01	2.98599e-02
3.47000e+00	2.76335e-01	2.96787e-02
3.48000e+00	2.78103e-01	2.94979e-02
3.49000e+00	2.79872e-01	2.93176e-02
3.50000e+00	2.81645e-01	2.91378e-02
3.51000e+00	2.83420e-01	2.89585e-02
3.52000e+00	2.85198e-01	2.87796e-02
3.53000e+00	2.86978e-01	2.86013e-02
3.54000e+00	2.88761e-01	2.84235e-02
3.55000e+00	2.90546e-01	2.82461e-02
3.56000e+00	2.92333e-01	2.80693e-02
3.57000e+00	2.94123e-01	2.78930e-02
3.58000e+00	2.95915e-01	2.77172e-02
3.59000e+00	2.97709e-01	2.75419e-02
3.60000e+00	2.99505e-01	2.73671e-02
3.61000e+00	3.01304e-01	2.71929e-02
3.62000e+00	3.03105e-01	2.70192e-02
3.63000e+00	3.04907e-01	2.68460e-02
3.64000e+00	3.06712e-01	2.66734e-02
3.65000e+00	3.08518e-01	2.65013e-02
3.66000e+00	3.10327e-01	2.63297e-02
3.67000e+00	3.12137e-01	2.61587e-02
3.68000e+00	3.13949e-01	2.59883e-02
3.69000e+00	3.15762e-01	2.58184e-02
3.70000e+00	3.17578e-01	2.56491e-02
3.71000e+00	3.19395e-01	2.54803e-02
3.72000e+00	3.21213e-01	2.53121e-02
3.73000e+00	3.23033e-01	2.51444e-02
3.74000e+00	3.24855e-01	2.49773e-02
3.75000e+00	3.26678e-01	2.48108e-02
3.76000e+00	3.28502e-01	2.46449e-02
3.77000e+00	3.30327e-01	2.44795e-02
3.78000e+00	3.32154e-01	2.43147e-02
3.79000e+00	3.33982e-01	2.41506e-02
3.80000e+00	3.35812e-01	2.39870e-02
3.81000e+00	3.37642e-01	2.38239e-02
3.82000e+00	3.39474e-01	2.36615e-02
3.83000e+00	3.41306e-01	2.34997e-02
3.84000e+00	3.43140e-01	2.33385e-02
3.85000e+00	3.44974e-01	2.31778e-02
3.86000e+00	3.46809e-01	2.30178e-02
3.87000e+00	3.48645e-01	2.28584e-02
3.88000e+00	3.50482e-01	2.26996e-02
3.89000e+00	3.52320e-01	2.25414e-02
3.90000e+00	3.54158e-01	2.23838e-02
3.91000e+00	3.55997e-01	2.22268e-02
3.92000e+00	3.57836e-01	2.20704e-02
3.93000e+00	3.59676e-01	2.19147e-02
3.94000e+00	3.61517e-01	2.17595e-02
3.95000e+00	3.63358e-01	2.16050e-02
3.96000e+00	3.65199e-01	2.14512e-02
3.97000e+00	3.67041e-01	2.12979e-02
3.98000e+00	3.68882e-01	2.11453e-02
3.99000e+00	3.70725e-01	2.09933e-02
4.00000e+00	3.72567e-01	2.08419e-02
4.01000e+00	3.74409e-01	2.06912e-02
4.02000e+00	3.76252e-01	2.05411e-02
4.03000e+00	3.78094e-01	2.03916e-02
4.04000e+00	3.79937e-01	2.02428e-02
4.05000e+00	3.81780e-01	2.00947e-02
4.06000e+00	3.83622e-01	1.99471e-02
4.07000e+00	3.85464e-01	1.98002e-02
4.08000e+00	3.87306e-01	1.96540e-02
4.09000e+00	3.89148e-01	1.95084e-02
4.10000e+00	3.90990e-01	1.93634e-02
4.11000e+00	3.92831e-01	1.92191e-02
4.12000e+00	3.94672e-01	1.90755e-02
4.13000e+00	3.96512e-01	1.89325e-02
4.14000e+00	3.98352e-01	1.87901e-02
4.15000e+00	4.00192e-01	1.86484e-02
4.16000e+00	4.02030e-01	1.85074e-02
4.17000e+00	4.03869e-01	1.83670e-02
4.18000e+00	4.05706e-01	1.82273e-02
4.19000e+00	4.07543e-01	1.80882e-02
4.20000e+00	4.09379e-01	1.79498e-02
4.21000e+00	4.11214e-01	1.78120e-02
4.22000e+00	4.13049e-01	1.76749e-02
4.23000e+00	4.14882e-01	1.75385e-02
4.24000e+00	4.16715e-01	1.74027e-02
4.25000e+00	4.18547e-01	1.72676e-02
4.26000e+00	4.20377e-01	1.71332e-02
4.27000e+00	4.22207e-01	1.69994e-02
4.28000e+00	4.24035e-01	1.68663e-02
4.29000e+00	4.25862e-01	1.67338e-02
4.30000e+00	4.27688e-01	1.66020e-02
4.31000e+00	4.29513e-01	1.64709e-02
4.32000e+00	4.31337e-01	1.63405e-02
4.33000e+00	4.33159e-01	1.62107e-02
4.34000e+00	4.34980e-01	1.60815e-02
4.35000e+00	4.36799e-01	1.59531e-02
4.36000e+00	4.38617e-01	1.58253e-02
4.37000e+00	4.40433e-01	1.56982e-02
4.38000e+00	4.42248e-01	1.55717e-02
4.39000e+00	4.44061e-01	1.54459e-02
4.40000e+00	4.45873e-01	1.53208e-02
4.41000e+00	4.47683e-01	1.51963e-02
4.42000e+00	4.49491e-01	1.50725e-02
4.43000e+00	4.51297e-01	1.49494e-02
4.44000e+00	4.53102e-01	1.48270e-02
4.45000e+00	4.54905e-01	1.47052e-02
4.46000e+00	4.56706e-01	1.45841e-02
4.47000e+00	4.58505e-01	1.44636e-02
4.48000e+00	4.60302e-01	1.43438e-02
4.49000e+00	4.62097e-01	1.42247e-02
4.50000e+00	4.63890e-01	1.41062e-02
4.51000e+00	4.65680e-01	1.39884e-02
4.52000e+00	4.67469e-01	1.38713e-02
4.53000e+00	4.69256e-01	1.37548e-02
4.54000e+00	4.71040e-01	1.36390e-02
4.55000e+00	4.72822e-01	1.35239e-02
4.56000e+00	4.74602e-01	1.34094e-02
4.57000e+00	4.76379e-01	1.32956e-02
4.58000e+00	4.78154e-01	1.31824e-02
4.59000e+00	4.79927e-01	1.30699e-02
4.60000e+00	4.81697e-01	1.29581e-02
4.61000e+00	4.83465e-01	1.28469e-02
4.62000e+00	4.85230e-01	1.27364e-02
4.63000e+00	4.86993e-01	1.26266e-02
4.64000e+00	4.88753e-01	1.25173e-02
4.65000e+00	4.90511e-01	1.24088e-02
4.66000e+00	4.92266e-01	1.23009e-02
4.67000e+00	4.94018e-01	1.21937e-02
4.68000e+00	4.95767e-01	1.20871e-02
4.69000e+00	4.97514e-01	1.19811e-02
4.70000e+00	4.99257e-01	1.18758e-02
4.71000e+00	5.00998e-01	1.17712e-02
4.72000e+00	5.02737e-01	1.16672e-02
4.73000e+00	5.04472e-01	1.15639e-02
4.74000e+00	5.06204e-01	1.14612e-02
4.75000e+00	5.07933e-01	1.13591e-02
4.76000e+00	5.09659e-01	1.12577e-02
4.77000e+00	5.11383e-01	1.11570e-02
4.78000e+00	5.13103e-01	1.10568e-02
4.79000e+00	5.14820e-01	1.09573e-02
4.80000e+00	5.16533e-01	1.08585e-02
4.81000e+00	5.18244e-01	1.07603e-02
4.82000e+00	5.19951e-01	1.06627e-02
4.83000e+00	5.21656e-01	1.05658e-02
4.84000e+00	5.23357e-01	1.04695e-02
4.85000e+00	5.25054e-01	1.03738e-02
4.86000e+00	5.26748e-01	1.02787e-02
4.87000e+00	5.28439e-01	1.01843e-02
4.88000e+00	5.30127e-01	1.00905e-02
4.89000e+00	5.31811e-01	9.99733e-03
4.90000e+00	5.33491e-01	9.90478e-03
4.91000e+00	5.35168e-01	9.81285e-03
4.92000e+00	5.36842e-01	9.72154e-03
4.93000e+00	5.38512e-01	9.63085e-03
4.94000e+00	5.40178e-01	9.54078e-03
4.95000e+00	5.41841e-01	9.45132e-03
4.96000e+00	5.43500e-01	9.36247e-03
4.97000e+00	5.45155e-01	9.27423e-03
4.98000e+00	5.46807e-01	9.18660e-03
4.99000e+00	5.48455e-01	9.09958e-03
5.00000e+00	5.50099e-01	9.01317e-03
5.01000e+00	5.51739e-01	8.92736e-03
5.02000e+00	5.53376e-01	8.84214e-03
5.03000e+00	5.55009e-01	8.75753e-03
5.04000e+00	5.56637e-01	8.67352e-03
5.05000e+00	5.58262e-01	8.59010e-03
5.06000e+00	5.59883e-01	8.50727e-03
5.07000e+00	5.61500e-01	8.42504e-03
5.08000e+00	5.63114e-01	8.34340e-03
5.09000e+00	5.64723e-01	8.26234e-03
5.10000e+00	5.66328e-01	8.18187e-03
5.11000e+00	5.67929e-01	8.10198e-03
5.12000e+00	5.69526e-01	8.02268e-03
5.13000e+00	5.71119e-01	7.94395e-03
5.14000e+00	5.72707e-01	7.86580e-03
5.15000e+00	5.74292e-01	7.78822e-03
5.16000e+00	5.75872e-01	7.71122e-03
5.17000e+00	5.77448e-01	7.63479e-03
5.18000e+00	5.79020e-01	7.55892e-03
5.19000e+00	5.80588e-01	7.48362e-03
5.20000e+00	5.82151e-01	7.40889e-03
5.21000e+00	5.83711e-01	7.33472e-03
5.22000e+00	5.85265e-01	7.26110e-03
5.23000e+00	5.86816e-01	7.18805e-03
5.24000e+00	5.88362e-01	7.11555e-03
5.25000e+00	5.89904e-01	7.04360e-03
5.26000e+00	5.91441e-01	6.97220e-03
5.27000e+00	5.92974e-01	6.90135e-03
5.28000e+00	5.94502e-01	6.83104e-03
5.29000e+00	5.96026e-01	6.76128e-03
5.30000e+00	5.97546e-01	6.69206e-03
5.31000e+00	5.99061e-01	6.62337e-03
5.32000e+00	6.00571e-01	6.55523e-03
5.33000e+00	6.02077e-01	6.48761e-03
5.34000e+00	6.03579e-01	6.42053e-03
5.35000e+00	6.05076e-01	6.35398e-03
5.36000e+00	6.06568e-01	6.28795e-03
5.37000e+00	6.08055e-01	6.22245e-03
5.38000e+00	6.09538e-01	6.15746e-03
5.39000e+00	6.11017e-01	6.09300e-03
5.40000e+00	6.12490e-01	6.02905e-03
5.41000e+00	6.13959e-01	5.96562e-03
5.42000e+00	6.15423e-01	5.90270e-03
5.43000e+00	6.16883e-01	5.84029e-03
5.44000e+00	6.18338e-01	5.77839e-03
5.45000e+00	6.19788e-01	5.71699e-03
5.46000e+00	6.21233e-01	5.65609e-03
5.47000e+00	6.22673e-01	5.59569e-03
5.48000e+00	6.24109e-01	5.53579e-03
5.49000e+00	6.25540e-01	5.47638e-03
5.50000e+00	6.26966e-01	5.41746e-03
5.51000e+00	6.28387e-01	5.35904e-03
5.52000e+00	6.29803e-01	5.30110e-03
5.53000e+00	6.31214e-01	5.24364e-03
5.54000e+00	6.32621e-01	5.18667e-03
5.55000e+00	6.34022e-01	5.13017e-03
5.56000e+00	6.35419e-01	5.07415e-03
5.57000e+00	6.36811e-01	5.01860e-03
5.58000e+00	6.38198e-01	4.96353e-03
5.59000e+00	6.39579e-01	4.90892e-03
5.60000e+00	6.40956e-01	4.85479e-03
5.61000e+00	6.42328e-01	4.80111e-03
5.62000e+00	6.43695e-01	4.74790e-03
5.63000e+00	6.45057e-01	4.69514e-03
5.64000e+00	6.46413e-01	4.64284e-03
5.65000e+00	6.47765e-01	4.59099e-03
5.66000e+00	6.49112e-01	4.53960e-03
5.67000e+00	6.50453e-01	4.48865e-03
5.68000e+00	6.51790e-01	4.43815e-03
5.69000e+00	6.53122e-01	4.38809e-03
5.70000e+00	6.54448e-01	4.33847e-03
5.71000e+00	6.55769e-01	4.28929e-03
5.72000e+00	6.57085e-01	4.24055e-03
5.73000e+00	6.58396e-01	4.19223e-03
5.74000e+00	6.59702e-01	4.14435e-03
5.75000e+00	6.61003e-01	4.09690e-03
5.76000e+00	6.62299e-01	4.04987e-03
5.77000e+00	6.63589e-01	4.00326e-03
5.78000e+00	6.64875e-01	3.95708e-03
5.79000e+00	6.66155e-01	3.91131e-03
5.80000e+00	6.67430e-01	3.86595e-03
5.81000e+00	6.68699e-01	3.82101e-03
5.82000e+00	6.69964e-01	3.77648e-03
5.83000e+00	6.71223e-01	3.73235e-03
5.84000e+00	6.72477e-01	3.68863e-03
5.85000e+00	6.73726e-01	3.64531e-03
5.86000e+00	6.74970e-01	3.60239e-03
5.87000e+00	6.76208e-01	3.55987e-03
5.88000e+00	6.77442e-01	3.51774e-03
5.89000e+00	6.78670e-01	3.47601e-03
5.90000e+00	6.79892e-01	3.43466e-03
5.91000e+00	6.81110e-01	3.39370e-03
5.92000e+00	6.82322e-01	3.35312e-03
5.93000e+00	6.83529e-01	3.31293e-03
5.94000e+00	6.84730e-01	3.27311e-03
5.95000e+00	6.85927e-01	3.23367e-03
5.96000e+00	6.87118e-01	3.19461e-03
5.97000e+00	6.88303e-01	3.15592e-03
5.98000e+00	6.89484e-01	3.11759e-03
5.99000e+00	6.90659e-01	3.07964e-03
6.00000e+00	6.91829e-01	3.04205e-03
6.01000e+00	6.92993e-01	3.00482e-03
6.02000e+00	6.94153e-01	2.96794e-03
6.03000e+00	6.95306e-01	2.93143e-03
6.04000e+00	6.96455e-01	2.89527e-03
6.05000e+00	6.97598e-01	2.85946e-03
6.06000e+00	6.98736e-01	2.82400e-03
6.07000e+00	6.99869e-01	2.78889e-03
6.08000e+00	7.00996e-01	2.75412e-03
6.09000e+00	7.02118e-01	2.71970e-03
6.10000e+00	7.03235e-01	2.68561e-03
6.11000e+00	7.04346e-01	2.65186e-03
6.12000e+00	7.05452e-01	2.61845e-03
6.13000e+00	7.06552e-01	2.58537e-03
6.14000e+00	7.07647e-01	2.55262e-03
6.15000e+00	7.08737e-01	2.52019e-03
6.16000e+00	7.09822e-01	2.48810e-03
6.17000e+00	7.10901e-01	2.45632e-03
6.18000e+00	7.11975e-01	2.42487e-03
6.19000e+00	7.13043e-01	2.39373e-03
6.20000e+00	7.14106e-01	2.36291e-03
6.21000e+00	7.15164e-01	2.33240e-03
6.22000e+00	7.16217e-01	2.30221e-03
6.23000e+00	7.17264e-01	2.27232e-03
6.24000e+00	7.18305e-01	2.24274e-03
6.25000e+00	7.19342e-01	2.21346e-03
6.26000e+00	7.20373e-01	2.18449e-03
6.27000e+00	7.21399e-01	2.15582e-03
6.28000e+00	7.22419e-01	2.12744e-03
6.29000e+00	7.23434e-01	2.09936e-03
6.30000e+00	7.24444e-01	2.07157e-03
6.31000e+00	7.25448e-01	2.04407e-03
6.32000e+00	7.26447e-01	2.01686e-03
6.33000e+00	7.27440e-01	1.98993e-03
6.34000e+00	7.28429e-01	1.96329e-03
6.35000e+00	7.29412e-01	1.93694e-03
6.36000e+00	7.30389e-01	1.91086e-03
6.37000e+00	7.31362e-01	1.88505e-03
6.38000e+00	7.32329e-01	1.85953e-03
6.39000e+00	7.33290e-01	1.83427e-03
6.40000e+00	7.34246e-01	1.80929e-03
6.41000e+00	7.35197e-01	1.78458e-03
6.42000e+00	7.36143e-01	1.76013e-03
6.43000e+00	7.37084e-01	1.73594e-03
6.44000e+00	7.38019e-01	1.71202e-03
6.45000e+00	7.38948e-01	1.68836e-03
6.46000e+00	7.39873e-01	1.66496e-03
6.47000e+00	7.40792e-01	1.64181e-03
6.48000e+00	7.41706e-01	1.61892e-03
6.49000e+00	7.42614e-01	1.59627e-03
6.50000e+00	7.43518e-01	1.57388e-03
6.51000e+00	7.44416e-01	1.55174e-03
6.52000e+00	7.45308e-01	1.52984e-03
6.53000e+00	7.46196e-01	1.50818e-03
6.54000e+00	7.47078e-01	1.48676e-03
6.55000e+00	7.47955e-01	1.46559e-03
6.56000e+00	7.48826e-01	1.44465e-03
6.57000e+00	7.49693e-01	1.42395e-03
6.58000e+00	7.50554e-01	1.40348e-03
6.59000e+00	7.51410e-01	1.38324e-03
6.60000e+00	7.52260e-01	1.36323e-03
6.61000e+00	7.53106e-01	1.34345e-03
6.62000e+00	7.53946e-01	1.32390e-03
6.63000e+00	7.54781e-01	1.30456e-03
6.64000e+00	7.55611e-01	1.28545e-03
6.65000e+00	7.56435e-01	1.26656e-03
6.66000e+00	7.57255e-01	1.24789e-03
6.67000e+00	7.58069e-01	1.22944e-03
6.68000e+00	7.58878e-01	1.21119e-03
6.69000e+00	7.59682e-01	1.19316e-03
6.70000e+00	7.60480e-01	1.17535e-03
6.71000e+00	7.61274e-01	1.15773e-03
6.72000e+00	7.62062e-01	1.14033e-03
6.73000e+00	7.62845e-01	1.12313e-03
6.74000e+00	7.63623e-01	1.10614e-03
6.75000e+00	7.64396e-01	1.08934e-03
6.76000e+00	7.65164e-01	1.07275e-03
6.77000e+00	7.65927e-01	1.05635e-03
6.78000e+00	7.66684e-01	1.04015e-03
6.79000e+00	7.67437e-01	1.02414e-03
6.80000e+00	7.68184e-01	1.00832e-03
6.81000e+00	7.68926e-01	9.92700e-04
6.82000e+00	7.69663e-01	9.77265e-04
6.83000e+00	7.70395e-01	9.62016e-04
6.84000e+00	7.71123e-01	9.46954e-04
6.85000e+00	7.71844e-01	9.32075e-04
6.86000e+00	7.72561e-01	9.17378e-04
6.87000e+00	7.73273e-01	9.02862e-04
6.88000e+00	7.73980e-01	8.88525e-04
6.89000e+00	7.74682e-01	8.74365e-04
6.90000e+00	7.75379e-01	8.60380e-04
6.91000e+00	7.76071e-01	8.46569e-04
6.92000e+00	7.76758e-01	8.32930e-04
6.93000e+00	7.77439e-01	8.19462e-04
6.94000e+00	7.78116e-01	8.06163e-04
6.95000e+00	7.78788e-01	7.93031e-04
6.96000e+00	7.79455e-01	7.80066e-04
6.97000e+00	7.80117e-01	7.67264e-04
6.98000e+00	7.80774e-01	7.54625e-04
6.99000e+00	7.81427e-01	7.42148e-04
7.00000e+00	7.82074e-01	7.29830e-04
7.01000e+00	7.82716e-01	7.17670e-04
7.02000e+00	7.83354e-01	7.05667e-04
7.03000e+00	7.83986e-01	6.93818e-04
7.04000e+00	7.84614e-01	6.82124e-04
7.05000e+00	7.85237e-01	6.70581e-04
7.06000e+00	7.85855e-01	6.59189e-04
7.07000e+00	7.86468e-01	6.47946e-04
7.08000e+00	7.87076e-01	6.36851e-04
7.09000e+00	7.87680e-01	6.25902e-04
7.10000e+00	7.88279e-01	6.15098e-04
7.11000e+00	7.88873e-01	6.04437e-04
7.12000e+00	7.89462e-01	5.93918e-04
7.13000e+00	7.90046e-01	5.83540e-04
7.14000e+00	7.90626e-01	5.73301e-04
7.15000e+00	7.91201e-01	5.63199e-04
7.16000e+00	7.91771e-01	5.53234e-04
7.17000e+00	7.92337e-01	5.43404e-04
7.18000e+00	7.92897e-01	5.33708e-04
7.19000e+00	7.93453e-01	5.24144e-04
7.20000e+00	7.94005e-01	5.14711e-04
7.21000e+00	7.94551e-01	5.05407e-04
7.22000e+00	7.95093e-01	4.96232e-04
7.23000e+00	7.95631e-01	4.87184e-04
7.24000e+00	7.96163e-01	4.78262e-04
7.25000e+00	7.96692e-01	4.69464e-04
7.26000e+00	7.97215e-01	4.60790e-04
7.27000e+00	7.97734e-01	4.52237e-04
7.28000e+00	7.98248e-01	4.43805e-04
7.29000e+00	7.98758e-01	4.35492e-04
7.30000e+00	7.99263e-01	4.27297e-04
7.31000e+00	7.99764e-01	4.19220e-04
7.32000e+00	8.00260e-01	4.11258e-04
7.33000e+00	8.00752e-01	4.03410e-04
7.34000e+00	8.01239e-01	3.95676e-04
7.35000e+00	8.01721e-01	3.88054e-04
7.36000e+00	8.02199e-01	3.80542e-04
7.37000e+00	8.02673e-01	3.73141e-04
7.38000e+00	8.03142e-01	3.65848e-04
7.39000e+00	8.03607e-01	3.58662e-04
7.40000e+00	8.04067e-01	3.51583e-04
7.41000e+00	8.04523e-01	3.44609e-04
7.42000e+00	8.04974e-01	3.37739e-04
7.43000e+00	8.05422e-01	3.30971e-04
7.44000e+00	8.05864e-01	3.24306e-04
7.45000e+00	8.06303e-01	3.17741e-04
7.46000e+00	8.06737e-01	3.11275e-04
7.47000e+00	8.07166e-01	3.04908e-04
7.48000e+00	8.07592e-01	2.98639e-04
7.49000e+00	8.08013e-01	2.92466e-04
7.50000e+00	8.08430e-01	2.86388e-04
7.51000e+00	8.08842e-01	2.80404e-04
7.52000e+00	8.09250e-01	2.74513e-04
7.53000e+00	8.09654e-01	2.68715e-04
7.54000e+00	8.10054e-01	2.63007e-04
7.55000e+00	8.10450e-01	2.57390e-04
7.56000e+00	8.10841e-01	2.51862e-04
7.57000e+00	8.11229e-01	2.46422e-04
7.58000e+00	8.11612e-01	2.41069e-04
7.59000e+00	8.11990e-01	2.35802e-04
7.60000e+00	8.12365e-01	2.30620e-04
7.61000e+00	8.12736e-01	2.25522e-04
7.62000e+00	8.13102e-01	2.20508e-04
7.63000e+00	8.13465e-01	2.15575e-04
7.64000e+00	8.13823e-01	2.10724e-04
7.65000e+00	8.14178e-01	2.05954e-04
7.66000e+00	8.14528e-01	2.01262e-04
7.67000e+00	8.14874e-01	1.96650e-04
7.68000e+00	8.15216e-01	1.92115e-04
7.69000e+00	8.15555e-01	1.87656e-04
7.70000e+00	8.15889e-01	1.83273e-04
7.71000e+00	8.16219e-01	1.78966e-04
7.72000e+00	8.16545e-01	1.74732e-04
7.73000e+00	8.16868e-01	1.70571e-04
7.74000e+00	8.17186e-01	1.66483e-04
7.75000e+00	8.17501e-01	1.62466e-04
7.76000e+00	8.17812e-01	1.58519e-04
7.77000e+00	8.18119e-01	1.54643e-04
7.78000e+00	8.18422e-01	1.50835e-04
7.79000e+00	8.18721e-01	1.47095e-04
7.80000e+00	8.19016e-01	1.43422e-04
7.81000e+00	8.19308e-01	1.39816e-04
7.82000e+00	8.19595e-01	1.36275e-04
7.83000e+00	8.19879e-01	1.32799e-04
7.84000e+00	8.20160e-01	1.29387e-04
7.85000e+00	8.20436e-01	1.26038e-04
7.86000e+00	8.20709e-01	1.22752e-04
7.87000e+00	8.20978e-01	1.19527e-04
7.88000e+00	8.21244e-01	1.16363e-04
7.89000e+00	8.21505e-01	1.13260e-04
7.90000e+00	8.21764e-01	1.10215e-04
7.91000e+00	8.22018e-01	1.07229e-04
7.92000e+00	8.22269e-01	1.04301e-04
7.93000e+00	8.22516e-01	1.01430e-04
7.94000e+00	8.22760e-01	9.86155e-05
7.95000e+00	8.23000e-01	9.58566e-05
7.96000e+00	8.23237e-01	9.31525e-05
7.97000e+00	8.23470e-01	9.05027e-05
7.98000e+00	8.23700e-01	8.79064e-05
7.99000e+00	8.23926e-01	8.53629e-05
8.00000e+00	8.24149e-01	8.28715e-05
8.01000e+00	8.24368e-01	8.04316e-05
8.02000e+00	8.24584e-01	7.80424e-05
8.03000e+00	8.24796e-01	7.57033e-05
8.04000e+00	8.25005e-01	7.34136e-05
8.05000e+00	8.25211e-01	7.11726e-05
8.06000e+00	8.25413e-01	6.89797e-05
8.07000e+00	8.25612e-01	6.68342e-05
8.08000e+00	8.25808e-01	6.47356e-05
8.09000e+00	8.26000e-01	6.26831e-05
8.10000e+00	8.26189e-01	6.06760e-05
8.11000e+00	8.26375e-01	5.87139e-05
8.12000e+00	8.26557e-01	5.67961e-05
8.13000e+00	8.26737e-01	5.49218e-05
8.14000e+00	8.26913e-01	5.30906e-05
8.15000e+00	8.27086e-01	5.13019e-05
8.16000e+00	8.27256e-01	4.95549e-05
8.17000e+00	8.27423e-01	4.78492e-05
8.18000e+00	8.27586e-01	4.61841e-05
8.19000e+00	8.27747e-01	4.45591e-05
8.20000e+00	8.27904e-01	4.29735e-05
8.21000e+00	8.28058e-01	4.14268e-05
8.22000e+00	8.28210e-01	3.99185e-05
8.23000e+00	8.28358e-01	3.84478e-05
8.24000e+00	8.28503e-01	3.70144e-05
8.25000e+00	8.28646e-01	3.56176e-05
8.26000e+00	8.28785e-01	3.42569e-05
8.27000e+00	8.28922e-01	3.29318e-05
8.28000e+00	8.29055e-01	3.16416e-05
8.29000e+00	8.29186e-01	3.03859e-05
8.30000e+00	8.29314e-01	2.91641e-05
8.31000e+00	8.29439e-01	2.79757e-05
8.32000e+00	8.29561e-01	2.68202e-05
8.33000e+00	8.29680e-01	2.56971e-05
8.34000e+00	8.29797e-01	2.46058e-05
8.35000e+00	8.29910e-01	2.35458e-05
8.36000e+00	8.30021e-01	2.25166e-05
8.37000e+00	8.30130e-01	2.15178e-05
8.38000e+00	8.30235e-01	2.05488e-05
8.39000e+00	8.30338e-01	1.96091e-05
8.40000e+00	8.30439e-01	1.86983e-05
8.41000e+00	8.30537e-01	1.78158e-05
8.42000e+00	8.30632e-01	1.69612e-05
8.43000e+00	8.30724e-01	1.61340e-05
8.44000e+00	8.30814e-01	1.53337e-05
8.45000e+00	8.30902e-01	1.45599e-05
8.46000e+00	8.30987e-01	1.38120e-05
8.47000e+00	8.31069e-01	1.30897e-05
8.48000e+00	8.31149e-01	1.23924e-05
8.49000e+00	8.31227e-01	1.17198e-05
8.50000e+00	8.31302e-01	1.10713e-05
8.51000e+00	8.31375e-01	1.04465e-05
8.52000e+00	8.31446e-01	9.84494e-06
8.53000e+00	8.31514e-01	9.26621e-06
8.54000e+00	8.31580e-01	8.70985e-06
8.55000e+00	8.31643e-01	8.17544e-06
8.56000e+00	8.31705e-01	7.66252e-06
8.57000e+00	8.31764e-01	7.17068e-06
8.58000e+00	8.31821e-01	6.69949e-06
8.59000e+00	8.31876e-01	6.24851e-06
8.60000e+00	8.31928e-01	5.81732e-06
8.61000e+00	8.31979e-01	5.40552e-06
8.62000e+00	8.32027e-01	5.01266e-06
8.63000e+00	8.32074e-01	4.63835e-06
8.64000e+00	8.32118e-01	4.28216e-06
8.65000e+00	8.32161e-01	3.94368e-06
8.66000e+00	8.32201e-01	3.62251e-06
8.67000e+00	8.32240e-01	3.31823e-06
8.68000e+00	8.32276e-01	3.03043e-06
8.69000e+00	8.32311e-01	2.75872e-06
8.70000e+00	8.32344e-01	2.50268e-06
8.71000e+00	8.32375e-01	2.26192e-06
8.72000e+00	8.32404e-01	2.03602e-06
8.73000e+00	8.32432e-01	1.82459e-06
8.74000e+00	8.32458e-01	1.62723e-06
8.75000e+00	8.32482e-01	1.44353e-06
8.76000e+00	8.32505e-01	1.27309e-06
8.77000e+00	8.32526e-01	1.11551e-06
8.78000e+00	8.32545e-01	9.70378e-07
8.79000e+00	8.32563e-01	8.37299e-07
8.80000e+00	8.32579e-01	7.15863e-07
8.81000e+00	8.32594e-01	6.05659e-07
8.82000e+00	8.32608e-01	5.06276e-07
8.83000e+00	8.32620e-01	4.17297e-07
8.84000e+00	8.32631e-01	3.38302e-07
8.85000e+00	8.32641e-01	2.68864e-07
8.86000e+00	8.32649e-01	2.08551e-07
8.87000e+00	8.32656e-01	1.56921e-07
8.88000e+00	8.32662e-01	1.13524e-07
8.89000e+00	8.32667e-01	7.78967e-08
8.90000e+00	8.32671e-01	4.95619e-08
8.91000e+00	8.32675e-01	2.80255e-08
8.92000e+00	8.32677e-01	1.27749e-08
8.93000e+00	8.32678e-01	3.28560e-09
