1.00000e+04	2.47914e-07	1.00000e-03
2.00000e+04	1.98331e-06	9.99963e-04
3.00000e+04	6.69358e-06	9.99864e-04
4.00000e+04	1.58658e-05	9.99697e-04
5.00000e+04	3.09862e-05	9.99459e-04
6.00000e+04	5.35401e-05	9.99150e-04
7.00000e+04	8.50115e-05	9.98768e-04
8.00000e+04	1.26883e-04	9.98314e-04
9.00000e+04	1.80634e-04	9.97787e-04
1.00000e+05	2.47743e-04	9.97187e-04
1.10000e+05	3.29684e-04	9.96513e-04
1.20000e+05	4.27931e-04	9.95767e-04
1.30000e+05	5.43952e-04	9.94947e-04
1.40000e+05	6.79211e-04	9.94054e-04
1.50000e+05	8.35171e-04	9.93088e-04
1.60000e+05	1.01329e-03	9.92049e-04
1.70000e+05	1.21501e-03	9.90937e-04
1.80000e+05	1.44179e-03	9.89752e-04
1.90000e+05	1.69506e-03	9.88494e-04
2.00000e+05	1.97627e-03	9.87164e-04
2.10000e+05	2.28684e-03	9.85762e-04
2.20000e+05	2.62819e-03	9.84288e-04
2.30000e+05	3.00175e-03	9.82742e-04
2.40000e+05	3.40892e-03	9.81124e-04
2.50000e+05	3.85110e-03	9.79434e-04
2.60000e+05	4.32968e-03	9.77673e-04
2.70000e+05	4.84606e-03	9.75841e-04
2.80000e+05	5.40162e-03	9.73938e-04
2.90000e+05	5.99771e-03	9.71965e-04
3.00000e+05	6.63570e-03	9.69922e-04
3.10000e+05	7.31695e-03	9.67808e-04
3.20000e+05	8.04279e-03	9.65625e-04
3.30000e+05	8.81455e-03	9.63372e-04
3.40000e+05	9.63356e-03	9.61050e-04
3.50000e+05	1.05011e-02	9.58660e-04
3.60000e+05	1.14185e-02	9.56201e-04
3.70000e+05	1.23871e-02	9.53674e-04
3.80000e+05	1.34081e-02	9.51080e-04
3.90000e+05	1.44827e-02	9.48418e-04
4.00000e+05	1.56123e-02	9.45689e-04
4.10000e+05	1.67981e-02	9.42893e-04
4.20000e+05	1.80412e-02	9.40032e-04
4.30000e+05	1.93430e-02	9.37104e-04
4.40000e+05	2.07046e-02	9.34112e-04
4.50000e+05	2.21271e-02	9.31054e-04
4.60000e+05	2.36119e-02	9.27932e-04
4.70000e+05	2.51599e-02	9.24746e-04
4.80000e+05	2.67725e-02	9.21497e-04
4.90000e+05	2.84506e-02	9.18184e-04
5.00000e+05	3.01954e-02	9.14809e-04
5.10000e+05	3.20080e-02	9.11372e-04
5.20000e+05	3.38895e-02	9.07873e-04
5.30000e+05	3.58410e-02	9.04313e-04
5.40000e+05	3.78634e-02	9.00692e-04
5.50000e+05	3.99579e-02	8.97012e-04
5.60000e+05	4.21253e-02	8.93272e-04
5.70000e+05	4.43668e-02	8.89473e-04
5.80000e+05	4.66833e-02	8.85616e-04
5.90000e+05	4.90758e-02	8.81701e-04
6.00000e+05	5.15452e-02	8.77729e-04
6.10000e+05	5.40923e-02	8.73700e-04
6.20000e+05	5.67182e-02	8.69616e-04
6.30000e+05	5.94237e-02	8.65476e-04
6.40000e+05	6.22097e-02	8.61281e-04
6.50000e+05	6.50770e-02	8.57032e-04
6.60000e+05	6.80264e-02	8.52729e-04
6.70000e+05	7.10588e-02	8.48374e-04
6.80000e+05	7.41748e-02	8.43967e-04
6.90000e+05	7.73754e-02	8.39508e-04
7.00000e+05	8.06612e-02	8.34998e-04
7.10000e+05	8.40329e-02	8.30438e-04
7.20000e+05	8.74912e-02	8.25828e-04
7.30000e+05	9.10369e-02	8.21170e-04
7.40000e+05	9.46705e-02	8.16464e-04
7.50000e+05	9.83927e-02	8.11710e-04
7.60000e+05	1.02204e-01	8.06910e-04
7.70000e+05	1.06105e-01	8.02064e-04
7.80000e+05	1.10097e-01	7.97173e-04
7.90000e+05	1.14179e-01	7.92238e-04
8.00000e+05	1.18353e-01	7.87259e-04
8.10000e+05	1.22619e-01	7.82237e-04
8.20000e+05	1.26977e-01	7.77173e-04
8.30000e+05	1.31427e-01	7.72068e-04
8.40000e+05	1.35971e-01	7.66922e-04
8.50000e+05	1.40609e-01	7.61737e-04
8.60000e+05	1.45340e-01	7.56513e-04
8.70000e+05	1.50166e-01	7.51251e-04
8.80000e+05	1.55087e-01	7.45951e-04
8.90000e+05	1.60102e-01	7.40616e-04
9.00000e+05	1.65212e-01	7.35244e-04
9.10000e+05	1.70418e-01	7.29839e-04
9.20000e+05	1.75719e-01	7.24399e-04
9.30000e+05	1.81117e-01	7.18926e-04
9.40000e+05	1.86610e-01	7.13422e-04
9.50000e+05	1.92199e-01	7.07886e-04
9.60000e+05	1.97884e-01	7.02319e-04
9.70000e+05	2.03666e-01	6.96724e-04
9.80000e+05	2.09544e-01	6.91100e-04
9.90000e+05	2.15518e-01	6.85448e-04
1.00000e+06	2.21588e-01	6.79769e-04
1.01000e+06	2.27755e-01	6.74065e-04
1.02000e+06	2.34018e-01	6.68335e-04
1.03000e+06	2.40376e-01	6.62582e-04
1.04000e+06	2.46831e-01	6.56806e-04
1.05000e+06	2.53382e-01	6.51007e-04
1.06000e+06	2.60028e-01	6.45188e-04
1.07000e+06	2.66770e-01	6.39348e-04
1.08000e+06	2.73607e-01	6.33489e-04
1.09000e+06	2.80539e-01	6.27611e-04
1.10000e+06	2.87565e-01	6.21716e-04
1.11000e+06	2.94686e-01	6.15805e-04
1.12000e+06	3.01900e-01	6.09878e-04
1.13000e+06	3.09209e-01	6.03937e-04
1.14000e+06	3.16610e-01	5.97982e-04
1.15000e+06	3.24104e-01	5.92015e-04
1.16000e+06	3.31690e-01	5.86036e-04
1.17000e+06	3.39368e-01	5.80046e-04
1.18000e+06	3.47137e-01	5.74047e-04
1.19000e+06	3.54997e-01	5.68039e-04
1.20000e+06	3.62947e-01	5.62024e-04
1.21000e+06	3.70986e-01	5.56002e-04
1.22000e+06	3.79114e-01	5.49974e-04
1.23000e+06	3.87330e-01	5.43942e-04
1.24000e+06	3.95633e-01	5.37906e-04
1.25000e+06	4.04023e-01	5.31867e-04
1.26000e+06	4.12499e-01	5.25827e-04
1.27000e+06	4.21059e-01	5.19786e-04
1.28000e+06	4.29704e-01	5.13745e-04
1.29000e+06	4.38433e-01	5.07706e-04
1.30000e+06	4.47243e-01	5.01669e-04
1.31000e+06	4.56136e-01	4.95635e-04
1.32000e+06	4.65108e-01	4.89605e-04
1.33000e+06	4.74161e-01	4.83581e-04
1.34000e+06	4.83292e-01	4.77563e-04
1.35000e+06	4.92500e-01	4.71552e-04
1.36000e+06	5.01785e-01	4.65549e-04
1.37000e+06	5.11145e-01	4.59556e-04
1.38000e+06	5.20579e-01	4.53572e-04
1.39000e+06	5.30087e-01	4.47600e-04
1.40000e+06	5.39666e-01	4.41640e-04
1.41000e+06	5.49316e-01	4.35694e-04
1.42000e+06	5.59036e-01	4.29761e-04
1.43000e+06	5.68823e-01	4.23843e-04
1.44000e+06	5.78678e-01	4.17942e-04
1.45000e+06	5.88598e-01	4.12057e-04
1.46000e+06	5.98582e-01	4.06190e-04
1.47000e+06	6.08628e-01	4.00342e-04
1.48000e+06	6.18737e-01	3.94514e-04
1.49000e+06	6.28905e-01	3.88707e-04
1.50000e+06	6.39131e-01	3.82921e-04
1.51000e+06	6.49414e-01	3.77158e-04
1.52000e+06	6.59753e-01	3.71418e-04
1.53000e+06	6.70146e-01	3.65703e-04
1.54000e+06	6.80591e-01	3.60013e-04
1.55000e+06	6.91086e-01	3.54349e-04
1.56000e+06	7.01631e-01	3.48713e-04
1.57000e+06	7.12223e-01	3.43104e-04
1.58000e+06	7.22861e-01	3.37524e-04
1.59000e+06	7.33543e-01	3.31973e-04
1.60000e+06	7.44267e-01	3.26454e-04
1.61000e+06	7.55032e-01	3.20965e-04
1.62000e+06	7.65835e-01	3.15509e-04
1.63000e+06	7.76676e-01	3.10085e-04
1.64000e+06	7.87552e-01	3.04696e-04
1.65000e+06	7.98461e-01	2.99341e-04
1.66000e+06	8.09401e-01	2.94021e-04
1.67000e+06	8.20371e-01	2.88738e-04
1.68000e+06	8.31369e-01	2.83491e-04
1.69000e+06	8.42392e-01	2.78282e-04
1.70000e+06	8.53440e-01	2.73112e-04
1.71000e+06	8.64509e-01	2.67980e-04
1.72000e+06	8.75598e-01	2.62889e-04
1.73000e+06	8.86705e-01	2.57837e-04
1.74000e+06	8.97827e-01	2.52827e-04
1.75000e+06	9.08964e-01	2.47859e-04
1.76000e+06	9.20112e-01	2.42934e-04
1.77000e+06	9.31270e-01	2.38051e-04
1.78000e+06	9.42435e-01	2.33213e-04
1.79000e+06	9.53606e-01	2.28418e-04
1.80000e+06	9.64780e-01	2.23669e-04
1.81000e+06	9.75955e-01	2.18965e-04
1.82000e+06	9.87130e-01	2.14308e-04
1.83000e+06	9.98301e-01	2.09697e-04
1.84000e+06	1.00947e+00	2.05133e-04
1.85000e+06	1.02063e+00	2.00617e-04
1.86000e+06	1.03177e+00	1.96150e-04
1.87000e+06	1.04291e+00	1.91731e-04
1.88000e+06	1.05403e+00	1.87361e-04
1.89000e+06	1.06514e+00	1.83040e-04
1.90000e+06	1.07623e+00	1.78770e-04
1.91000e+06	1.08730e+00	1.74550e-04
1.92000e+06	1.09834e+00	1.70381e-04
1.93000e+06	1.10936e+00	1.66264e-04
1.94000e+06	1.12035e+00	1.62198e-04
1.95000e+06	1.13131e+00	1.58183e-04
1.96000e+06	1.14224e+00	1.54221e-04
1.97000e+06	1.15313e+00	1.50312e-04
1.98000e+06	1.16399e+00	1.46456e-04
1.99000e+06	1.17481e+00	1.42652e-04
2.00000e+06	1.18559e+00	1.38902e-04
2.01000e+06	1.19632e+00	1.35205e-04
2.02000e+06	1.20701e+00	1.31563e-04
2.03000e+06	1.21765e+00	1.27974e-04
2.04000e+06	1.22824e+00	1.24439e-04
2.05000e+06	1.23878e+00	1.20959e-04
2.06000e+06	1.24926e+00	1.17533e-04
2.07000e+06	1.25968e+00	1.14162e-04
2.08000e+06	1.27005e+00	1.10845e-04
2.09000e+06	1.28035e+00	1.07583e-04
2.10000e+06	1.29059e+00	1.04376e-04
2.11000e+06	1.30076e+00	1.01224e-04
2.12000e+06	1.31086e+00	9.81260e-05
2.13000e+06	1.32089e+00	9.50833e-05
2.14000e+06	1.33085e+00	9.20955e-05
2.15000e+06	1.34074e+00	8.91623e-05
2.16000e+06	1.35054e+00	8.62840e-05
2.17000e+06	1.36027e+00	8.34602e-05
2.18000e+06	1.36992e+00	8.06910e-05
2.19000e+06	1.37948e+00	7.79762e-05
2.20000e+06	1.38895e+00	7.53158e-05
2.21000e+06	1.39834e+00	7.27095e-05
2.22000e+06	1.40763e+00	7.01572e-05
2.23000e+06	1.41684e+00	6.76587e-05
2.24000e+06	1.42594e+00	6.52138e-05
2.25000e+06	1.43496e+00	6.28223e-05
2.26000e+06	1.44387e+00	6.04839e-05
2.27000e+06	1.45268e+00	5.81984e-05
2.28000e+06	1.46139e+00	5.59656e-05
2.29000e+06	1.46999e+00	5.37851e-05
2.30000e+06	1.47849e+00	5.16566e-05
2.31000e+06	1.48688e+00	4.95798e-05
2.32000e+06	1.49516e+00	4.75543e-05
2.33000e+06	1.50332e+00	4.55799e-05
2.34000e+06	1.51137e+00	4.36562e-05
2.35000e+06	1.51931e+00	4.17827e-05
2.36000e+06	1.52712e+00	3.99590e-05
2.37000e+06	1.53482e+00	3.81848e-05
2.38000e+06	1.54240e+00	3.64597e-05
2.39000e+06	1.54985e+00	3.47831e-05
2.40000e+06	1.55718e+00	3.31547e-05
2.41000e+06	1.56438e+00	3.15739e-05
2.42000e+06	1.57145e+00	3.00403e-05
2.43000e+06	1.57839e+00	2.85534e-05
2.44000e+06	1.58520e+00	2.71127e-05
2.45000e+06	1.59188e+00	2.57177e-05
2.46000e+06	1.59843e+00	2.43678e-05
2.47000e+06	1.60484e+00	2.30625e-05
2.48000e+06	1.61111e+00	2.18012e-05
2.49000e+06	1.61725e+00	2.05834e-05
2.50000e+06	1.62324e+00	1.94085e-05
2.51000e+06	1.62910e+00	1.82759e-05
2.52000e+06	1.63481e+00	1.71851e-05
2.53000e+06	1.64038e+00	1.61354e-05
2.54000e+06	1.64581e+00	1.51262e-05
2.55000e+06	1.65109e+00	1.41568e-05
2.56000e+06	1.65622e+00	1.32268e-05
2.57000e+06	1.66121e+00	1.23354e-05
2.58000e+06	1.66605e+00	1.14820e-05
2.59000e+06	1.67075e+00	1.06659e-05
2.60000e+06	1.67529e+00	9.88645e-06
2.61000e+06	1.67968e+00	9.14303e-06
2.62000e+06	1.68393e+00	8.43494e-06
2.63000e+06	1.68802e+00	7.76151e-06
2.64000e+06	1.69196e+00	7.12205e-06
2.65000e+06	1.69575e+00	6.51587e-06
2.66000e+06	1.69939e+00	5.94226e-06
2.67000e+06	1.70287e+00	5.40053e-06
2.68000e+06	1.70620e+00	4.88997e-06
2.69000e+06	1.70938e+00	4.40985e-06
2.70000e+06	1.71241e+00	3.95948e-06
2.71000e+06	1.71529e+00	3.53810e-06
2.72000e+06	1.71801e+00	3.14500e-06
2.73000e+06	1.72058e+00	2.77944e-06
2.74000e+06	1.72300e+00	2.44067e-06
2.75000e+06	1.72527e+00	2.12795e-06
2.76000e+06	1.72739e+00	1.84051e-06
2.77000e+06	1.72937e+00	1.57758e-06
2.78000e+06	1.73119e+00	1.33841e-06
2.79000e+06	1.73287e+00	1.12219e-06
2.80000e+06	1.73440e+00	9.28126e-07
2.81000e+06	1.73579e+00	7.55417e-07
2.82000e+06	1.73704e+00	6.03229e-07
2.83000e+06	1.73815e+00	4.70714e-07
2.84000e+06	1.73912e+00	3.56997e-07
2.85000e+06	1.73996e+00	2.61172e-07
2.86000e+06	1.74067e+00	1.82291e-07
2.87000e+06	1.74126e+00	1.19351e-07
2.88000e+06	1.74172e+00	7.12719e-08
2.89000e+06	1.74207e+00	3.68660e-08
2.90000e+06	1.74231e+00	1.47821e-08
